0  9.433258567877987  22.712888797190246  33.31374990392641  73.62864745803627  89.09603582528523  103.72709431344609 
10815  9.411132112829957  22.68213437155154  33.22838307389981  73.4460887790672  88.8901212972769  103.57843018098444 
30047  9.372648871567511  22.638295682184967  33.08876002814083  73.19586650728861  88.64474105945598  103.33771799111626 
61410  9.344748942874306  22.594755588183013  32.98588580867985  72.9787674938327  88.39102317725269  103.13694547175928 
108090  9.315213221178285  22.549715370533512  32.877292345307225  72.75306335436817  88.13327034577809  102.92112348003077 
177429  9.288423771503844  22.506006275574467  32.77845329616822  72.53984253837605  87.88814642239221  102.71798275458953 
288322  9.257618261042523  22.458075608207427  32.667505803436995  72.30974879559517  87.6374215988451  102.49147747044158 
465634  9.224022542864704  22.405813214543702  32.54652999189041  72.05935018404804  87.35871588921948  102.24569313736221 
762071  9.192211728802132  22.353395878412268  32.429400590248356  71.80436353127442  87.07353934208169  102.0009210631016 
1310736  9.155461372263591  22.295238804781924  32.297114851832994  71.52233561259455  86.78386912844903  101.7281669073041 
2146830  9.12019474459991  22.245389390308397  32.16675146070729  71.24744010377132  86.5257258970177  101.47097540046522 
3494478  9.078827710026  22.19747013114686  32.01056839860277  70.93549749081369  86.27287942261854  101.19005954546896 
5546536  9.032520274450192  22.1540821131936  31.831862737126638  70.59519805783972  86.03737069002332  100.89313394600885 
9131332  8.98865969873688  22.115445141403715  31.664500092567657  70.2771037607855  85.83576585225113  100.626985556069 
14917237  8.952213385650971  22.082411444737243  31.529359394381494  70.02407370159943  85.66865237084461  100.42008943918182 
22828875  8.908233039905634  22.04381672680005  31.36475923966911  69.70505899821603  85.48775540841173  100.15620798742569 
31261585  8.880082935320036  22.01137628118739  31.249583203673268  69.44134795954565  85.31320721067222  99.97064092133928 
39558545  8.85467644526001  21.977457435482968  31.14193364461183  69.18649890920913  85.12971839688663  99.79733955236215 
46904785  8.82889965860117  21.939958547016413  31.02993746416864  68.92254045308069  84.93639569113064  99.61544833419758 
53278316  8.805810888868542  21.900151327780915  30.92267455677995  68.6516698085778  84.74078159083994  99.44140998995799 
58888316  8.784769863772642  21.865514439983755  30.821222062976815  68.37701580585717  84.54629510636661  99.27664695752283 
63865367  8.766265718930148  21.83719101393344  30.728326583488265  68.11635701591057  84.36570153517174  99.12641364198491 
68271303  8.749483114850571  21.812066144574864  30.635645190851704  67.84321567434041  84.18504873336839  98.97420506847197 
72254784  8.734886757368931  21.788889077566083  30.54440178579761  67.55237446532608  83.99079548788612  98.81869126742373 
75988570  8.722343933261996  21.76755693824059  30.454479373952037  67.24403898773613  83.77757279720066  98.65934945908646 
79522321  8.711020940626282  21.7483119935455  30.36312839752073  66.91504537523352  83.54641281747442  98.49369973295458 
82885501  8.70024993590771  21.72985398664643  30.26801537047736  66.56312732713306  83.29333419127722  98.31883850056134 
86057862  8.689828973591439  21.711859912665922  30.172524779423917  66.20720359808956  83.02492235231367  98.1406514139043 
89072048  8.680085990482254  21.69444816490095  30.08965201685126  65.8973263995268  82.76899554631102  97.97665594877212 
91964633  8.670754761112663  21.677385783865684  30.01929573102877  65.62525059080268  82.54434036315699  97.8212398528148 
94749461  8.661686031748912  21.660962645099726  29.9572511741295  65.39132005167534  82.3534662357811  97.68324866923099 
97457351  8.652790685783772  21.645788508984992  29.90428714130946  65.22378237493253  82.19500061626016  97.58553622034937 
100104854  8.644244494065427  21.63177019336711  29.860670870994106  65.10409995937017  82.0688156059235  97.51169474835045 
102707554  8.635984844868815  21.618812339772262  29.822052797307705  65.0080356433853  81.97043386657548  97.44957597778705 
105282300  8.627924159962207  21.606370498988312  29.786732809920437  64.92409527229847  81.88828038451315  97.39291310362411 
107845221  8.619918033307352  21.594124142940075  29.753597724193313  64.84778681064931  81.8169413816355  97.33959232438077 
110401852  8.611872852790208  21.581897895898802  29.721813907665403  64.77573417212582  81.75090787059523  97.28781438915564 
112956949  8.603785218465584  21.569667553589255  29.690964735290038  64.70677134885509  81.68861614667179  97.23692103938038 
115525189  8.595847068097878  21.55738724883148  29.661502662542652  64.64122514197834  81.62902878663225  97.18829374694151 
118063925  8.588292924713357  21.545256683304654  29.63390414764316  64.57943683405554  81.57242709101418  97.14202672004897 
120538942  8.581103082278114  21.533361401316036  29.60788781839028  64.52068594766095  81.5189051425319  97.09826146292552 
122972771  8.574098371367313  21.521477129853555  29.582706046436467  64.46358993674113  81.46731918965094  97.05542329523855 
125376174  8.567398882795489  21.509601103398985  29.558776098396905  64.40883748709786  81.41755795047872  97.01395071091038 
127759820  8.56098663821678  21.49777909782182  29.53593680724045  64.35603553314118  81.36920848986986  96.9737836449115 
130132639  8.554785861637844  21.486316028050002  29.514043886539703  64.3049476076618  81.32266257877582  96.93509887723181 
132509559  8.54873632810665  21.474958384500844  29.49282955292367  64.25525750200744  81.27720738240714  96.89759617858111 
134898299  8.542738336398518  21.46373873494533  29.47195372643416  64.20639469768645  81.23283667950385  96.86088579859468 
137310537  8.536760430265225  21.452841448116974  29.451379885370567  64.15825163314773  81.18976284028255  96.82506604072555 
139741095  8.530828196760849  21.44206331594133  29.43104304466665  64.11098989604518  81.1477059849577  96.7899269545138 
142212648  8.524921046367108  21.431208962302225  29.41086283286893  64.06451780501837  81.10619206894009  96.7553807245817 
144718641  8.519064831502028  21.420301813688827  29.390904665854094  64.01901173686073  81.06537242459991  96.72141970786913 
147268013  8.513233091446821  21.40968511318745  29.371220204266873  63.97426959280312  81.02589963860365  96.68798141270969 
149872810  8.50741291258109  21.399079904201823  29.3517972490711  63.93017795543297  80.98725006624353  96.65514015943201 
152538835  8.501612534638241  21.388526170136743  29.332748680682556  63.886758279314805  80.94949442841015  96.62279413149615 
155293506  8.495796123713555  21.377931937019515  29.313948276474296  63.84364255751616  80.91234373162885  96.59078460920317 
158132379  8.489974773550642  21.367227608578805  29.295415322591165  63.80097946246341  80.87559656094736  96.55914699749415 
161063915  8.484118784067329  21.35644688605503  29.27706532390902  63.75858828447259  80.8393185708487  96.52773022191434 
164075202  8.478142507284904  21.345464965436857  29.25863733473041  63.71624648995814  80.8034156069305  96.49596669755165 
167162584  8.472199130459108  21.33433893194205  29.240634089255046  63.674803666568664  80.76789918422867  96.46491021456463 
170340310  8.466179581271351  21.32297458693192  29.222700727341994  63.633683751352855  80.73254964254161  96.43377289419118 
173594721  8.460102280070833  21.31141747657423  29.204878765960853  63.59302982915448  80.69745329903462  96.40259724129199 
176948890  8.453890438689287  21.299688149941794  29.1869384180454  63.55242881648686  80.66243439830322  96.37116346067332 
180405522  8.447551935514497  21.287807542276887  29.168883728160637  63.51191041170517  80.62743313747134  96.33949570440305 
183989060  8.441180161717304  21.275946211247113  29.151261588956494  63.47209726584802  80.59267248627145  96.30826385121678 
187708722  8.434654294059339  21.264407213205885  29.13369584708704  63.43230399372154  80.5583056377246  96.27751947649656 
191577174  8.427929733361108  21.25286761934552  29.116010432179888  63.39214317829321  80.52380997148724  96.24676857873412 
195618587  8.420946504489052  21.24144371367341  29.09801496648734  63.35097286173355  80.4892612300328  96.2158925122668 
199820754  8.413721347161198  21.230172321445263  29.07975479612575  63.30864150223714  80.45464176053227  96.1850396346296 
204139652  8.406241243237115  21.21893328188276  29.061010082022474  63.26501032770396  80.4198804926276  96.1538842191412 
208454118  8.398724547799878  21.207887447200275  29.042171514667846  63.221241804348274  80.38541728580294  96.12299387593234 
212610422  8.391512735066822  21.1974156082678  29.024035139657816  63.17856589618066  80.35207939256183  96.09334213266689 
216619623  8.384450264121678  21.187353778617243  29.006065324635998  63.13626099382118  80.31944317153695  96.06431699034822 
220483530  8.37754721312782  21.177911382317355  28.98836729271168  63.09436662188701  80.28786038791135  96.03593786315373 
224205849  8.370794258035097  21.16886201906806  28.970949127599273  63.05289813625305  80.2571437999079  96.00814686978583 
227785454  8.364228559599201  21.160240933178972  28.953925512664053  63.01179996539405  80.22739505913336  95.98100636509389 
231176030  8.357889034619795  21.152150756186224  28.937227785365238  62.970945535338025  80.19876587758742  95.95436116422187 
234342159  8.351834219374565  21.144521831009474  28.920927478393295  62.93080044335602  80.17087537096772  95.9284295718468 
237265857  8.346069385922524  21.13738644559359  28.905194779852724  62.89145498043416  80.14370404251623  95.90342336477903 
239970680  8.340511602547366  21.130601760002538  28.889872795941848  62.85263876610852  80.11714220139429  95.87911338046646 
