0  9.214856772281152  24.067593091051194  35.66785721777342  77.22395702884978  101.53676304707331  119.57267631261921 
30627  9.200264602431893  24.047252952681966  35.621909023133206  77.12916757639215  101.45342053224233  119.46884154032504 
70107  9.185025432456653  24.025190341746953  35.57311140510604  77.02848838082826  101.36287628063945  119.3564480609942 
120672  9.169227334420393  24.00144653168883  35.5221709140398  76.92301818658811  101.26493612701502  119.23615542499127 
184436  9.15313457258492  23.976439995395292  35.47010549155453  76.81508546112673  101.16275456359533  119.11032864783105 
266181  9.136482116291003  23.94980778854564  35.41647455874013  76.70470251725632  101.0557955658171  118.97868746033211 
370723  9.119427070658972  23.921769722547893  35.36167468751092  76.5911329647043  100.94288686938131  118.84127666625663 
505973  9.101838415953587  23.892227739452792  35.30571313518638  76.47484987836879  100.82603139470113  118.69769495992998 
675972  9.084328194283453  23.862370143406523  35.25032900495522  76.36031965591715  100.70902358182224  118.55508891014769 
884847  9.067292659646256  23.83304435085079  35.1964507546565  76.24709671712328  100.59463681536828  118.41424804718001 
1149573  9.05005337205291  23.80315986631478  35.141773975730345  76.13241648318302  100.47802872608487  118.2715034820685 
1500265  9.031869375096802  23.77161641132912  35.08328129735524  76.00889501091497  100.35564660031486  118.11977436711909 
1970704  9.012728492687046  23.738389275315566  35.021246614135336  75.87689608199476  100.22485192060498  117.95843569505782 
2594396  8.993010969296261  23.704450469830963  34.95676218170894  75.74248005821964  100.09252076909895  117.79550455178425 
3466015  8.971631839420048  23.667845995647454  34.88844904998526  75.59891669948632  99.95170977689966  117.62036174237252 
4781988  8.947024755296985  23.626347029024952  34.81178648391562  75.44193584943035  99.80055128138176  117.42717075397739 
7053105  8.915086712534842  23.574912408317857  34.71751662608615  75.25375264741064  99.62152144254829  117.19048318446127 
10829540  8.876045188344806  23.51848697350147  34.61569718367962  75.05691542697976  99.44769646260637  116.94112366832259 
15829540.0  8.83669724281241  23.470083714704053  34.53405096729418  74.90775108060582  99.33311605161961  116.74932274499801 
20829540.0  8.804801019958212  23.43475105775655  34.47789587376997  74.81146102522712  99.26999154386739  116.62495318694681 
25829540.0  8.777326290318952  23.406023938754995  34.43335354442147  74.73777606521358  99.22671931233454  116.52958387904363 
30829540.0  8.751266045934875  23.38124431032064  34.393110745986526  74.673933627958  99.19302125406453  116.44990434731626 
35829540.0  8.726404687575227  23.35959255129424  34.354839765602826  74.61444008689152  99.16389058448047  116.37912828681668 
40829540.0  8.701472529738894  23.33809921650249  34.31738975588706  74.55605761079326  99.13650252219307  116.3116516370248 
41015609.0  8.700455465416928  23.337267299316714  34.31586032841007  74.553786037013  99.13547601186512  116.3092124445445 
