0  9.214856772281152  24.067593091051194  35.66785721777342  77.22395702884978  101.53676304707331  119.57267631261921 
30627  9.200264602431893  24.047252952681966  35.621909023133206  77.12916757639215  101.45342053224233  119.46884154032504 
73915  9.184807348772342  24.02459060282922  35.57225459920972  77.02665538458545  101.3603926927217  119.35348724326069 
134444  9.168650190565467  23.99976944171444  35.51989037679875  76.91808454167109  101.25795165505596  119.22799223382367 
217706  9.15210606985972  23.97333309014481  35.466033340286  76.80627630805515  101.15004327519453  119.09538261297462 
334473  9.13487436368914  23.94488291311811  35.410216673382074  76.69131716412952  101.03603212656611  118.95559577025811 
497618  9.11720730023936  23.914855127016683  35.353134909464075  76.57264458700381  100.9151855256876  118.8091309653012 
728391  9.098965080569366  23.88323816803009  35.294973426717924  76.45174974450951  100.79094495654923  118.65661701409763 
1040489  9.08109495362931  23.851930799468178  35.23817142560278  76.33370162055954  100.66826025609122  118.507698228143 
1456064  9.06373007867235  23.821402853388893  35.183149324998375  76.2179438217459  100.55016741969256  118.36185785448166 
2035927  9.045728296128903  23.789768011150773  35.125942877864674  76.09786125990914  100.42693473016698  118.21137406114818 
2880789  9.026346962748777  23.756040613158945  35.06332787726533  75.96463683392582  100.29733755518703  118.04880847462692 
4147634  9.00514988753466  23.71961806744028  34.99587989164442  75.82305153738498  100.15552905607905  117.8747553841725 
5984031  8.98263125412997  23.682236520762377  34.92504584679214  75.67601086443983  100.01589939466832  117.69915857430756 
8855150  8.956177434853387  23.639940049893404  34.848446135853735  75.52163825612463  99.86689353723307  117.50945678301294 
13855150.0  8.920213264066252  23.58721029345336  34.75299531787317  75.33477390109257  99.69996340644404  117.2819837928467 
18855150.0  8.88981630289886  23.549613844713456  34.68631169994351  75.21412681716893  99.60530706088802  117.13495998460428 
23855150.0  8.860537226211287  23.518046894388284  34.63257485322041  75.12373467769389  99.54410880776152  117.02353331982934 
28855150.0  8.832041262814288  23.489649278985496  34.58690979204095  75.04953554248942  99.50032699593542  116.93073020418859 
33855150.0  8.805360357943929  23.464115508413506  34.54690922091868  74.98664221103512  99.46690653758968  116.85095978247134 
38855150.0  8.780820522178578  23.441189418360977  34.51197013234362  74.93307130868001  99.44016730483833  116.78102847007506 
41015609.0  8.770603392093527  23.4323066834612  34.49775088336351  74.9121069005316  99.43044786930449  116.7542608649651 