0  9.214856772281152  24.067593091051194  35.66785721777342  77.22395702884978  101.53676304707331  119.57267631261921 
30627  9.200264602431893  24.047252952681966  35.621909023133206  77.12916757639215  101.45342053224233  119.46884154032504 
73915  9.18478879013396  24.02457536383685  35.572222900405386  77.02660483983864  101.36036787414253  119.35344285014948 
134442  9.168586408557026  23.99971067420418  35.51978131787381  76.91790704837824  101.25787140264981  119.22783781170297 
217693  9.151956804603643  23.973194047279094  35.465775293474174  76.80586156384963  101.14985058436493  119.09500276831506 
334450  9.134569792232574  23.94459230711341  35.40968640505353  76.69046564981547  101.03560680734047  118.95480179202208 
497558  9.116639186592774  23.914310479128616  35.35215778167993  76.57103776449559  100.91439005333284  118.80762011525522 
728200  9.09795430676627  23.882272510180634  35.2932902653632  76.44912048248193  100.78968653128473  118.65407521886851 
1039197  9.079420222988041  23.850360442951075  35.235452422660096  76.3293008285085  100.66634646451439  118.50365723609102 
1453447  9.060964618693738  23.81881094487098  35.178714568504354  76.21097436069873  100.54729294994404  118.35544586237023 
2035369  9.040988532058714  23.785258737256544  35.11813201734134  76.0854774434224  100.42127457344395  118.19978140495749 
2871838  9.018554304466981  23.748920698688824  35.05082971617355  75.94457298101031  100.2890575541841  118.03085305468667 
4017159  8.993870204471541  23.711179948505013  34.980929136396426  75.80456632807585  100.15635262837193  117.86339051503079 
5705526  8.962391207513589  23.666870705578404  34.89982376862436  75.64432094912257  100.01442675303868  117.67583825450762 
8773367  8.909229416715524  23.600320052035844  34.78093806237174  75.42616343868598  99.83836402864225  117.42068774965175 
12241641  8.846703792304794  23.537126106897627  34.67034937956508  75.24658612730333  99.72206719413265  117.20863856021076 
16487910  8.77103112732898  23.47020080047824  34.5604936946871  75.08337584498639  99.64035366072747  117.00900083792858 
21487910.0  8.697295726015755  23.413379356524022  34.460729820830224  74.94647553675227  99.58305925912894  116.84453038092015 
26487910.0  8.61835462565188  23.357864328517355  34.35220573973172  74.80454737035797  99.53189422325624  116.70641635183411 
31487910.0  8.527375669221186  23.304226542115764  34.22165091297816  74.64749537956256  99.47881330190988  116.58147680117844 
35650108.0  8.392801714289915  23.21190773017496  34.03848237760895  74.39888161415014  99.39654739168633  116.37054876226782 
40256971.0  8.266539354266506  23.1115698430149  33.87425794970227  74.15218059107825  99.30367834985245  116.12697579697888 
41015609.0  8.252358840801023  23.099497118030616  33.85570939846813  74.12336179757897  99.29235114578891  116.09623215143243 
