0  9.214856772281152  24.067593091051194  35.66785721777342  77.22395702884978  101.53676304707331  119.57267631261921 
30627  9.200264602431893  24.047252952681966  35.621909023133206  77.12916757639215  101.45342053224233  119.46884154032504 
73915  9.18479250758813  24.02457671636709  35.57222930813816  77.02661514230802  101.36037514874923  119.35345181122744 
134442  9.16859959730114  23.999722206694454  35.51980301652448  76.91794346162845  101.25788625224597  119.22786756754681 
217695  9.151987293759328  23.973222948966118  35.46582878438714  76.80594533892157  101.14988906041393  119.09507964109527 
334453  9.134630519261874  23.94465406809554  35.40979379500286  76.69063724902465  101.0356936674463  118.95496300240636 
497571  9.116754137444756  23.914418713072422  35.35235492959277  76.57135677812245  100.91454819729677  118.80792314881288 
728233  9.098160589542267  23.88247035466276  35.29363293568704  76.44965681615089  100.78994434837479  118.65459305508384 
1039447  9.079766163432003  23.850682858032155  35.23600958300805  76.33020107932455  100.66673994664708  118.50448193079563 
1453965  9.061544107993077  23.81934436402171  35.17964318889411  76.21242462901347  100.54788787219309  118.35677041411459 
2036053  9.041983526215441  23.786174915553286  35.119742289182696  76.08797013420747  100.42230088847414  118.20204308427064 
2879672  9.020112002937351  23.750199073596608  35.05306949648599  75.94783297591175  100.28990427375304  118.03344329544387 
4052156  8.996224153865565  23.712766331440452  34.98381359980335  75.80785650383717  100.1553000223899  117.86482250163789 
5779690  8.966711974260459  23.66985700111783  34.904726961093786  75.64939012520227  100.01300660375264  117.67891287458859 
8754659  8.921272156906246  23.61039549996508  34.79826044048484  75.45012572481636  99.84723672973088  117.4443897031799 
12678495  8.861377578467039  23.545766523451427  34.684371747360004  75.25829862175098  99.71328838808287  117.21789758409683 
17154273  8.791469673876959  23.48196955701831  34.579322119464294  75.09808846040708  99.62804764915253  117.02292713291283 
22154273.0  8.726177705705883  23.42786143819729  34.49040265767907  74.97231663183469  99.57182360043367  116.86454969493562 
27154273.0  8.664411494302636  23.380627128135423  34.40779562332228  74.85843329707457  99.52599209106609  116.73332820376363 
32154273.0  8.591972759674212  23.333758639140154  34.305060354727665  74.73043146171256  99.48197983632134  116.626038547572 
37154273.0  8.499154349846735  23.27540554105107  34.174009068432504  74.56530491620673  99.42502120083778  116.48214156086868 
41015609.0  8.376280908293335  23.188334314432353  34.0080441266383  74.33544855897314  99.34862608801963  116.28314788992547 
