0  9.214856772281152  24.067593091051194  35.66785721777342  77.22395702884978  101.53676304707331  119.57267631261921 
30627  9.200264602431893  24.047252952681966  35.621909023133206  77.12916757639215  101.45342053224233  119.46884154032504 
73915  9.18478120348024  24.024571413490225  35.572210260821535  77.02658500367188  101.36036138138827  119.35342505574995 
134440  9.168561437830325  23.99968910936911  35.51973775430414  76.9178383027521  101.25783978800423  119.22777525392725 
217688  9.151896859086985  23.973136247360827  35.46567323533186  76.80569407983687  101.14977211245885  119.09485038081594 
334442  9.134445657244246  23.94448085326364  35.40947148789681  76.69011863038271  101.03543377696943  118.95448017973963 
497529  9.116407967611291  23.914091257065415  35.35176180556759  76.57039765505593  100.91407288678239  118.8070133441 
728114  9.09753663421984  23.881875451262637  35.292595494509705  76.4480497536683  100.78918557068576  118.65304961910464 
1038624  9.078716969273513  23.84970994948778  35.234316731586766  76.32749353838506  100.66559185039416  118.50201275258132 
1452349  9.059767405034135  23.817706292471154  35.17680744830303  76.20800762085248  100.54608821478777  118.35275574836348 
2032646  9.038943099537148  23.783432762190774  35.114900853920815  76.08056996709466  100.4194838599468  118.19547451703468 
2836900  9.015778341175949  23.747086939492263  35.04766553547036  75.9410919656378  100.29023237756225  118.02939738759883 
3938195  8.989037391265093  23.70812193987789  34.975285000506595  75.79840353621978  100.15919812988919  117.86122934248175 
5585908  8.952469793664775  23.659707842921915  34.88768088984357  75.63093654455649  100.01518938970861  117.66618112426282 
8336883  8.89175953983507  23.58988677832266  34.76311798097607  75.41178253328118  99.84938436635592  117.41208820570951 
11188789  8.822765761077571  23.525968190301306  34.65122577121461  75.2404721557123  99.75168912786847  117.21227912431927 
15240943  8.734512034269004  23.450815112296844  34.52884058320012  75.06417559289724  99.66928668229406  116.991218117072 
20240943.0  8.641611772919587  23.381525515707818  34.404153159012  74.89441545175211  99.60234897940572  116.79729324942758 
25240943.0  8.537651406033822  23.318097644840066  34.25473043452915  74.71169283072737  99.54207573256207  116.66197133038325 
28743044.0  8.402658542861152  23.22586315099063  34.070336861997774  74.46167726589687  99.45994216461463  116.45385228170467 
32348031.0  8.273953516833412  23.12386514674134  33.903117670376055  74.21122130479209  99.36649698492099  116.20870947887015 
37348031.0  8.173933071900096  23.039114776092347  33.77180694823165  74.00468107289285  99.28223270097259  115.98470592511944 
41015609.0  8.099175140135094  22.982682518531526  33.66478087414429  73.85067800760014  99.22633546388005  115.86617578582535 
