0  9.214856772281152  24.067593091051194  35.66785721777342  77.22395702884978  101.53676304707331  119.57267631261921 
20483  9.200218071499291  24.047188051825117  35.6217635895046  77.12886547629758  101.4531554652473  119.46850977510596 
49383  9.184753538509888  24.02451487887675  35.57208141435161  77.02629423496889  101.36005997585296  119.353079416698 
89812  9.168585885970352  23.999665374246124  35.51967555778662  76.91763491109367  101.25751930715649  119.22746814065636 
145392  9.152046690168815  23.973227236232127  35.46582588074042  76.80583807226002  101.14960398012263  119.09485160442156 
223354  9.134820479184862  23.944774940543518  35.410012880129756  76.69088294526559  101.0355648768652  118.95504737602114 
332285  9.117167462725401  23.91475658970477  35.352951227242784  76.57221524514922  100.91470824864693  118.80858518643245 
486409  9.098947043245465  23.88315774611148  35.294819355078715  76.45137668889647  100.7904593539191  118.65608709505548 
694789  9.081122006221294  23.85189147336911  35.23808923693213  76.33344290610096  100.66782917270001  118.5072810162634 
972300  9.063822543373623  23.821423331823482  35.1831722808792  76.21784570276834  100.54980629182731  118.36159019908553 
1359422  9.04593085544479  23.789900478731674  35.1261463724741  76.09805765494565  100.42672736722547  118.21139118024284 
1923381  9.026731156470854  23.756345053454172  35.06384305702987  75.96538523946839  100.29737312043069  118.04933218563104 
2769251  9.005835879407934  23.720203469800808  34.99687551054125  75.824446092516  100.15587427061962  117.87587420590101 
3997447  8.983802719157133  23.683237729318776  34.9266996094569  75.67851388495835  100.01656961591043  117.70121360440852 
5918410  8.958284508147349  23.641734062983726  34.85140789212982  75.52588138515583  99.86773663535804  117.51299772046853 
9439427  8.922640721478066  23.58802587625441  34.75377454448127  75.33290593355808  99.69303283727588  117.27771263873704 
14439427.0  8.881652427487243  23.535738772581492  34.660599708715225  75.16251031919576  99.55601291467701  117.06911304446112 
19439427.0  8.843847578305764  23.495570583840994  34.59319778125132  75.04876364086655  99.4813508129836  116.92895640553105 
24439427.0  8.808485592582674  23.460968596483653  34.53839926031343  74.961000125311  99.43238608801286  116.81886507165524 
29439427.0  8.776881750383502  23.430945256294223  34.49280496837003  74.88988589727155  99.39633024469181  116.72700535783 
34439427.0  8.746569769954029  23.404640326203868  34.45044809079813  74.82688562863267  99.36729851113077  116.64792285265453 
39439427.0  8.717092658812582  23.38082671664845  34.40918751548227  74.76667195635584  99.34115628232132  116.57499249943068 
41015609.0  8.70754714464266  23.373137503744452  34.39604433800994  74.74758000763052  99.33320250274807  116.55282881853091 
