0  9.214748306109065  24.067549463342225  35.66758017141654  77.22310102253388  101.53671602160387  119.57082189609014 
15362  9.200109254125147  24.04714204321656  35.6214933034065  77.12800863404644  101.45309921437733  119.46664547578978 
33264  9.187347240016095  24.028425697762952  35.58048161706582  77.04333068079397  101.37623205329204  119.37134514931404 
38664  9.18512228706321  24.024897080858054  35.57372264935177  77.02948062573445  101.36378221516054  119.35441506434155 
68147  9.16927637596206  24.000629807597853  35.522175284087645  76.922543048199  101.26296415771412  119.23132541693404 
108717  9.152990651304291  23.974670004080597  35.46899781645709  76.81206813907583  101.15637862371871  119.10072379307475 
165564  9.136015625710604  23.946683805558596  35.413817431769395  76.69834074106302  101.04369770200184  118.96271765221375 
244978  9.11861272812979  23.91709299739085  35.35732901444871  76.58088148816054  100.92400753762621  118.81796150970388 
357372  9.100685451280375  23.885915440777605  35.29971981706831  76.46078496749381  100.80042039496425  118.66668839964957 
510147  9.083144020069705  23.854946914311665  35.24347076649475  76.34395411044399  100.67829342656857  118.51879864595448 
713417  9.066304175773793  23.82495835920749  35.18926622764651  76.22934661279145  100.56051231316434  118.37413835735013 
794232  9.061419532241414  23.81618673729625  35.17338578141397  76.19582511939433  100.52579191862125  118.33193297235624 
796932  9.061313100728597  23.815994882251523  35.172988178628756  76.19497481837752  100.5250737054879  118.33091046313362 
1109504  9.044091186179893  23.78507273179091  35.11682739074098  76.07649974778052  100.40244957217203  118.18192877340795 
1148580  9.04254630065038  23.78229317714565  35.11162980237077  76.06532006556806  100.39145940441843  118.16823348050424 
1156680  9.042311265430417  23.78187842896542  35.11076573863933  76.06346187544023  100.3898774343476  118.16596509919329 
1627856  9.024284697586888  23.749435857861613  35.050080204432426  75.93281313364994  100.26135716974167  118.00597971366633 
1758491  9.020798184821732  23.743121661581647  35.03829395561163  75.90790696762102  100.23570168456523  117.97500497581414 
1782049  9.02032175973143  23.742305601819286  35.03660599742425  75.9043935378695  100.23260682123468  117.97055277682067 
2383860  9.005465372608116  23.715420399247034  34.98616800022262  75.79849598567637  100.12353014207787  117.83918040135725 
2407418  9.005100043346392  23.714805110334865  34.984906709982305  75.79587010296139  100.12124339770483  117.83582197424893 
3009229  8.994155836548506  23.695059956275944  34.947090376575446  75.71557339122964  100.04200121301467  117.738440254493 
3032787  8.993858339609991  23.694568929167904  34.946085073454036  75.71348635643231  100.04017634888767  117.73574543706661 
3634598  8.985193156795775  23.678822553848818  34.91660122751269  75.65069396135962  99.97665762548318  117.65819884636593 
3658156  8.984941473240688  23.678410861499707  34.91576447324052  75.64895519036814  99.97512594050201  117.65593687863252 
4259967  8.97778311212829  23.66534796908622  34.89166749004525  75.59862278111673  99.92325224123203  117.59262264327099 
4283525  8.977564078864454  23.664989836952653  34.89094882424168  75.59713021072801  99.92195343143162  117.59068297197479 
4885336  8.971466813436233  23.65385687404266  34.87029453081037  75.55413713168352  99.87834746623687  117.53685436123418 
4908894  8.971273950990064  23.65354787382259  34.869670606247674  75.5528309319699  99.8772047922446  117.53514358899383 
5510705  8.965966516942755  23.643862741270034  34.851608693793644  75.51523814051933  99.83975275929726  117.48825749114103 
5534263  8.965793737471396  23.643586436090906  34.85105864583684  75.51409045205418  99.83874352861937  117.48673610198412 
6136074  8.961096024293218  23.63503238986292  34.83507886998973  75.48085714179581  99.80574471471432  117.44519296338949 
6159632  8.960938715807309  23.634784585567388  34.834584708518406  75.47983033618  99.8048419323939  117.44382490979307 
6761443  8.95672404505275  23.62712224766436  34.82029613640474  75.4501840324252  99.77526485887543  117.40653047858451 
6785001  8.956580462194909  23.626895641092805  34.81984882112226  75.44926707420882  99.77443438349559  117.4052867909611 
7386812  8.952758227182526  23.61996518178288  34.80693731779683  75.42253938609817  99.74764688052488  117.37146369326248 
7410370  8.952626202447975  23.61975570818609  34.80653653502429  75.42170618950544  99.74691433285092  117.37033056455597 
8012181  8.949129984364063  23.613441498989182  34.79477601447993  75.39745575375623  99.72255876228296  117.33944712395274 
8035739  8.949007398394397  23.61324905607452  34.7944052317509  75.39669121287335  99.72187281217744  117.33840422720868 
8637550  8.945786576453473  23.60745177983786  34.783622864280076  75.37459045976314  99.69965958182748  117.31010007404757 
8661108  8.945671823512717  23.607273312763894  34.78328282018747  75.37388422904179  99.69902600078227  117.30913203850453 
9262919  8.9426864800293  23.601922206450926  34.773331740052996  75.35362465060035  99.67868515690073  117.2830757721935 
9286477  8.94257947006944  23.60175458308008  34.77301564086224  75.35296488544618  99.67810579376601  117.28217260137022 
9888288  8.93979765304691  23.59679535994107  34.76377657510508  75.3342602387426  99.65939337096074  117.25806637831394 
9911846  8.939696685061154  23.596636934243538  34.763482015480534  75.33364826025867  99.65885412581343  117.25722219677834 
10513657  8.93709224968299  23.592011066925892  34.75486242519499  75.31626466331836  99.64155663521495  117.2348065591039 
10537215  8.936996664072295  23.591868135293527  34.75458600628522  75.3156832016411  99.64105035025239  117.2340074504772 
11139026  8.934548756061178  23.587539765409872  34.74650904596249  75.29942873383283  99.62496521784838  117.21305790152694 
11162584  8.934458400438281  23.587398531159394  34.74625145164286  75.2989016208802  99.62451314629003  117.21231572828142 
11764395  8.932148880959502  23.58333459039164  34.7386593464114  75.28363453660332  99.60952433914538  117.19264971706 
11787953  8.932062745314449  23.58320296379407  34.73841403275939  75.28312436109405  99.60907702504407  117.19193807969347 
12389764  8.929876843542269  23.579374078607987  34.73126052388152  75.26874157099236  99.59503354603542  117.17341593227412 
12413322  8.929794424518155  23.57924801515919  34.73102837391851  75.26825544030402  99.59461013522493  117.17274025516394 
13015133  8.927720376776957  23.575629529400185  34.724268480803005  75.2546660600262  99.58138796060636  117.15523389954025 
13038691  8.927641342418827  23.575507842168037  34.72405199840593  75.25420986273382  99.5809871072907  117.15459208705364 
13640502  8.925667847202943  23.572078300336457  34.71765300369311  75.2413343042125  99.56847789333413  117.13799865374844 
13664060  8.925592276500348  23.571962616745036  34.71744460758413  75.24089976852258  99.56810159892731  117.13738627180412 
14265871  8.923709656899948  23.568704446119494  34.71137740178341  75.22867519805067  99.55624073467037  117.12161800609184 
14289429  8.92363727974218  23.568596222116252  34.71117661689825  75.2282599742603  99.55587724090871  117.12103186135637 
14891240  8.921839425173197  23.565486640827288  34.70540937029877  75.21662726421904  99.54459634461924  117.10600884631583 
14914798  8.921769445689987  23.56537974663671  34.70521960360266  75.21622942580463  99.54425074667932  117.10544570639547 
15516609  8.920047111171248  23.562420808308172  34.699728346581026  75.20514213403249  99.53350080055031  117.09110554370793 
15540167  8.919979368982267  23.56231688918485  34.699545517101356  75.20475836700234  99.53316415348102  117.09055670376483 
16141978  8.918327582993346  23.559487626443147  34.69431422573492  75.19417313900011  99.5229178582921  117.07682967921055 
16165536  8.918262251485723  23.559388030878466  34.6941339263538  75.19380558116852  99.52259338223965  117.07630851724113 
16767347  8.916675344179998  23.55667963984255  34.68913852495466  75.1836868872368  99.51279642653063  117.06315420503469 
16790905  8.916612266577264  23.55658247526189  34.68896827254403  75.18333497188928  99.51248946903458  117.06265244327237 
17392716  8.915084857144084  23.55398522794839  34.68419365897847  75.17366263006636  99.50313021370482  117.05003672831432 
17416274  8.91502378611303  23.55389449599096  34.684027674534825  75.17332097827173  99.50283465270701  117.049551358253 
18018085  8.913552002678292  23.551402984716873  34.67945612445868  75.16406832019551  99.49387879232317  117.03744193278074 
18041643  8.913492470618628  23.551309974122365  34.679297438809996  75.16373655006048  99.49359785668187  117.03697225687675 
18643454  8.91207222143882  23.548914884653193  34.67491622573346  75.15487729672145  99.48503160204815  117.02533764359028 
18667012  8.912013945829262  23.54882612681247  34.6747622533059  75.1545581514719  99.48475550385699  117.02488318675937 
19268823  8.910641686333266  23.546518963800793  34.670560034195496  75.14607142986311  99.47655435032493  117.0136990898569 
19276113  8.910624798603942  23.546491838711752  34.670511602269286  75.14597634226332  99.47647197663937  117.01356065064147 
19862265  8.909330313958158  23.544322899743655  34.66657549157396  75.13804223378551  99.46880172231016  117.00306286696257 
19874286  8.909302574455536  23.544283653584912  34.66650131471903  75.13788699336504  99.46867471380958  117.00284844939574 
20460438  8.908047227883232  23.542189148191625  34.66270657244348  75.1302619324674  99.46131650634298  116.99272818658504 
20472459  8.908019647524533  23.54214732785516  34.66263478177543  75.13010898893106  99.4611838641885  116.99251063092827 
21058611  8.906800582327831  23.54011995890279  34.65897847107556  75.12277129971143  99.45410197191055  116.98274037010155 
21070632  8.906774077468922  23.540079764282865  34.65890429538184  75.1226269774676  99.45397790388121  116.98253426108147 
21656784  8.905589639389643  23.538118452200795  34.655367997103674  75.11556052361401  99.44716414373475  116.97309553085528 
21668805  8.905563145208415  23.538076163245197  34.65530256389976  75.11541754538798  99.44704321780172  116.9728927528426 
22254957  8.904410769576764  23.536176953124063  34.651882425569525  75.10860050072965  99.44047954290681  116.96376834481292 
22266978  8.904384861111572  23.53613822243313  34.65181609112203  75.10846362870316  99.44036211668558  116.96356950723168 
22853130  8.903262910695478  23.534294499277014  34.64850801608473  75.10188522504457  99.43404138208041  116.95474337047602 
22865151  8.903238104578518  23.53425511296602  34.64844311873885  75.10174975398266  99.43392082067668  116.9545466974446 
23451303  8.902145388524612  23.53246369219404  34.64523724917291  75.09538797246834  99.42781863126706  116.94599741021462 
23463324  8.902119974367633  23.532425885986076  34.64517527432668  75.09526290561323  99.42770549945185  116.94581006047882 
24049476  8.901054406962864  23.530683681427117  34.642066474358785  75.08911840520207  99.42181594538751  116.93752947587718 
24061497  8.901029908165455  23.5306496491331  34.64200380506483  75.08898869884453  99.42170498983373  116.93734349737252 
24647649  8.899989612216862  23.52895679671504  34.638987015811495  75.08303954979093  99.41601069016188  116.92931400731739 
24659670  8.899965541406859  23.52891951594175  34.638925504760216  75.08291101146547  99.41590222027776  116.9291322477715 
25245822  8.89894968305731  23.52727027776457  34.63599492358525  75.07714779089822  99.41039721073182  116.92134210504568 
25257843  8.898926127782374  23.527237476353402  34.63593311606205  75.07702320817066  99.41029070574724  116.92116326101959 
25843995  8.897932885685787  23.52563341212603  34.63308744045827  75.07143028564866  99.40496089592037  116.91360259627088 
25856016  8.897910175268244  23.52559969435174  34.63302453308102  75.07130633103074  99.4048580640922  116.91342344742226 
26442168  8.896939561548269  23.524035930611973  34.63025295364811  75.06587613094366  99.39969341848483  116.90607275179006 
26454189  8.896916291363818  23.52400145966676  34.63019547200341  75.06575524785501  99.3995915095072  116.90590075871319 
27040341  8.895967047695619  23.522478396400928  34.627494968835464  75.06047530064004  99.39458539191698  116.89875220949727 
27052362  8.895944608658903  23.522441952584852  34.62743883470378  75.06035699669701  99.394484576345  116.89858317240731 
27638514  8.895014539485485  23.520957321406996  34.624806405027826  75.05522001210998  99.38962721643585  116.89162608272966 
27650535  8.894992290441762  23.520922217444408  34.62474980326645  75.05510327727966  99.38952806566091  116.8914603197505 
28236687  8.894081931538524  23.519469563483316  34.622187295314646  75.05009962122504  99.38480973248377  116.88468062028683 
28248708  8.894059523343234  23.51943471347797  34.622128831809  75.04998113877396  99.38471269078349  116.8845186973036 
28834860  8.893167548137857  23.518015637452574  34.61962470033597  75.04510162861102  99.38012599539286  116.87791800337496 
28846881  8.893145717730944  23.517983548033385  34.61957037353207  75.04499419383687  99.38003162475094  116.8777587552273 
29433033  8.892270201565468  23.516596678672016  34.61712462198981  75.04023184702952  99.37556869856917  116.87131537931786 
29445054  8.89224956656619  23.516564884650833  34.61707054313511  75.04011796362691  99.37547645763125  116.87115716907203 
30031206  8.891391023381876  23.515205980815946  34.61468079663585  75.03547101947754  99.37113447368154  116.86487226671629 
30043227  8.891369892408726  23.51517468516106  34.61462976742151  75.03536187403103  99.37104738752289  116.86471826353218 
30629379  8.89052705055856  23.51384768443807  34.61229445493744  75.0308181006231  99.36681341392999  116.85857661377506 
30641400  8.890506591886059  23.513814075227575  34.61224288942734  75.03070926431847  99.36672352723343  116.85842263893348 
31227552  8.889679106749334  23.512515912282385  34.60995915000227  75.02626494125838  99.3625983986476  116.8524224113516 
31239573  8.889658982733025  23.512487590815553  34.60990439799748  75.02615821362251  99.36251200415388  116.85226975644768 
31825725  8.888846514596217  23.511213136323015  34.607673912049606  75.0218080856787  99.35848874435159  116.84640349512631 
31837746  8.888826186976749  23.511181245774658  34.60762420769391  75.02170344587053  99.35840323444697  116.84625402183542 
32423898  8.888027464446376  23.509934721760406  34.60543614899148  75.01744309542438  99.35447653536738  116.84051390363139 
32430648  8.888015944527082  23.50991674616369  34.605408849741  75.01738496233384  99.35442716596542  116.84043029043062 
33080995  8.887144856004808  23.508559525162738  34.60303060231879  75.01275307648693  99.35016071050869  116.8341888658033 
33091795  8.887127061068766  23.508533372532597  34.60298937947279  75.01266235441022  99.35009932760308  116.83406280424718 
33742142  8.886271683345704  23.50720367709826  34.60066593582176  75.00813220071285  99.34595093791526  116.82796380924286 
33752942  8.886254209634618  23.50717758508662  34.600620178469  75.00804057212558  99.3458735039782  116.82783810403792 
0  9.214748306109065  24.067549463342225  35.66758017141654  77.22310102253388  101.53671602160387  119.57082189609014 
15362  9.200109254125147  24.04714204321656  35.6214933034065  77.12800863404644  101.45309921437733  119.46664547578978 
33264  9.187347240016095  24.028425697762952  35.58048161706582  77.04333068079397  101.37623205329204  119.37134514931404 
38664  9.18512228706321  24.024897080858054  35.57372264935177  77.02948062573445  101.36378221516054  119.35441506434155 
68147  9.16927637596206  24.000629807597853  35.522175284087645  76.922543048199  101.26296415771412  119.23132541693404 
108717  9.152990651304291  23.974670004080597  35.46899781645709  76.81206813907583  101.15637862371871  119.10072379307475 
165564  9.136015625710604  23.946683805558596  35.413817431769395  76.69834074106302  101.04369770200184  118.96271765221375 
244978  9.11861272812979  23.91709299739085  35.35732901444871  76.58088148816054  100.92400753762621  118.81796150970388 
357372  9.100685451280375  23.885915440777605  35.29971981706831  76.46078496749381  100.80042039496425  118.66668839964957 
510147  9.083144020069705  23.854946914311665  35.24347076649475  76.34395411044399  100.67829342656857  118.51879864595448 
713417  9.066304175773793  23.82495835920749  35.18926622764651  76.22934661279145  100.56051231316434  118.37413835735013 
794232  9.061419532241414  23.81618673729625  35.17338578141397  76.19582511939433  100.52579191862125  118.33193297235624 
796932  9.061313100728597  23.815994882251523  35.172988178628756  76.19497481837752  100.5250737054879  118.33091046313362 
1109504  9.044091186179893  23.78507273179091  35.11682739074098  76.07649974778052  100.40244957217203  118.18192877340795 
