0  11.002806761443706  24.123413446378738  38.122531909691844  81.15628403813359  92.9303941769652  136.19035207083624 
0  10.497262244605896  23.658951445945085  36.48541880089436  78.94597965678525  91.51863097574697  128.9610794349212 
0  10.497262244605896  23.658951445945085  36.48541880089436  78.94597965678525  91.51863097574697  128.9610794349212 
0  10.497262244605896  23.658951445945085  36.48541880089436  78.94597965678525  91.51863097574697  128.9610794349212 
0  10.497262244605896  23.658951445945085  36.48541880089436  78.94597965678525  91.51863097574697  128.9610794349212 
0  10.136335493528053  23.326594272829194  35.389586796350976  77.51846433320009  90.64576498118112  123.12171427367825 
0  9.518373123953317  20.058409640940415  37.95808559939954  83.65637196469439  99.89159033496267  141.32489440851901 
0  10.402493173971422  20.815383839373478  40.45005243388458  87.75700770706152  102.01389821211318  151.3902803109579 
0  10.095577998867356  20.53868705832151  39.570095279807326  86.22750179860624  101.21708388088315  148.24341659217677 
0  10.095577998867356  20.53868705832151  39.570095279807326  86.22750179860624  101.21708388088315  148.24341659217677 
0  10.089059147798254  20.453264064612156  39.533523194212876  86.17253000463596  101.11847870500911  148.03969832840352 
0  10.089059147798254  20.453264064612156  39.533523194212876  86.17253000463596  101.11847870500911  148.03969832840352 
0  10.09041095066591  20.490174616982152  39.546334956766934  86.18769284231253  101.16163044010608  148.09458579404702 
0  8.416550936547612  19.684724241682467  34.17976620713485  77.0806856329371  99.09110685216287  118.24041232741489 
0  8.806147133591857  22.232792068187905  31.57239079967032  67.6659409293753  86.89563257667098  91.40864973449173 
0  9.755261276426499  24.631693276092825  34.98363350614125  74.95150184434162  96.28575441063309  101.26341569853024 
0  11.809633211732036  26.353852441055576  40.96336667388443  88.20788976376284  101.86028599627352  145.13218321712725 
0  11.809633211732036  26.353852441055576  40.96336667388443  88.20788976376284  101.86028599627352  145.13218321712725 
0  11.809633211732036  26.353852441055576  40.96336667388443  88.20788976376284  101.86028599627352  145.13218321712725 
0  9.26242099864704  21.049399004063783  34.772298534081976  73.04817816106092  89.60945865322608  113.43717488486139 
0  10.26263728887724  21.925635102060873  37.797643937208804  78.39172214969953  92.40560042237318  131.2672317105034 
0  8.24331381134985  17.299780186586652  32.82634883288501  72.28111178813695  86.14587723226381  122.48166395062627 
0  8.5646375077295  19.308142689640135  33.98037430261896  72.64989296340197  88.47619328335067  112.25421070666016 
0  8.24331381134985  17.299780186586652  32.82634883288501  72.28111178813695  86.14587723226381  122.48166395062627 
0  8.558007959044035  19.278176749562586  33.96591016362635  72.52588693476936  88.53408994495248  109.1572750268556 
0  7.477568909022746  18.965476834100368  30.56369503062132  67.85838913089641  87.87547123476018  98.17045362016859 
0  7.4936378326450095  19.235636905731695  30.729509299311992  68.37559193360207  89.0025891287393  102.65081582511138 
0  7.9609155213721605  20.85555344060469  28.8769433089903  66.46614910638237  82.62870912191494  103.43897623900604 
0  11.251788013523617  29.41963733435021  40.77321305071381  93.84911542615696  116.57400961136418  145.41613854244181 
0  9.746687464890462  25.507406649432507  35.33530805340561  81.33096206582712  101.06455731311522  126.28777789571274 
0  9.41674458633731  24.648757262371575  34.142577892987816  78.5854785238269  97.66114324390972  122.07826139541751 
0  9.41674458633731  24.648757262371575  34.142577892987816  78.5854785238269  97.66114324390972  122.07826139541751 
0  9.299638182059667  24.337463171885155  33.7145908943292  77.60057138068194  96.42904940312609  120.49536198095312 
