0  9.214856772281152  24.067593091051194  35.66785721777342  77.22395702884978  101.53676304707331  119.57267631261921 
45964  9.200257343234101  24.047243418472092  35.62188698836572  77.12911964406645  101.45338141232381  119.46878802512626 
139577  9.1838148858848  24.021908036888213  35.56843737392059  77.0185361202823  101.34942776897775  119.34039155956339 
326442  9.166167527062925  23.992710151029637  35.51034705831373  76.8975599872911  101.22900619779159  119.1942341980099 
689940  9.148004602219004  23.961494617374022  35.45070220654591  76.77365327977495  101.10351621782772  119.04015794562044 
1419556  9.12833739983473  23.92738145107632  35.38782832921858  76.6447405292769  100.96970470640429  118.87730492049728 
2859083  9.106766722259565  23.890919558223892  35.32225528588436  76.50926914250128  100.83081912651446  118.70648329914633 
5591147  9.080388770721028  23.85064797288257  35.25114662592128  76.3703406558681  100.69511698835382  118.53335590986714 
9950785  9.043524058030988  23.80459439210741  35.16817869761803  76.21680676597437  100.56839666554602  118.35776797807135 
15008771  8.987643767986526  23.7497427436285  35.06349513203322  76.04364975564665  100.45978443506054  118.18502093693097 
19447639  8.912005871559948  23.687266882030098  34.942150742667074  75.86887511409093  100.37369378843316  118.02321409827728 
23947046  8.805004076171693  23.610063225348064  34.78718001219979  75.66925504396794  100.29732511808075  117.83255565609862 
32439881  8.661620792462902  23.50755729629767  34.60147976918216  75.43027923793697  100.21035509249455  117.56322729890198 
41015609  8.538386209290755  23.429315547401817  34.43018655132435  75.21172753418881  100.14802429554508  117.41579058430455 
0  9.214856772281152  24.067593091051194  35.66785721777342  77.22395702884978  101.53676304707331  119.57267631261921 
30627  9.200264602431893  24.047252952681966  35.621909023133206  77.12916757639215  101.45342053224233  119.46884154032504 
73915  9.184816767799347  24.024599127344754  35.572271057140576  77.02668146716151  101.36040436997902  119.35351074735034 
134444  9.168683068733085  23.999797218665634  35.51994907336483  76.91817794564588  101.25799756195433  119.22808236193704 
217709  9.152183307965366  23.973402976498402  35.4661697144145  76.80649564898923  101.15014662017305  119.09558563363996 
334479  9.135031243593025  23.945030986536775  35.41049146880154  76.69176241182868  101.03625802984611  118.956012197969 
497621  9.11749923252166  23.91513737974328  35.35364234563786  76.57347007542288  100.91561410653827  118.80993034828415 
728460  9.09947370583992  23.88373424326906  35.29582621629259  76.45309426181191  100.79160007141715  118.65792844782416 
1041149  9.081916689181131  23.852709106034204  35.2395158797683  76.33590396948604  100.66922816482253  118.50973859303431 
1457495  9.065042161231567  23.82265405600323  35.18525810656393  76.22129282761856  100.5515627333496  118.36497899107556 
2036549  9.047877492884211  23.791877187445355  35.12949806420772  76.10362913016586  100.42972628849124  118.21688997569748 
2879060  9.029824918668194  23.759472802286787  35.069286666448996  75.97491196154688  100.30209925344876  118.0584261402473 
4129986  9.010955674072552  23.725463328163308  35.00589219867667  75.83926877352704  100.16448398404233  117.89062811497217 
5934802  8.99216001390719  23.69175600228773  34.94135695829005  75.7039869760829  100.02963564780205  117.7257398653468 
8726903  8.972219464809452  23.65579034506104  34.87430405947903  75.56185792219247  99.88603743537114  117.54949616781651 
13439442  8.949987383839757  23.615760972078444  34.79971042838016  75.40759094606058  99.7334132846256  117.35707111749944 
22713687  8.922478493025816  23.567376652620784  34.70970905309398  75.22434293666811  99.55130058806722  117.12250019904343 
41015609  8.891405374462936  23.51648214363236  34.61489880960751  75.03547834566378  99.37409698075972  116.8805807387533 
0  9.214856772281152  24.067593091051194  35.66785721777342  77.22395702884978  101.53676304707331  119.57267631261921 
30627  9.200264602431893  24.047252952681966  35.621909023133206  77.12916757639215  101.45342053224233  119.46884154032504 
73915  9.184815222955036  24.02460175340163  35.57226886031392  77.02667729873698  101.36040053794231  119.35350707666761 
134445  9.16867800416454  23.999792187229033  35.51993892290102  76.91816218983617  101.25798831125013  119.22806292349368 
217710  9.152171317451709  23.973390432988264  35.46614979546827  76.80645997311433  101.15012928828965  119.09555272057976 
334482  9.135006703805024  23.945007707916513  35.41044789291654  76.69169099342976  101.03621945880201  118.9559438774546 
497632  9.117453467750101  23.91509280271324  35.35356072287833  76.57333122417252  100.91554075158632  118.80979779127729 
728465  9.099395534893675  23.883655580934196  35.29569175039369  76.45288268102263  100.79149416046819  118.65771945504909 
1041058  9.081791523224659  23.85259225939942  35.23930977358407  76.33556465864477  100.6690834823956  118.50942067615281 
1457261  9.064846037649783  23.822467854759214  35.184941003776096  76.2207930693876  100.55135570535295  118.36451213114283 
2036416  9.047560721933776  23.791564000998775  35.12897484364949  76.10277192850344  100.42930802202528  118.21606343631333 
2879213  9.029322298269934  23.758973468888282  35.068421455325904  75.97340062758208  100.30140345369598  118.05700964596305 
4132741  9.010135188075337  23.724615588430034  35.00447095426842  75.83690586345887  100.16312223966663  117.88826892095398 
5942289  8.99086418014093  23.690424178846058  34.93907597347855  75.69998463766348  100.02767384225004  117.72193447360644 
8759343  8.97006142026173  23.65348866744203  34.87061799751402  75.55578704922763  99.88250711629898  117.54306452275942 
13591117  8.946044719387558  23.611416234024002  34.79244908955046  75.39497741374015  99.72611581989658  117.34365231585852 
23354772  8.914444751590308  23.558624789020683  34.69511750116678  75.20052611397608  99.53719786579741  117.09540664583903 
41015609  8.878933571131117  23.50620641433801  34.600208950745056  75.01508125197329  99.37234695787747  116.85878914707223 
