0  9.433258567877987  22.712888797190246  33.31374990392641  73.62864745803627  89.09603582528523  103.72709431344609 
20480  9.410018168112256  22.682671580300383  33.226383284345864  73.44845710109956  88.91079098934976  103.57875041431559 
33264  9.401143232295432  22.66988254027296  33.19453762321906  73.38340167381882  88.83951914804464  103.51930499141919 
38664  9.395168937814656  22.662701417217598  33.174171527175496  73.34586080126029  88.80295436420747  103.4821127195984 
92864  9.365106767477466  22.618369972066166  33.06583919237311  73.12304360079547  88.55766625357738  103.27773241153628 
182616  9.329026979516502  22.568499246090294  32.938020625011795  72.87340960078626  88.29523581282777  103.03582827937191 
316681  9.29695306817534  22.51885973222876  32.824937251010645  72.63918152666689  88.02961147860056  102.80758866529028 
511116  9.265648318973833  22.468853821498556  32.71414735735995  72.40495201183643  87.76092474990182  102.5809228639241 
794232  9.23263393227493  22.41700310614512  32.59888652179176  72.16221928335882  87.48381821929759  102.34317928631698 
796932  9.232438494032017  22.41669080499628  32.598203961404266  72.16081186945722  87.48235100978185  102.34177674334461 
1148580  9.200250728773932  22.370118888951122  32.48478214576435  71.92965001546601  87.23117628217632  102.11540052060333 
1156680  9.19986545370215  22.369541048966646  32.48344892097117  71.92699151205716  87.22865417522236  102.11273810045712 
1606348  9.160498546830155  22.32082742004644  32.338577792638496  71.64681428742321  86.9559753230134  101.84980923613567 
1758491  9.141728015247484  22.30412356068272  32.2691944181173  71.52924047673855  86.8660983457786  101.73715894629997 
1782049  9.14103807108723  22.303235727803944  32.266815378984916  71.52478420022462  86.86256416290482  101.7327517890661 
2198031  9.099896256975368  22.262118570637604  32.11046394136729  71.23409504030975  86.61971808645012  101.46529067969745 
2383860  9.078946667120169  22.243588131413418  32.03084318149445  71.09078141134312  86.51044100924109  101.32481552912286 
2407418  9.07837957101757  22.242861683277138  32.028761179463345  71.08650625186958  86.50707918709962  101.32106470196864 
2821319  9.049441955456011  22.21076116982806  31.90769646107976  70.82166972888605  86.27438227346909  101.1160297891011 
3009229  9.029706814552414  22.194683778546583  31.830360364032376  70.67424696420052  86.16888303794843  100.99368153907577 
3032787  9.02892014234539  22.19383559972103  31.827263851130603  70.66769378230568  86.1639696963923  100.98842564636152 
3487494  9.000380256306169  22.16429009505413  31.7026041439453  70.37825195906753  85.92709747444354  100.7763653909181 
3634598  8.991384276201487  22.155773437130588  31.662326072216185  70.2824811711772  85.85423243187853  100.709426258794 
3658156  8.990463742843298  22.154816079828073  31.65832377378081  70.2729879463828  85.84719721681732  100.70275014801297 
4140670  8.964513564962443  22.129018638398467  31.534899302971418  69.9591015698187  85.60703951207016  100.49442798740172 
4259967  8.958278673692217  22.12328623839751  31.50461828501895  69.88060550930561  85.55081079621331  100.44350321176108 
4283525  8.957129763482845  22.122185991754026  31.49933627133247  69.8674763873302  85.54159128475662  100.43455664695121 
4816410  8.932620827393944  22.098345450908994  31.37273942382612  69.51874224109524  85.28953635231521  100.21890755247699 
4885336  8.929642551313192  22.09551768223928  31.356748867450495  69.47364822917594  85.25772380283337  100.19177894522507 
4908894  8.928248005595558  22.09427595461625  31.35016168311835  69.45697599689566  85.24678441923959  100.17992914351467 
5510705  8.906864738862486  22.07161600336318  31.223429117281366  69.07092017248789  84.9667446070784  99.95970731169005 
5534263  8.906022379118204  22.07064444253265  31.218273692584706  69.0544678498636  84.95507925948726  99.95037563943976 
6136074  8.88690123444309  22.05007281364434  31.094038163093757  68.65480318734494  84.66659081605086  99.73097385685934 
6159632  8.88612173641154  22.049143919491037  31.088771266175424  68.63706801446256  84.65417684025468  99.72146322353423 
6761443  8.870451507463033  22.031472012316616  30.97604033202147  68.25287161644764  84.37168674861901  99.5182340494222 
6785001  8.869661189766097  22.03054390335238  30.97047892961932  68.23389302664853  84.3585804199337  99.50808970368115 
7386812  8.855287747489543  22.014441802789555  30.863356932919793  67.86377015047077  84.0869054185751  99.3139693668566 
7410370  8.854564390288477  22.013548777916082  30.857804750440263  67.84413962308001  84.07329827166674  99.3038315753251 
8012181  8.842602956765688  21.99940120498204  30.760634288004315  67.49575300980159  83.81171341437037  99.12404921608328 
8035739  8.84192657780218  21.998518686719848  30.755021309554397  67.47535879492904  83.79739341770711  99.11363921629444 
8637550  8.830911087190351  21.98559903049097  30.664582009305665  67.15337672186153  83.55030051341178  98.94693872634245 
8661108  8.83019131463119  21.98468294119479  30.65861315375432  67.13226732775797  83.5351109176954  98.93620112605244 
9262919  8.819325403612405  21.972508335107946  30.571655026008976  66.83256066217987  83.30179348080459  98.78060928016505 
9286477  8.818246366402462  21.97139246905469  30.564122889011735  66.80866664361689  83.28568760579034  98.76781102761119 
9888288  8.808263906101937  21.960462624164172  30.486492120591194  66.54860494094001  83.08185507112323  98.63083785670898 
9911846  8.807469260890878  21.959457167148322  30.479968897137837  66.52641821111719  83.0655824212683  98.6195589993478 
10513657  8.799703895302834  21.950576871468222  30.41648473442692  66.31308632578866  82.90079741773872  98.50914865076349 
10537215  8.799031173301183  21.94960935748837  30.410236829289648  66.2906679933695  82.88528023281783  98.49797482830455 
11139026  8.792019659273768  21.94190943484064  30.355584924385184  66.11183164776187  82.75807040430223  98.4029154996032 
11162584  8.791314683711477  21.940931248181865  30.349554047406915  66.09059259125146  82.74335906505557  98.39187138844792 
11764395  8.783980104397887  21.93391215140297  30.303156158715048  65.95570650032228  82.64658616374301  98.31209926834342 
11787953  8.783253147942052  21.9329881807134  30.297939609783132  65.93893897871493  82.63327614077548  98.30258907842385 
12389764  8.778408858578477  21.928002715081025  30.265944384242477  65.8467372684904  82.5570332288467  98.24996577128775 
12413322  8.777768567948693  21.927152486413707  30.26130391054566  65.83202469463787  82.54447007562484  98.24165863321514 
13015133  8.77350481859619  21.922802625190073  30.233580374364365  65.75406108284719  82.48068390841992  98.19721684956664 
13038691  8.772829904420615  21.921945790570668  30.229021792453313  65.73999749501304  82.4688774640969  98.18899551600364 
13640502  8.768908973608362  21.91805328778839  30.2054390818869  65.67485438005593  82.41747473894247  98.15084140825479 
13664060  8.768156616112408  21.917170160700923  30.200993020300704  65.66191018113238  82.4069475626075  98.14254815226174 
14265871  8.764684707645033  21.9138070401915  30.182267011899043  65.61268476514523  82.36716020022706  98.11211110147833 
14289429  8.76402890202934  21.913023807846727  30.17865761478495  65.60245891320989  82.35821791673163  98.10546776542968 
14891240  8.760684530589469  21.9100224962123  30.16278503949072  65.56243444646765  82.3268872651317  98.07886544336269 
14914798  8.7600102252658  21.909258748038017  30.159373984991408  65.55338304797534  82.31894605694067  98.07274815949616 
15516609  8.756817328912364  21.906482328625742  30.145119318815578  65.51917143184185  82.293089839385  98.04950368637668 
15540167  8.756142938773769  21.905721817536715  30.141791501362114  65.51042526850237  82.28576889328316  98.04351462320072 
16141978  8.753056632883109  21.90308390896135  30.128433565046965  65.4792170505495  82.26298621605376  98.02201682926825 
16165536  8.752344843675605  21.902306481277204  30.125011716224552  65.47060367508436  82.25590489291548  98.01606943310371 
16767347  8.749260216655063  21.89975909650532  30.11208325083449  65.44200805696744  82.23561594589961  97.99617412856246 
16790905  8.74850820128215  21.898961063454404  30.10854513168599  65.43352363488292  82.22874244206693  97.99029270091481 
17392716  8.74531232601024  21.896412138365765  30.095504035328972  65.40640709208536  82.21048731046771  97.97100414938151 
17416274  8.744493582372929  21.895572187494484  30.091692015703103  65.39765980220068  82.203682030735  97.96484991499341 
18018085  8.741542400499215  21.893209388984406  30.079785471249238  65.37334339393949  82.18720431579654  97.94782068727133 
18041643  8.74081439716403  21.892409650792466  30.07634070200743  65.36533491678426  82.18049597285935  97.94231306025083 
18643454  8.738163282010586  21.8902434890992  30.06571568643863  65.34364375050117  82.16552408486903  97.92723099338069 
18667012  8.737423324361  21.889429235889025  30.062214700841267  65.33569814507706  82.15888956139021  97.92175308920436 
19268823  8.734732162932552  21.887263898640906  30.051604651155607  65.31466002399597  82.14496924922153  97.90670880561262 
19276113  8.73451291514793  21.887011461268255  30.05054703261809  65.31221740673423  82.14286524523727  97.90501582466388 
19862265  8.7322636108075  21.88512560856605  30.041627004764187  65.2939309578883  82.1300322308557  97.89242541464111 
19874286  8.731854414140724  21.884678645546153  30.039693200979617  65.289604435169  82.1264382775559  97.88939033734442 
20460438  8.729542933171079  21.882776559460027  30.030586782876785  65.27119109263673  82.11403324252925  97.87648431289306 
20472459  8.729145378335996  21.882328238734512  30.028669281853173  65.26683013757518  82.11035060480542  97.87341584788147 
21058611  8.726934488527036  21.880489242433207  30.020017027376937  65.24932674967174  82.09846398533486  97.86099870198265 
21070632  8.726560486200825  21.880048368081532  30.018161405278445  65.24500603157935  82.09468487601983  97.85805678309711 
21656784  8.724557212437121  21.878331586746917  30.010297629314064  65.22872313887497  82.08329937923341  97.84670650162079 
21668805  8.72420402264179  21.877893699589155  30.008495245949636  65.22441262645039  82.07941812184285  97.84378288998177 
22254957  8.722380076363752  21.876294561109333  30.0013589423729  65.20941561297235  82.06849304453507  97.83380499937402 
22266978  8.722016369097997  21.87584658834441  29.999498376814177  65.20496788636011  82.06449673819316  97.83079813916085 
22853130  8.720190010581588  21.874254394927007  29.992409078118115  65.190158703643  82.05386790908952  97.82066068263215 
22865151  8.71981731290312  21.87379623595168  29.990493100322112  65.18557234797841  82.04974181338522  97.81756435217486 
23451303  8.718004497669337  21.872233411501316  29.983499814503872  65.17107451189173  82.03939613916089  97.80794532694186 
23463324  8.71759274750824  21.871746310974334  29.981420480221704  65.16618637473887  82.03512814433287  97.80457965698733 
24049476  8.715770884631933  21.87018904828233  29.974407471634258  65.15175844978454  82.02499991822118  97.79506534781603 
24061497  8.715369504587853  21.86970412659438  29.97234055215055  65.14683104286257  82.02060331260417  97.7917221234741 
24647649  8.713571672305811  21.86816360679839  29.96543300987616  65.1326532311804  82.01069639699266  97.78237593979027 
24659670  8.713176033552143  21.867675261192613  29.963363843157587  65.12765603831659  82.00618745230565  97.77902998153482 
25245822  8.71137023851788  21.866136119899426  29.95642883617319  65.1134944819912  81.99641262790496  97.76978100294983 
25257843  8.710963362282483  21.865635493881364  29.95429482888494  65.10833682407439  81.99176435921385  97.76631761134868 
25843995  8.709183902799099  21.864103306526914  29.947477683282113  65.09438673947149  81.98210176141322  97.7570302806112 
25856016  8.70876497985461  21.863589950228405  29.94527649641961  65.08906985964704  81.97731563881088  97.75345627372592 
26442168  8.707009704198404  21.86206526959925  29.938559848983026  65.07528434387949  81.96774547037847  97.74419897965097 
26454189  8.706585224506156  21.8615432481361  29.93631432966279  65.06984171767196  81.96284795246557  97.74056010437472 
27040341  8.704760994108481  21.859974648176262  29.929350792676033  65.05569057379581  81.95330728363015  97.73091897304212 
27052362  8.704321677593589  21.859438107888526  29.927024270876814  65.05005858758173  81.94825784161782  97.7271568571103 
27638514  8.70251231074844  21.857883679150863  29.92009204887573  65.03591013736101  81.9387236106932  97.71773543753253 
27650535  8.702062216470742  21.857336957387695  29.917699779002277  65.03011683256359  81.9335532007047  97.71391017297896 
28236687  8.7002417349462  21.855775304073305  29.910714216638983  65.01584528092094  81.92401154650395  97.70450024184728 
28248708  8.699740002619075  21.855187161525237  29.908120174220574  65.00969591942649  81.91868395853835  97.70022258565415 
28834860  8.697764333475392  21.853523746732858  29.900570014991647  64.99455705216754  81.90898278507494  97.68977040046659 
28846881  8.697246149114996  21.852933654459772  29.897850567424022  64.98809444113571  81.90347421660016  97.6856043415006 
29433033  8.695368901488845  21.85133133153821  29.89060838387707  64.97331272379992  81.89369902105571  97.67585349419753 
29445054  8.694872760419763  21.850737836398096  29.88796537219761  64.96692306997465  81.8880469722795  97.67159962567982 
30031206  8.693013314376568  21.84913320703239  29.880770738005875  64.95214041345518  81.87812777192113  97.66173932953951 
30043227  8.692516269248468  21.848531476841455  29.878094924540378  64.94562491627174  81.87233600929149  97.65739484121876 
30629379  8.690424106594204  21.846774432020077  29.870062971477964  64.92959230180287  81.86218413950745  97.64595054555247 
30641400  8.689919450873074  21.846160435430527  29.86733100554104  64.92291329533673  81.856226742932  97.64150527856324 
31227552  8.68806976616389  21.84454406514552  29.860109135886812  64.90792455684601  81.84604127457602  97.63152556789323 
31239573  8.68755083902311  21.843915234544856  29.85729310299542  64.90103702956567  81.83992060894768  97.62693307357321 
31825725  8.685632109901468  21.842256139330217  29.849771719416463  64.885475027234  81.8295357072199  97.61654640133231 
31837746  8.685110324344256  21.84161891466197  29.84691588806845  64.87844393401917  81.82327474432007  97.61189881844615 
32423898  8.683238127631238  21.83998038487678  29.839521059124085  64.86294598900352  81.81276613929386  97.60179731125261 
32430648  8.682929099885106  21.839612164999235  29.837843475233395  64.85885710510615  81.80915356096175  97.59907710675647 
33080995  8.680745513366873  21.837723877560126  29.829218404871323  64.8409322758955  81.79727566240868  97.58715617134536 
33091795  8.680224200709846  21.837115303861182  29.826405150506417  64.83412431195957  81.79133537871579  97.58264649716376 
33742142  8.67811315463239  21.835254766638066  29.817986389168848  64.81631460209711  81.7792806415406  97.57092523194092 
33752942  8.67659205924267  21.834147171887054  29.811346761430467  64.80352183993026  81.77269296797132  97.56223318021655 
34403289  8.674495971560331  21.832268005194596  29.802922286154196  64.78546293235885  81.76033580517162  97.550195846427 
34414089  8.674016029169643  21.831659900232157  29.800198361686256  64.77858674469563  81.7541014394292  97.54568013550531 
35064436  8.672070048380405  21.82985281856221  29.792244954368147  64.76101056877478  81.74158930627443  97.53439733469047 
35075236  8.671601608755784  21.8292456173181  29.789539849170904  64.75409052619842  81.73516771721191  97.52986302903732 
35725583  8.669636901477643  21.827416099366545  29.781458760947128  64.7361601519939  81.72239756451212  97.51834535055106 
35736383  8.669155800321903  21.82679561088023  29.778679597733998  64.7290389553493  81.71589877679438  97.51371054677998 
36386730  8.667139365856176  21.824926265992286  29.770330883228834  64.71051846466442  81.70280928267155  97.50180445975398 
36397530  8.666529953561657  21.82425349779262  29.767037003349927  64.70261842217961  81.69611724652923  97.49699948295577 
37047877  8.66451768414065  21.82237370928143  29.75863731732504  64.6838875995848  81.6827533851789  97.48504201979931 
37058677  8.663930043329879  21.82170432981459  29.75545345420761  64.67618502180254  81.67595571209128  97.48000902084458 
37709024  8.661906376421854  21.81980742069072  29.746949193318823  64.65714931398672  81.6623459920548  97.4679776823834 
37719824  8.661304394359924  21.819110854340448  29.74363659621954  64.6489828942974  81.65537701034258  97.4627630668553 
38370171  8.659239403539566  21.81717981010517  29.734897969272925  64.62942845159166  81.64147063917193  97.45040066454236 
38380971  8.658620611273577  21.81646363733316  29.73155100732172  64.6212475372479  81.63436800691377  97.44489821822783 
39031318  8.656489076661977  21.814488525346086  29.722489205443  64.60105082591087  81.62016283408607  97.43216965393715 
39042118  8.655922242435652  21.8137924553054  29.719277636366247  64.59291518393151  81.61295288230652  97.42685563946554 
39692465  8.653720027918483  21.811766825695884  29.70987578240576  64.57203576089444  81.59840109011606  97.41367613267745 
39703265  8.65308225244985  21.811025048417058  29.706413089215076  64.56351021035617  81.59101911168753  97.40790954108728 
41010857  8.648932238646719  21.807032205531286  29.68843659493955  64.52256640747663  81.56138763668844  97.38176451882354 
41015609  8.648699813023507  21.80671841750095  29.687051613234562  64.5188980540525  81.55805942775166  97.37851842742582 
