0  9.214856772281152  24.067593091051194  35.66785721777342  77.22395702884978  101.53676304707331  119.57267631261921 
30627  9.200264602431893  24.047252952681966  35.621909023133206  77.12916757639215  101.45342053224233  119.46884154032504 
73915  9.18479650760199  24.02458021113071  35.57223566984112  77.02662462622001  101.36037694170994  119.35346044530078 
134442  9.168612364308492  23.999734797321935  35.51982536371628  76.91797979066418  101.25790332839773  119.22789777947857 
217697  9.152017420760988  23.973249327017342  35.46588042729542  76.80602915070996  101.14992833609239  119.09515665256524 
334456  9.134692427625716  23.944710419915236  35.409900898461686  76.69080994460695  101.03578172112526  118.95512393932677 
497579  9.116868789539222  23.91452924261203  35.35255275006097  76.57168596286691  100.91471173614134  118.80823021103998 
728267  9.098365461478272  23.882663615029408  35.29397325188772  76.4501885508356  100.79019970173435  118.65510717699797 
1039729  9.08010488616511  23.850996267124007  35.236560373361705  76.33108397976264  100.66711159712105  118.50529001706731 
1454536  9.062107882098667  23.819871588956005  35.18054341149965  76.21383170284075  100.54845866555696  118.35805586063292 
2035979  9.042970168426683  23.78711264846381  35.12136950907419  76.0905521720076  100.42348329347297  118.20445971842915 
2881998  9.021736842004138  23.751660211254027  35.05563859255464  75.95188648307465  100.29154016216505  118.03703383473658 
4083355  8.9985304799643  23.714389528482645  34.98673452508996  75.81126728388631  100.15456475371336  117.86654709895353 
5844088  8.97095034149329  23.672946248604717  34.909781834282576  75.65522742881136  100.01255565598844  117.68294003823523 
8746913  8.931930669844306  23.619413789686746  34.81367472868622  75.47180372080486  99.85461043804911  117.46528136200446 
13282834  8.874056854001724  23.55245238995722  34.69508406355678  75.26550513536334  99.70025844116232  117.21946173055902 
18241905  8.809281167497984  23.491110906587622  34.59248727361559  75.10394003670405  99.60863141995648  117.02512741688028 
23241905.0  8.754243491487143  23.441936841915343  34.5161038423031  74.99047024365967  99.55448021864497  116.8797761466761 
28241905.0  8.702891806031815  23.402376115562067  34.446012039849755  74.89290205399568  99.51375987683915  116.76249428796619 
33241905.0  8.646935588011287  23.361344145027847  34.36952451842891  74.79030606832933  99.4752078003779  116.65579528940383 
38241905.0  8.584365896187567  23.322980553228884  34.279004904271716  74.67996282286745  99.43842171421868  116.57202951793958 
41015609.0  8.534800093517456  23.29246510005939  34.2089965178038  74.59422111361853  99.40909166707962  116.49681511858898 
