0  9.140773521347327  23.735720189376337  35.311774109966464  76.38247733822655  100.10538898156526  117.36568441845068 
25373  9.124976109664107  23.712780864153086  35.258242001137894  76.27156041544187  100.00392054607272  117.25411686957489 
60091  9.1082570685577  23.68737374991527  35.202081944163936  76.15500811969308  99.89377031491765  117.13208280575795 
107214  9.090797199006905  23.659750289521465  35.143669280637226  76.03390904094547  99.77591055007763  117.001795215737 
170500  9.072918053155231  23.630402432603937  35.08398941874125  75.90833979060442  99.65215347548335  116.86393103508323 
256489  9.054410190719565  23.59924744282605  35.022065670267786  75.77888478841172  99.52147586372294  116.71890031580523 
378394  9.034604680472276  23.565317253494467  34.9548251379396  75.63679925293536  99.38027394031126  116.56022028190488 
553829  9.013603434145162  23.5286375683704  34.883470662301676  75.48669495189655  99.22754480747865  116.38975534937465 
808294  8.991446639992018  23.489641863532892  34.80720404350147  75.3265197731929  99.06743323138636  116.20938770113483 
1195829  8.96738095954998  23.447059255944154  34.72663285640216  75.15958557440943  98.89753969986033  116.01614020274351 
1862823  8.938271366821164  23.396659287292316  34.631989293999105  74.96419276475396  98.70415944525236  115.78784082158285 
3200288  8.898343581429517  23.33179238425051  34.512695230173314  74.72708230158331  98.4776244432945  115.50417826537334 
5606754  8.849676430175485  23.261960831015816  34.39576572822226  74.50972406337172  98.28585818937641  115.23127081932634 
8782112  8.799074599551682  23.198868630702375  34.30104283595569  74.34566343782726  98.16923032814611  115.0243500617095 
12668138  8.740979775196344  23.13377101208929  34.20690141586655  74.19181897475339  98.07922853080622  114.83826718901481 
17083067  8.673347525314574  23.0697525786941  34.09831453461268  74.02118623764161  97.9966417801705  114.65210966281438 
21179872  8.593233916466692  23.00703282203163  33.96152945988658  73.82702745888336  97.91770509164517  114.48206837765552 
24360975  8.492495947094215  22.931792787199964  33.79589732194514  73.59973193417912  97.82543644472592  114.28404614767467 
26293347  8.38331637799912  22.85308377878262  33.62541857828997  73.36629937669022  97.74113479170877  114.0967169617185 
28470735  8.286533106643208  22.777098954017806  33.47818658336929  73.1537835934714  97.65731961061337  113.90384474874253 
31379436  8.207616613450314  22.71011297663332  33.35657294686017  72.97646263501052  97.57872652352954  113.71511439456091 
34504695  8.134098990907354  22.6525288710861  33.24254139705315  72.81865580078065  97.51387693425528  113.57817427273856 
37326807  8.063880430924849  22.600374851501105  33.142524801303665  72.68348319683331  97.45958931969473  113.46213363012123 
39615079  8.000620471104472  22.550124347504145  33.06251922000162  72.56739173553889  97.40903048418289  113.34618533967004 
41015609  7.9557634390068115  22.512786676439905  33.008903318922044  72.48663339695854  97.37230187279233  113.26181318174297 
