0  9.140773521347327  23.735720189376337  35.311774109966464  76.38247733822655  100.10538898156526  117.36568441845068 
25373  9.124976109664107  23.712780864153086  35.258242001137894  76.27156041544187  100.00392054607272  117.25411686957489 
33264  9.121427194962893  23.70732950777566  35.24633457225763  76.24684496017552  99.98035666258347  117.22800106053762 
38664  9.119772143753664  23.704731547244876  35.24052088393545  76.23495632171128  99.96991071078857  117.215309404288 
80852  9.102618988445043  23.678026102350387  35.18312345122535  76.11595705608377  99.85515032705435  117.08815715231025 
142625  9.084660620152746  23.64873976947443  35.123003964154094  75.99029558618219  99.73060905244708  116.9504858880176 
232178  9.066261821467435  23.617573409243597  35.06165652291038  75.86162349034936  99.6005026123909  116.80538382336697 
366100  9.046855077674044  23.583961749362675  34.99617001557043  75.72449331775363  99.46029137830052  116.64926218774053 
574938  9.025913391497095  23.547064803479575  34.924475071132996  75.57175912773877  99.30640610104075  116.4763635901087 
794232  9.01114316902953  23.520765563565476  34.87390071521582  75.4667398373577  99.19843303033144  116.35548573423625 
796932  9.011030601656193  23.52059156890217  34.87354641657713  75.46601517154251  99.19778010475328  116.35460025256249 
1148580  8.993026255190735  23.488514602316176  34.81173120219393  75.33579786913629  99.06647528868262  116.20651612650205 
1156680  8.992778171087236  23.488140217437664  34.81099392856396  75.33429690161209  99.0651322054105  116.20464127778587 
1758491  8.97062547393827  23.44885754212048  34.73762491100053  75.18275942148426  98.90991039386874  116.02771858711465 
1782049  8.970114789624606  23.448127586197757  34.73622375189225  75.17992315117306  98.90743630661382  116.02412484912631 
2383860  8.954887360066373  23.422087485141212  34.68774223893904  75.07998236269418  98.80960415505726  115.90780286033824 
2407418  8.954470762594964  23.421514723977346  34.68667605640994  75.07786307341361  98.80779432878117  115.90509068908385 
3009229  8.94216060854556  23.40136786918599  34.649827408217504  75.00436222433888  98.73668308903406  115.81792324000756 
3032787  8.941793216079391  23.400881498709943  34.64894443908981  75.00263132496042  98.73525640351878  115.8157108422165 
3634598  8.931030589116412  23.38411292423964  34.6186083122669  74.94312341926009  98.67990197772019  115.74509577270834 
3658156  8.930690012683913  23.383680016448334  34.61783688756607  74.94163334110732  98.67872030561689  115.74320590716904 
4259967  8.920830252697582  23.36903563539118  34.59186521662492  74.89140710708774  98.63298620509153  115.68315721328823 
4283525  8.920502995527032  23.368632111331067  34.591162178971054  74.89006804569766  98.6319730144408  115.68147744748433 
4885336  8.911182625623608  23.355430423649402  34.568320722257255  74.84684245738022  98.59372606324405  115.62906047933456 
4908894  8.91085960892206  23.355044453084872  34.56765384833618  74.84560071547713  98.59282090803103  115.62751558163153 
5510705  8.901822868068177  23.342796128631655  34.547043923173966  74.80790274168208  98.56065775723637  115.58114609106782 
5534263  8.901496740854215  23.34242031470241  34.54639724958861  74.80671826060912  98.55984046607652  115.5796951533418 
6136074  8.8925831927848  23.330800899893926  34.52731620515041  74.7727593164716  98.53220060151938  115.5378294503206 
6159632  8.892248198710407  23.33042271084009  34.52667548497691  74.77160268441398  98.53143692613828  115.53643204296868 
6761443  8.88336772826655  23.319255821896796  34.5087481491759  74.74008998844994  98.5070343326141  115.49768889076634 
6785001  8.883017407524584  23.318870818229676  34.508098117628954  74.73893613817289  98.50630655666065  115.49631494021608 
7386812  8.874125263169008  23.308059551081165  34.4911817061788  74.70956013389649  98.48466625054043  115.46000085690132 
7410370  8.873754112539645  23.3076606262827  34.49050771439417  74.7083879900102  98.48395565642709  115.4586221554322 
8012181  8.86483786627002  23.297154335389553  34.47447305809083  74.68112745958805  98.46486262815982  115.42449652963789 
8035739  8.86443758988322  23.296733563564896  34.4737644892851  74.67991383375566  98.4641595933826  115.42308634131395 
8637550  8.85550435540264  23.286436618907217  34.45842117003135  74.654445227978  98.44716526210523  115.39084887040637 
8661108  8.855065648476321  23.28598348664748  34.457658892303996  74.653159509192  98.44644441710122  115.38936831675015 
9262919  8.846092677031221  23.27575211381851  34.44275149201611  74.62877555726152  98.43101280325106  115.35853435126451 
9286477  8.845607236017484  23.27526131520187  34.441917293725055  74.62738244025778  98.43022729984374  115.35694506384111 
9888288  8.83659756222286  23.26506864458784  34.42736587523622  74.60378773927667  98.41599032885165  115.32712346225055 
9911846  8.836055324251575  23.26452082646521  34.42644844568021  74.6022665631797  98.4151504837635  115.3254004473043 
10513657  8.827046429558076  23.254364374552264  34.412289750519626  74.57944606656483  98.40190101388494  115.2964299597583 
10537215  8.826438341931187  23.25375277642386  34.41127661143152  74.57777092547315  98.40099016409437  115.2945397924598 
11139026  8.8174637343662  23.243648764989185  34.39754487432622  74.55576243503327  98.38859029584101  115.26641620417311 
11162584  8.816780121678281  23.242965430261005  34.396418819271645  74.5539105145844  98.38760099091435  115.26433521323032 
11764395  8.807788041934229  23.232939402114614  34.38301385189485  74.5325939351645  98.37593993061076  115.23708356061462 
11787953  8.80701778586718  23.23216682583707  34.381757882172934  74.53054556523666  98.3748427901882  115.23477374734114 
12389764  8.797958664424382  23.22224270018192  34.36853325840696  74.50973564048651  98.36382973334642  115.2083429376731 
12413322  8.79708283658368  23.221366295368558  34.36712086818887  74.50742771427448  98.36259827711574  115.20573729964894 
13015133  8.787943129973703  23.21152535936237  34.3539624647034  74.48696907835355  98.35209560656021  115.17998646913257 
13038691  8.786942712829513  23.210521513409873  34.35236715634697  74.4843602123116  98.35068195529014  115.17702588872656 
13640502  8.777782115173219  23.200844956805952  34.339222501245835  74.46407448448299  98.3405600670449  115.15191199771884 
13664060  8.776639443403793  23.199695090746637  34.3374268572084  74.46112274336288  98.33892906852657  115.14854425313658 
14265871  8.767572688421497  23.190316518972356  34.32436910481052  74.44098644074252  98.32915623314568  115.12420132810027 
14289429  8.766284845717468  23.189013940484028  34.32235815468051  74.43765340007207  98.32729721054253  115.12040406388766 
14891240  8.757446718419738  23.180161312790382  34.309526572951  74.41787102159253  98.31787986874909  115.09691022235745 
14914798  8.756012600049047  23.1787170370692  34.30729589332861  74.41413929695297  98.31577799547857  115.09265526638148 
15516609  8.74724249181546  23.170310073700723  34.29452286328456  74.39455815588897  98.30654576996339  115.06926449485964 
15540167  8.745651472094217  23.168714424539086  34.292062568578984  74.39040822595344  98.30416609647223  115.06448845844872 
16141978  8.736793931742332  23.160418720534285  34.2791546812744  74.37055276850904  98.29497767460067  115.04101698762535 
16165536  8.735042686469637  23.158663673927258  34.27645812470725  74.36593266861054  98.29233343423498  115.0357168189984 
16767347  8.726253644054475  23.150462580044056  34.2635308303488  74.34565184897859  98.28324266154479  115.01273370057211 
16790905  8.724362610709383  23.14854617839856  34.26061109473927  74.34050830366436  98.28031949434416  115.00698639632662 
17392716  8.715464893941485  23.140397120906307  34.24733568460056  74.31947151621016  98.27110710499626  114.98400715026064 
17416274  8.713437278978443  23.138352024706833  34.244203190735114  74.31379201236767  98.2678461495704  114.97768932458179 
18018085  8.70417810302439  23.130128079521175  34.23014820620986  74.2915481192276  98.25835376195774  114.95453235884115 
18041643  8.702040818098103  23.127986112466107  34.226831756370295  74.28532117462811  98.25477702528693  114.94767679422584 
18643454  8.692522019489182  23.11985919873546  34.21198979716946  74.26202395939714  98.24503674217337  114.92465395222703 
18667012  8.690332008414083  23.11769858943369  34.208544144171114  74.25528390260968  98.2413173980886  114.91742199595558 
19268823  8.680674124994741  23.109863678405603  34.193003774529764  74.23102198473278  98.23134012069222  114.89508351247508 
19276113  8.679988871074293  23.10918950909078  34.19190748022489  74.22877485693313  98.23011322170319  114.89275374792717 
19862265  8.670418595775345  23.101834025033703  34.17622844015429  74.20454749247456  98.22020819834292  114.87164872517684 
19874286  8.66928777231979  23.100754409542024  34.174405041054676  74.20073185660927  98.21812478181859  114.86772476550858 
20460438  8.659532853977426  23.09365840171202  34.158237263852754  74.17608816723545  98.20804094723839  114.8473526781533 
20472459  8.658407064847907  23.092603307900742  34.156409808368096  74.17216575718163  98.20590687211624  114.84338686236484 
21058611  8.64846785776687  23.08577072474139  34.13972691092398  74.14704059342303  98.19573281008769  114.82373178358057 
21070632  8.647353601919855  23.084744521901648  34.137917959670055  74.14307914615411  98.19361386760315  114.81975052212248 
21656784  8.637043587369185  23.07800808569779  34.12042978090618  74.11666896411889  98.18290508115858  114.79973965014145 
21668805  8.63594894811304  23.07701530919344  34.11864934064615  74.11270444543166  98.18088459258392  114.79583943498933 
22254957  8.624744582550347  23.06976085179609  34.0995892725195  74.08273724315953  98.16848575667048  114.77266062806183 
22266978  8.623689304169863  23.06882060356251  34.09786186757172  74.07880199542508  98.16653743154023  114.76883748824338 
22853130  8.611435970189545  23.060777965675904  34.07676334907056  74.04357185803698  98.15160476191146  114.7407679929274 
22865151  8.610427245403722  23.059900211591494  34.075086101859895  74.03966044436856  98.14970106192762  114.73705303914957 
23451303  8.597129450543617  23.051014977589897  34.05191985215154  73.99782365458685  98.13130606926076  114.7026701018423 
23463324  8.596090125495863  23.05016715466195  34.05015122836702  73.99370966896511  98.12937198909869  114.69891284798774 
24049476  8.581095548536005  23.039999430540007  34.023426845815244  73.94098200079277  98.10615124158214  114.65549016797364 
24061497  8.5799656883931  23.039127363900526  34.02130696236633  73.93537280016537  98.10352864873015  114.65062204421457 
24647649  8.562611463664917  23.02737551550179  33.98924500464937  73.86574904562688  98.07300241719427  114.59409187441398 
24659670  8.561345499640952  23.026372189828344  33.986508221521696  73.85689395415496  98.06867565891196  114.58653379230434 
25245822  8.541572129861589  23.01292742443146  33.948335710748104  73.76401523833283  98.02880618984695  114.51111141014347 
25257843  8.540098190775797  23.01175853449657  33.94453645686893  73.74897344274824  98.02171346685495  114.49799399945422 
25843995  8.517888785594042  22.996603108102047  33.89867242393846  73.620352920422  97.96933389475632  114.39148001219608 
25856016  8.51624252960547  22.995230657273382  33.89324428956483  73.59411931988832  97.95744582628812  114.36798511057643 
26442168  8.491781348604967  22.97747992943044  33.833165860382785  73.37588476465685  97.86831649160746  114.17953641015217 
26454189  8.490025481216875  22.97590803509742  33.82505838515232  73.32931117009181  97.84778368484596  114.136402824417 
27040341  8.464311994058914  22.95606163175765  33.74631067350911  72.97754690069067  97.70309733740085  113.8170773916207 
27052362  8.462553762283365  22.954377752173695  33.73634711533431  72.91888918791926  97.67782195102293  113.7632098393086 
27638514  8.437185595632222  22.93341352051648  33.64453024388028  72.48428481727858  97.49936862887354  113.37504723108574 
27650535  8.435257934945009  22.931440208362684  33.63130978615041  72.40792023931347  97.46610486009669  113.30795185117552 
28236687  8.411363771717626  22.91135487863395  33.53997964180995  71.98565595529675  97.29235774752105  112.9467049850461 
28248708  8.4094216004555  22.909266721195277  33.52484171639339  71.90013769495587  97.25643126170351  112.8736852349311 
28834860  8.388762211908855  22.89139942155916  33.444072599024594  71.5323431306549  97.11324401913225  112.56406695666801 
28846881  8.386919129530112  22.889384701306266  33.43004326763367  71.45872842616495  97.08080092804782  112.50566142125534 
29433033  8.36901149251705  22.87364741417729  33.35874065302114  71.14017450680844  96.95995509564679  112.24722057508781 
29445054  8.36726702583461  22.871718929896875  33.34550006703052  71.0718438697163  96.93277295398312  112.1934850794714 
30031206  8.35219308555427  22.858391844168573  33.29087838883627  70.84054208860086  96.84748406138274  112.00975163735004 
30043227  8.350602957814157  22.856645868145637  33.27941467285309  70.78454993667827  96.82442077883832  111.96809764437573 
30629379  8.337541958432043  22.8445760245435  33.23233883352333  70.57907378551855  96.75394588997136  111.79942139315209 
30641400  8.336003174397074  22.842868963671293  33.221352124118326  70.52617732475603  96.73277836745905  111.76004971886496 
31227552  8.324590611710974  22.832208967901614  33.185969210472734  70.38293384836399  96.68180895229821  111.64359963288855 
31239573  8.322993000317288  22.83042551933289  33.17378529882172  70.3273508200039  96.65762272004903  111.60538008134287 
31825725  8.312698710614315  22.820826768209514  33.14518155284402  70.21917214014447  96.61817260598703  111.51929391915931 
31837746  8.310922847364603  22.81876082202692  33.12966560017572  70.14769835244319  96.5891291205505  111.47095468141852 
32423898  8.301408795796947  22.809830426262213  33.104455091520926  70.053538017588  96.55621634590139  111.39501530516844 
32430648  8.300287757519078  22.808447107097567  33.09349525870257  70.0027132636561  96.53575527229935  111.36085179524414 
33080995  8.290471054073972  22.799203601517558  33.06873754207587  69.91281216818153  96.50398256627743  111.28787192156435 
33091795  8.288546531676676  22.79672197915757  33.04805590532216  69.81727723406804  96.46498261026902  111.22444343968192 
33742142  8.279275383772513  22.78813492603981  33.026032053718176  69.74261456294316  96.43729835817422  111.16446373815874 
33752942  8.277197710038527  22.78536373154604  33.00220610295395  69.63499281740381  96.39275977738782  111.09566997509039 
34403289  8.268171903238649  22.777206809921328  32.981460585135395  69.5695130649903  96.36734580342434  111.0446839797575 
34414089  8.265953224996224  22.774146175813193  32.95464155502275  69.45071875175822  96.31790694131446  110.97105010125637 
35064436  8.256946771496036  22.76611237836594  32.93322088550785  69.38567934716926  96.29291037545624  110.92400391397092 
35075236  8.254593433217659  22.762754582048146  32.90349964789882  69.25710014447918  96.24162560574828  110.84664687835046 
