0  9.140773521347327  23.735720189376337  35.311774109966464  76.38247733822655  100.10538898156526  117.36568441845068 
25373  9.124976109664107  23.712780864153086  35.258242001137894  76.27156041544187  100.00392054607272  117.25411686957489 
33264  9.12143094794407  23.707334889485413  35.246341032685905  76.24685511465484  99.98036093781174  117.2280102934995 
38664  9.119777765714215  23.704737489383888  35.24053117166909  76.23497220411757  99.96991956847579  117.21532280951062 
80853  9.102647606273925  23.678053890787645  35.18317176930425  76.11603372142027  99.85518755071529  117.08822839094687 
142629  9.084742228477396  23.648823217211223  35.12314112137808  75.99051743559625  99.73072223443909  116.95069526099454 
232192  9.066443748963328  23.61776192606898  35.061956025844836  75.8620942514931  99.60075045320745  116.80584372463751 
366070  9.047229625689907  23.584364058133485  34.996804752349924  75.7255582120938  99.46085299456203  116.65027810197584 
574773  9.026638644789086  23.547857323419777  34.92569781822688  75.5738497592642  99.30762593538343  116.4783966580185 
794232  9.012270830340864  23.521980254887048  34.87580241299452  75.46995355148063  99.20005990752254  116.35846405715743 
796932  9.012163834880967  23.521811640580733  34.87545462649728  75.46924183747952  99.19941344367302  116.35759259527931 
1148580  8.994884791210135  23.490529565247517  34.81475563749574  75.3409938331785  99.06925732251169  116.21144921651693 
1156680  8.99465523319656  23.490172987114512  34.81404704505333  75.33954039522347  99.06793500083953  116.20962101427169 
1758491  8.973917676905621  23.45238679774024  34.74288475506041  75.19128707179172  98.91375717365676  116.03578849696872 
1782049  8.973471588400443  23.451718719313302  34.741577886658675  75.18860422598112  98.91135045323485  116.03234200865123 
2383860  8.959976872460821  23.4274498516684  34.69549481841229  75.09221726448595  98.81514627514674  115.92005836863854 
2407418  8.959635663680347  23.426947831108162  34.69453759043804  75.0902622673663  98.81339470539596  115.91750377952903 
3009229  8.94935581939772  23.40876447659014  34.66051882879286  75.0206538270612  98.74310838777384  115.83439497425161 
3032787  8.94907497311396  23.408359494220242  34.65975869003597  75.019103963805  98.74173576180253  115.8323547819663 
3634598  8.940660086697571  23.39378261358009  34.63253704891516  74.9640857383968  98.68725414432556  115.76642079821113 
3658156  8.940419125001343  23.39343869213247  34.63190484044785  74.96279628643852  98.68612933450855  115.76471271833934 
4259967  8.93321931200132  23.381222183188875  34.60924164094121  74.91717668739403  98.64156199387564  115.70984390239067 
4283525  8.933004984575705  23.380919972933892  34.60869744040564  74.91606854646633  98.64061240570643  115.70837524137477 
4885336  8.926662938596907  23.370362932866787  34.589329972876705  74.87722392766283  98.60275888157311  115.66132310315336 
4908894  8.926468141540068  23.37009263318203  34.588845512978146  74.87624448721115  98.60194369564468  115.6600276049219 
5510705  8.920758789276821  23.360763956442  34.57195500195926  74.84249386384404  98.56926414498272  115.61877105752558 
5534263  8.920577932413092  23.36051675784493  34.571517953913414  74.8416093919979  98.56853503129237  115.61760886680418 
6136074  8.91534730369789  23.352134227587122  34.55656465732936  74.81202698184524  98.54011541265253  115.58103668625864 
6159632  8.915176750468238  23.351905528107086  34.55616378038769  74.81121528741434  98.53945510087219  115.57997104306548 
6761443  8.910313830422998  23.3442526724661  34.542731807634965  74.78502800558147  98.514524244813  115.54723241659717 
6785001  8.910151810536824  23.34403745064915  34.54235420615872  74.78427182065522  98.5139199460859  115.54624514206424 
7386812  8.905577092049594  23.3369636632071  34.53012798837916  74.76080458900736  98.49182062528095  115.516663367464 
7410370  8.905420706019232  23.336757764878502  34.52977065976994  74.76008737587834  98.49126142620442  115.51573717952742 
8012181  8.90107647982936  23.330153201729722  34.51850761627593  74.73875346719436  98.47145612662109  115.48874123944165 
8035739  8.900924725564117  23.32995659485754  34.518165251325634  74.738074865616  98.4709361020273  115.48786736633795 
8637550  8.89676794572731  23.323744089639632  34.507682661480914  74.7183689969754  98.45296889335378  115.46296444559033 
8661108  8.896619024164085  23.323554342798705  34.50735501930526  74.71771530735772  98.45247260828602  115.46212865850681 
9262919  8.892616916894864  23.31766633239444  34.49753155086581  74.6993200615865  98.43600342303507  115.43893528090268 
9286477  8.892470202774396  23.31748152412644  34.49720887958995  74.69868880944003  98.43551902621707  115.43813484908911 
9888288  8.888596862351896  23.31187896155778  34.48796328505504  74.68140055174571  98.42031657070527  115.41636405483717 
9911846  8.888450806632276  23.311697530951584  34.4876496478173  74.68078626802883  98.41985864249129  115.41558959102483 
10513657  8.884685807771357  23.30634340134912  34.47890783578546  74.66447878986028  98.40576599777482  115.39504524688786 
10537215  8.884540108102678  23.30616577374033  34.47859919498485  74.6638801531277  98.40533450834273  115.3942952930018 
11139026  8.880866470554945  23.301031697161097  34.47030970664257  74.64848122305025  98.39225042814974  115.37484639572193 
11162584  8.880720216764866  23.300853385220886  34.47000346474719  74.64788990362912  98.39183209398715  115.3741094429092 
11764395  8.87712495779116  23.295915475984398  34.462117866012804  74.63333947362982  98.37968868494033  115.35565268981584 
11787953  8.876977449201883  23.29573704899283  34.46181327153792  74.63275722821838  98.37928236356152  115.35493042006425 
12389764  8.873449508873044  23.290971691156482  34.45428563553994  74.61898381351132  98.36799221152766  115.33737400573712 
12413322  8.873300400305016  23.290795472290906  34.45398047309892  74.61840623854158  98.36759759225332  115.33666190061324 
13015133  8.869830440219102  23.28618123990116  34.44676575470753  74.60534856115936  98.35708568314527  115.31992782055097 
13038691  8.86967883144607  23.286002449643785  34.44645821828707  74.60476911978496  98.35669486255769  115.31921848660511 
13640502  8.866259126346238  23.28151844251667  34.439518263481126  74.59234482840927  98.34686674534261  115.3032252490967 
13664060  8.866104548349158  23.281340678716965  34.43920896139127  74.59176250393583  98.34648286315814  115.30251703774847 
14265871  8.86272809611408  23.276964348696833  34.43250369304126  74.57988628058636  98.33725583592121  115.28718417202916 
14289429  8.862570188398672  23.27678111423051  34.43218625442148  74.57929439974588  98.33687164542431  115.28647579561895 
14891240  8.859229222280524  23.27249645772961  34.425674142157376  74.56788212585836  98.32816938675734  115.27172370298254 
14914798  8.859066997657788  23.27231255604556  34.425355562016435  74.56729068490618  98.32778468532914  115.2710120160892 
15516609  8.8557550570905  23.26810254376051  34.419004707467316  74.55623810372177  98.3195410447171  115.25676553046394 
15540167  8.855588149748908  23.267912213692693  34.41867781453236  74.5556364264721  98.31915313630077  115.25604504615782 
16141978  8.852300401883708  23.26376974771702  34.41246034544647  74.54488252406516  98.31130080709652  115.24223356983249 
16165536  8.852128353062795  23.263576216008275  34.4121256823757  74.54426847202214  98.31090754103396  115.24150471876932 
16767347  8.848861292954055  23.259488394358257  34.40602807817014  74.53377596312178  98.30340352708791  115.22807942154803 
16790905  8.848683715838797  23.259291844565606  34.40568449872907  74.53314858761588  98.30299031323379  115.227339389808 
17392716  8.845436081625541  23.255259501396917  34.399698270328905  74.52289348268081  98.29579372016303  115.2142665757723 
17416274  8.845252063527054  23.255055012389455  34.3993453081902  74.52225161749183  98.29539914760863  115.213508951053 
18018085  8.842022671691087  23.25107072801629  34.39346737132164  74.5122163254071  98.28849509870895  115.20075117151737 
18041643  8.841832052265689  23.250864128673165  34.39310101461663  74.51155684273749  98.2880700905502  115.19997693500333 
18643454  8.838619906104945  23.246924360084957  34.38732479768636  74.50172795891223  98.28142781861064  115.18750521145468 
18667012  8.838421924313682  23.24670902637127  34.386949218676804  74.50105119638785  98.28099783639165  115.18671352252187 
19268823  8.83522626376659  23.24280978325138  34.38127082936508  74.49142448058349  98.2745989665591  115.17450727614033 
19276113  8.83516287287132  23.242742878288404  34.381151061555876  74.49120683809139  98.27446227752155  115.17425576764431 
19862265  8.832065813580675  23.238978068264043  34.37571071532181  74.48201209587707  98.26844214895489  115.162598107051 
19874286  8.831957315714352  23.238860859394702  34.375506720397205  74.4816460756986  98.26821131191514  115.16217229725785 
20460438  8.828875085365684  23.235131995241677  34.37015322599404  74.47262586977585  98.26238329880609  115.15072971551271 
20472459  8.828762446689398  23.235010186424002  34.36994480709948  74.47224970691191  98.262147726026  115.15029360415605 
21058611  8.825693287401945  23.231311698963115  34.36467671367269  74.46340135919219  98.25649678963826  115.1390584262596 
21070632  8.825576693663256  23.231186004855385  34.36446017888306  74.46301103745499  98.25625505511786  115.13860847332975 
21656784  8.822517587004842  23.227513568962404  34.359267894774625  74.45432350216517  98.25076958379596  115.12756857042822 
21668805  8.82239676148683  23.2273856944592  34.35904480694907  74.45392336552344  98.25051752103496  115.12710966599671 
22254957  8.819344330406263  23.223738267145627  34.35392570781383  74.4453814470315  98.2451818011174  115.11625827952713 
22266978  8.8192186490233  23.22360650835607  34.353692932011946  74.44496951933903  98.24493532259395  115.11578623592452 
22853130  8.8161686244291  23.21998502111011  34.34863729728836  74.43656897479651  98.2397362739839  115.1051185171886 
22865151  8.81603822551151  23.21984787198602  34.348397159048844  74.43614168350041  98.23947567012344  115.10463111603775 
23451303  8.812987198742679  23.2162573199433  34.34339440659375  74.4278626534289  98.23442414487164  115.09413225092848 
23463324  8.812851871715726  23.216114680377856  34.34314837487833  74.42742958255249  98.23415810973549  115.0936363626702 
24049476  8.8097956546304  23.2125453283291  34.33819021238284  74.41925921867279  98.22923487020515  115.08330394911793 
24061497  8.80965496256914  23.212398925908914  34.337933426234976  74.41880523151309  98.22895566337682  115.08278573492328 
24647649  8.806592536461544  23.208857870314876  34.333012649843106  74.41073507096378  98.22416179710476  115.0726052513967 
24659670  8.806445835230614  23.208704066607346  34.33274543227479  74.41027130601309  98.22387575735719  115.07207248277207 
25245822  8.803376334160635  23.205187435337425  34.327859415729364  74.4022984797973  98.21918920853648  115.06204123134764 
25257843  8.803223578498338  23.205026797855005  34.32758247632432  74.4018083049827  98.21888795442798  115.06148492019989 
25843995  8.800146741260193  23.201529173147733  34.32272254160302  74.3939252089654  98.21431466735123  115.05159094595753 
25856016  8.799987207649128  23.20136506500988  34.322435606971325  74.39342027571426  98.21400457845112  115.05101506996671 
26442168  8.796902220668061  23.19789194153295  34.31759225289536  74.38560326549421  98.20952055003802  115.04124588052284 
26454189  8.796736146173846  23.19771489720843  34.317293973456415  74.3850762987934  98.20919318808042  115.04064668668518 
27040341  8.7936445836862  23.194263857979113  34.31246030664638  74.37731686040122  98.2047970059624  115.03099380964491 
27052362  8.793470752076592  23.19408196103727  34.312150707642274  74.37676957207589  98.20445414156116  115.03037293063655 
27638514  8.790374331101676  23.19065425094841  34.307326187557635  74.36905496314199  98.20013164148851  115.02082799069531 
27650535  8.790193373420625  23.190466060224413  34.30700265276492  74.36848617966308  98.1997726488982  115.02018223631696 
28236687  8.787093541809275  23.18706472068894  34.30218405441708  74.36080863367764  98.19551292420887  115.01074318357574 
28248708  8.786904818485327  23.186868801019976  34.30184759258525  74.3602159861957  98.19513660541418  115.01007144471257 
28834860  8.783805511952508  23.183495680926878  34.297033557456764  74.35256748750315  98.1909381902746  115.00073616092885 
28846881  8.783608945808442  23.18329050881105  34.296681579006105  74.35195156275284  98.1905444960159  115.00003781588312 
29433033  8.780512923026448  23.17994888906073  34.29187468536404  74.34432686487932  98.18640584704507  114.99080663949272 
29445054  8.78030785771623  23.17973650250329  34.29151110676922  74.34368637929774  98.18599622995602  114.99008189020708 
30031206  8.777217982399439  23.17642914688136  34.286709466920854  74.33607834162363  98.1819088484729  114.98094916886993 
30043227  8.777003997916301  23.176209138895985  34.28633151379314  74.33541629398069  98.18148413613108  114.98019612712132 
30629379  8.773923638595592  23.172941246784486  34.281536645265035  74.32782526616313  98.17743641209702  114.97116227779082 
30641400  8.773700573520053  23.172708094579416  34.28114327886738  74.32713241796918  98.1769929617549  114.97037856401164 
31227552  8.770629954678368  23.169480810826418  34.27635634402478  74.31955473324783  98.17300003153834  114.96143723277537 
31239573  8.770397894502278  23.16924012690086  34.27594916210379  74.31883527517203  98.17253155845093  114.96062114151299 
31825725  8.767336261711021  23.16605314623424  34.27116961425322  74.31127007406384  98.1685822246503  114.95175220939439 
31837746  8.767094271011779  23.165808349912275  34.27074504895856  74.31052040415916  98.16809385619842  114.95090355390684 
32423898  8.764037296163254  23.162660086155025  34.26596779883884  74.30296392857515  98.16417545612086  114.9420785043976 
32430648  8.763896435094514  23.162514367106386  34.26572234163661  74.3025267616282  98.16388905453307  114.9415817107691 
33080995  8.760502650794741  23.159070474437712  34.26041393279904  74.29413923727404  98.15956201696368  114.93180677767194 
33091795  8.760267500396438  23.158826013545724  34.26000425866061  74.29341091351279  98.15908547423302  114.93098236875429 
33742142  8.75686519877569  23.15542183617596  34.25468067408158  74.28500500861678  98.15478496213517  114.92120188687765 
33752942  8.75662013195336  23.155166384229858  34.2542544575872  74.28424869187243  98.15429009502967  114.92034272166904 
34403289  8.75320088481826  23.151784992360987  34.248901129024084  74.27580186034079  98.15001061591046  114.91054292235044 
34414089  8.752945841392378  23.151520553265545  34.24845815307168  74.27501161081108  98.14949172870296  114.90964712865802 
35064436  8.749501765156015  23.148150521278115  34.243069175999935  74.26650286585433  98.14523151622986  114.89981509836826 
35075236  8.74923589460283  23.147875746198206  34.24260809981189  74.26567939069785  98.14468945818409  114.89888269101606 
35725583  8.745764722131783  23.14450841161004  34.23717549152289  74.25709433218704  98.14043255626895  114.88901164481645 
35736383  8.74548821286897  23.144222359249163  34.236699129442286  74.25623651370009  98.13986542437388  114.8880359317531 
36386730  8.741988444878556  23.140852441412104  34.231220579304434  74.24756705728551  98.13560603894051  114.87812220794144 
36397530  8.74170131465231  23.140557009723665  34.23072651504233  74.24667914480352  98.1350170585272  114.87711123098401 
37047877  8.738183414900071  23.137186758743724  34.22521407673748  74.23791500030485  98.13077316789575  114.86718425589812 
37058677  8.737886914330975  23.13688005841142  34.22470324006041  74.23698929463853  98.13016706919873  114.86613817266225 
37709024  8.734360393752006  23.13351240979744  34.21916361755971  74.22813262192945  98.12592835352237  114.85621375197287 
37719824  8.734053755466865  23.13319184165848  34.21863706853398  74.22717100771828  98.12529810431846  114.85513137581776 
38370171  8.73052203029219  23.129827621170783  34.213077418050176  74.21823180735792  98.12104994239802  114.84517556966067 
38380971  8.730205136930538  23.12950106544574  34.21253389969717  74.2172372765855  98.12039861800002  114.8440508346113 
39031318  8.7266694597276  23.126151414022523  34.20694868497693  74.20820620800586  98.11612761046543  114.83402862884131 
39042118  8.726342565312507  23.12581276879763  34.206390813536686  74.20717510733502  98.1154493782542  114.83286307756036 
39692465  8.722782195739597  23.12247275367909  34.20073446862782  74.19801133467011  98.1111360443635  114.82276253149341 
39703265  8.722445170532897  23.122123525584538  34.200159611530694  74.19694535644295  98.11043114575669  114.82155169406457 
41010857  8.715156382284924  23.115400199885414  34.188528487696026  74.17811974990386  98.1016908920835  114.80102152144813 
41015609  8.715000215639073  23.115239271379746  34.18826368196408  74.17762146780686  98.10136644424999  114.800456610904 
