0  9.140773521347327  23.735720189376337  35.311774109966464  76.38247733822655  100.10538898156526  117.36568441845068 
12833  9.12479331429491  23.712517547359838  35.25762238596376  76.27027744577457  100.00274604292689  117.25282594140197 
30462  9.107900780681614  23.686810362180864  35.20082744558414  76.15238273219938  99.89123609556407  117.12931035828157 
33264  9.105850888301697  23.683557816223477  35.19395162860809  76.13811714383036  99.87732444222134  117.11395227702111 
38664  9.103007369920453  23.67902258723935  35.18384873240194  76.11739445863411  99.85904733910668  117.09161956261406 
64176  9.085685358208265  23.651252635289016  35.1257253156411  75.99601531448201  99.73999340434989  116.96054387299822 
98342  9.068047914556201  23.621963083404545  35.066734913786966  75.87218129086227  99.61638338114093  116.82332796298834 
145191  9.049703166673936  23.590755034480203  35.004751731084376  75.74232912297515  99.4846632263619  116.67752958764248 
212083  9.030153114643406  23.55679378889967  34.937502061057685  75.59930870271138  99.34150910662494  116.51742338635388 
309057  9.009630169440927  23.520333962750723  34.86635958574114  75.45008997991991  99.18793470746508  116.34697940080572 
448797  8.988649998114097  23.48246277865919  34.7920968617131  75.29269971421824  99.02835421677477  116.16872434313846 
663516  8.96643018992733  23.441788477925524  34.714009481176944  75.12960104427427  98.86080822900006  115.9792089535244 
794232  8.957489446121725  23.42541666605704  34.6827115591609  75.0642890856204  98.7941413300974  115.90199941107308 
796932  8.957357617902682  23.425214164930505  34.68231852415718  75.06347243279525  98.79338443605026  115.90093613363042 
1148580  8.937149515763732  23.388313481951972  34.61201325310771  74.91831498585594  98.64480160836843  115.72724955043783 
1156680  8.93688596160234  23.38791339205845  34.611259764759026  74.91672949907934  98.64334343694607  115.72513967029923 
1758491  8.914038896516645  23.34672598093512  34.533031118324416  74.756301098977  98.48160430709528  115.53059057366276 
1782049  8.913563103149265  23.345999131154052  34.53171565905568  74.75350475119959  98.4790979796127  115.52679342451073 
2383860  8.899959231558068  23.321604690090986  34.487546929347616  74.66420158287335  98.38760395283985  115.4125321796437 
2407418  8.89960141183618  23.321055786101986  34.486565956257124  74.6620854281406  98.38575776962493  115.40967467340934 
3009229  8.88986264913078  23.303469455532213  34.455739799934875  74.60069944528317  98.32317097664658  115.3297991107496 
3032787  8.889567703721259  23.303014879063188  34.45492985520452  74.59893437146063  98.32165747512244  115.3274328725353 
3634598  8.88202707044714  23.289292955357126  34.43137826221149  74.551437494237  98.27356652541879  115.26543429500121 
3658156  8.881769851305956  23.288898049212115  34.43067115680081  74.5498873456831  98.27224557597604  115.26337448424489 
4259967  8.875650608471412  23.27771742821198  34.411841997477374  74.51166093227054  98.23373248874076  115.21288428190286 
4283525  8.8754193126053  23.277360247615178  34.41120099249991  74.51025520620665  98.23255646922175  115.21103229151653 
4885336  8.870290133469066  23.26796410539153  34.395622756939005  74.4787388540667  98.20085043594123  115.16878390762966 
4908894  8.870076746691522  23.267632367497175  34.395030988492465  74.47743459440026  98.1997655307401  115.16707826956534 
5510705  8.865671689230613  23.25952016617821  34.381764130722  74.45079747396895  98.17297862074149  115.13092322741029 
5534263  8.865472033680794  23.259212871447204  34.38120722706563  74.44956773656466  98.17195878827656  115.1293283131373 
6136074  8.861614662849407  23.252059580018653  34.36962865284078  74.42650302253233  98.14879566699305  115.09778649082327 
6159632  8.861424961445648  23.251768733176945  34.36909678369799  74.42532829290316  98.14782800786804  115.09627264002556 
6761443  8.857996455637084  23.24536025074077  34.35878550833317  74.40490883262116  98.12740198589644  115.0682969610682 
6785001  8.857814514252874  23.245083102785642  34.35827211876311  74.40377167034123  98.12646310891799  115.06684469176747 
7386812  8.854730939009004  23.239281396462307  34.34893193931439  74.38532154981367  98.10814233764806  115.04167074990801 
7410370  8.854554804803438  23.239012141183157  34.3484288776448  74.38421797703714  98.10723005140781  115.04026613023888 
8012181  8.8517544660458  23.23371351686049  34.33985579599238  74.36729514433672  98.09057008485769  115.01734483878265 
8035739  8.851583070410477  23.23345365325248  34.33936656918806  74.36621436880367  98.08967536169251  115.01597832274715 
8637550  8.849021583755116  23.228574451633087  34.331429228851086  74.35054742817945  98.07437982153182  114.99493003116811 
8661108  8.848854266853946  23.22832266239497  34.33095181495226  74.34948478547216  98.07350062808484  114.99359543707766 
9262919  8.84649552848087  23.223802597879033  34.32355934759581  74.33487604141708  98.05937093183097  114.97412791918262 
9286477  8.846331437074783  23.223556809717437  34.323086515602874  74.33383182286443  98.05848460802969  114.97282177748863 
9888288  8.84414779421528  23.219350998975013  34.31616755247106  74.32012762641845  98.04532805220504  114.95470470256518 
9911846  8.843986639275883  23.21911013448134  34.315700892361285  74.31909490667607  98.04445698132362  114.95342120942996 
10513657  8.841954778575065  23.21517509998654  34.309196854773546  74.30618596264837  98.03215088197216  114.93647603846192 
10537215  8.841796894201417  23.21493987702112  34.30873553919451  74.3051651478927  98.03128512243282  114.93521367497189 
11139026  8.839898179828806  23.21124264218599  34.30259787240142  74.29295168571343  98.01972450773067  114.91928969832217 
11162584  8.839742518283021  23.21101287159175  34.30214254538657  74.29195247644772  98.01887302587699  114.91805282829847 
11764395  8.83796137399085  23.2075274997385  34.29633239581195  74.28036726054388  98.00796440624964  114.90303557166514 
11787953  8.837807662075914  23.207297496023827  34.29588061601676  74.27937271458755  98.00711059042497  114.90181084270125 
12389764  8.836130961107992  23.2040023013301  34.29036492679322  74.26835321029672  97.99679556263168  114.88760611562078 
12413322  8.835979030394167  23.203781753038577  34.289917324724904  74.26736364065829  97.99594264547733  114.8863949941296 
13015133  8.834395951672047  23.200652948372497  34.28466826111294  74.25686061435147  97.98615371278127  114.87291205569362 
13038691  8.83424568562587  23.20043419235912  34.28422327984796  74.25588118892998  97.98530464032062  114.87171959103148 
13640502  8.832745931076168  23.197457849388535  34.27921856608361  74.24584385730842  97.97598577847972  114.85889428712393 
13664060  8.832597463765445  23.197243909409814  34.278778060304695  74.24487719820381  97.97513904766123  114.85771426932797 
14265871  8.831172335510743  23.194407564959864  34.273992338899276  74.23527935688251  97.96624511442083  114.84548653876503 
14289429  8.831025632915233  23.19419375932099  34.27355664327741  74.23431406302886  97.96540470405853  114.84431775437837 
14891240  8.82966799604691  23.19148364678617  34.26897351763245  74.22511517301284  97.95689784877266  114.83263519758113 
14914798  8.829522677228155  23.191271179100326  34.26854040949649  74.22415700359848  97.95606092220487  114.83147976577105 
15516609  8.828226274975442  23.18867834342136  34.264144178501624  74.21532683275765  97.94790342324247  114.82029520671706 
15540167  8.828082222469861  23.1884689322917  34.26371385847842  74.21437561762401  97.94706976144633  114.81914931667353 
16141978  8.826841381216031  23.18597978710016  34.25949047008458  74.20588717245971  97.9392355540364  114.80842630929007 
16165536  8.826698081534444  23.185772179768406  34.25906292091839  74.20494517826587  97.93842318040817  114.80729209701352 
16767347  8.8255074555928  23.18338034286207  34.25499922237946  74.19677172450609  97.93086540371772  114.79699280395154 
16790905  8.825365735217275  23.18317412856498  34.25457664029944  74.19583573264413  97.93004633751005  114.79586967300379 
17392716  8.824221596053087  23.180875315435703  34.25065892981864  74.18795820658183  97.92276867372084  114.78596463180574 
17416274  8.824080760165169  23.180670537157035  34.25023675445589  74.18702624259087  97.92195136976379  114.78484902609735 
18018085  8.822978919328426  23.17845489811778  34.24645883018857  74.17942991397084  97.91494385020428  114.77531194669103 
18041643  8.822839324165262  23.178253806561727  34.246038197020525  74.17850291061195  97.91412270623323  114.77420505721324 
18643454  8.821776673072973  23.176112553004764  34.24239019938038  74.17116623432278  97.90735342630617  114.76500977184487 
18667012  8.821638114933668  23.17591392992158  34.241971845547525  74.17024276051998  97.90653594465559  114.76390992055977 
19268823  8.8206115591922  23.173845850308297  34.2384444242346  74.16315062686436  97.89999144608736  114.75503356088377 
19276113  8.82056907053811  23.173784865873408  34.23831564478374  74.1628671858693  97.89973881141108  114.75469571714703 
19862265  8.819599483648526  23.171834981728328  34.234982410264465  74.15616297878762  97.89355773050221  114.74631503487691 
19874286  8.819529828132715  23.171734298193318  34.23477174398784  74.15569913251223  97.89313856560389  114.74576046447844 
20460438  8.818588071356155  23.16983911325133  34.231537148780106  74.1491960459563  97.88713967615044  114.73764250566362 
20472459  8.818518457844686  23.169741609263827  34.23132528190439  74.14872919013048  97.88673535833033  114.73709309070881 
21058611  8.817603230289562  23.167902891273744  34.228181320438395  74.14240420588038  97.88089487336035  114.72920149165766 
21070632  8.81753418706678  23.167803230088943  34.22796867624683  74.14194133295317  97.88048054022288  114.72865650456241 
21656784  8.816643516216033  23.166016659383402  34.2249121660207  74.13579069811864  97.87480331654342  114.72098916880392 
21668805  8.816574434259376  23.165921728727774  34.22470229362553  74.13532914540359  97.87439872179594  114.72044428331036 
22254957  8.815706539927703  23.164183131655033  34.22172423392107  74.12934109529947  97.86888190804603  114.71298758001454 
22266978  8.815637592614417  23.164085565334236  34.22151508665909  74.12888005658797  97.8684696071964  114.71244270431667 
22853130  8.814791028487969  23.162394808694337  34.218612749054614  74.12304646498359  97.86309774329231  114.70518543312318 
22865151  8.81472297534539  23.16229666397201  34.21840366124651  74.12258611063001  97.86268770195932  114.7046456067766 
23451303  8.813896065408397  23.16065085848224  34.215572526917384  74.11689664735754  97.85745037255073  114.6975718954675 
23463324  8.81382838432488  23.16055339350496  34.215363701895164  74.11643322852137  97.85703744517221  114.69703348207314 
24049476  8.813020385030198  23.158950656800236  34.21260071857034  74.11088540063004  97.8519330186654  114.69013676974025 
24061497  8.81295275981434  23.158854215036392  34.21239431677127  74.11042861270425  97.85152194112266  114.68960075575279 
24647649  8.812162748415266  23.15728776927955  34.209695154713756  74.10500286752617  97.84654031291164  114.68287157948222 
24659670  8.812095465829252  23.157193133175408  34.20948853839187  74.10455136320923  97.84612996183222  114.6823368537629 
25245822  8.811322370069659  23.15566365125456  34.206850533561855  74.09925561295124  97.84126436956757  114.675766917903 
25257843  8.811255373655726  23.15556843385852  34.206644072061515  74.09879987347443  97.84085405626132  114.67523404797299 
25843995  8.810498065058516  23.154077172246964  34.20406272729009  74.09361828378219  97.83609766791331  114.66881160042026 
25856016  8.81043134861658  23.153983321383517  34.203858255824954  74.09316597151675  97.83568740214199  114.66828154794987 
26442168  8.809689226190647  23.152523500075084  34.20133373178378  74.08809878082177  97.83103972551518  114.66200654285373 
26454189  8.8096229771314  23.152430068007945  34.201127878436296  74.08764582288384  97.83062976574465  114.66147742444062 
27040341  8.808895560152639  23.151003041769034  34.198656430677644  74.08268638356626  97.82608274311966  114.6553372276766 
27052362  8.80882925115754  23.150910045414463  34.1984494936219  74.08223202404919  97.8256692772042  114.65480951013926 
27638514  8.808115812207282  23.14951437386332  34.19602778640203  74.07737704027505  97.82122348705511  114.64880081060345 
27650535  8.808049573696696  23.149420798748945  34.19582284508687  74.0769246640906  97.82080594261878  114.64827335580306 
28236687  8.807349919831337  23.148051459941552  34.19344902100051  74.07216652651746  97.81644851122809  114.64238872513712 
28248708  8.807283628255052  23.147961824660793  34.19324105450553  74.07171465995998  97.81603427009071  114.6418657404722 
28834860  8.806596387610927  23.14662391006135  34.190917141216346  74.06704920725052  97.81176827235568  114.63609793122824 
28846881  8.806530636531424  23.14653278329169  34.19070980833846  74.06660104784216  97.81135302420077  114.63557347292284 
29433033  8.805855276246792  23.145219682863168  34.188427488101794  74.06202751852365  97.80717233488997  114.62992285090047 
29445054  8.805789836794863  23.145127471119977  34.1882216538569  74.06157380314366  97.8067533171158  114.62939717162197 
30031206  8.805126236028627  23.143840516489913  34.185977529653634  74.05708777006208  97.80265177998105  114.62385594970779 
30043227  8.80506089514238  23.14374910106788  34.185773633518345  74.05663656155969  97.80223688581911  114.62333354671243 
30629379  8.804408869289148  23.14248870300771  34.18357330749582  74.05223620268166  97.79821506056032  114.61789606753923 
30641400  8.804343245579954  23.14239655531602  34.18336704994398  74.05178483258145  97.79779645753263  114.61737465420136 
31227552  8.803702148073402  23.141160189883706  34.18120520470365  74.04746377261722  97.79385297932305  114.61203865491638 
31239573  8.803636799269457  23.14106987746602  34.18099872220345  74.04701196309871  97.79343465152246  114.61151793116089 
31825725  8.803006146274509  23.139854578130414  34.17887413142103  74.04277000448393  97.7895620132124  114.60627566079623 
31837746  8.802941091115981  23.13976200644456  34.17866769805668  74.04231749299719  97.78914107843347  114.60575722959662 
32423898  8.802320086767065  23.13857095071834  34.17657809443712  74.0381514023863  97.78534195142532  114.60061123876575 
32430648  8.802283614285598  23.1385196140405  34.176461988638295  74.03789633321708  97.7851031793626  114.60031916003531 
33080995  8.801604879463703  23.137218140596087  34.17418094541249  74.03335161233875  97.78095995742822  114.59470508801503 
33091795  8.801546636254736  23.137136737713114  34.173995243512955  74.0329447269629  97.78057801672368  114.5942373783039 
33742142  8.800879140949247  23.13586066527008  34.1717535609836  74.02848445210591  97.77651933935957  114.58872848390948 
33752942  8.800820985643021  23.13578081100248  34.1715666846732  74.0280764557701  97.77613454578854  114.58826034130509 
34403289  8.800164937891038  23.13452646184473  34.169364807433986  74.02369772079518  97.77215303046414  114.58285199556704 
34414089  8.800106408079198  23.134445510479654  34.16917649647711  74.02328949501143  97.77176488383832  114.58238598462735 
35064436  8.799460040587467  23.13321670471746  34.16700812333729  74.01898891746531  97.76785213774336  114.57707268046153 
35075236  8.799402267136845  23.133138130850003  34.16681950578629  74.0185785305266  97.76746686037677  114.57660615075612 
35725583  8.798766136494926  23.13192705449203  34.1646860189708  74.01434998498826  97.76362103735815  114.57138350867726 
35736383  8.798708173188338  23.131847336198888  34.16449851935738  74.0139412136191  97.76323743935768  114.57091855016192 
36386730  8.798081208286796  23.130662053978586  34.16239521786845  74.00978115606661  97.75945991392335  114.56578321147198 
36397530  8.798023540611494  23.130578596470336  34.162207752412954  74.00937354257384  97.75907150894017  114.56531883098383 
37047877  8.797406836138252  23.129411806703555  34.160134020809295  74.00527627891306  97.75535548389722  114.56026702723841 
37058677  8.797348659522111  23.129333685479203  34.15994720794228  74.00486891450552  97.75496607350061  114.5598025197056 
37709024  8.796740371854014  23.12818832405469  34.15790038554851  74.00083944842275  97.75131386676917  114.55483294353193 
37719824  8.79668285074239  23.12810682271572  34.15771386978763  74.00042900007581  97.75092616228892  114.55436816579942 
38370171  8.796083025620723  23.12697631178356  34.155699375762865  73.99646063975156  97.74733127899651  114.54947734455735 
38380971  8.796025349331654  23.12689732051118  34.155511342672185  73.99605520457273  97.7469391543794  114.54901355360715 
39031318  8.795434133451286  23.125783862501905  34.15352223204182  73.99213480700601  97.74339825656536  114.54419596710144 
39042118  8.795376432385698  23.125707398535027  34.153334373858165  73.99173114748942  97.74301388557316  114.54373373552724 
39692465  8.794792982554617  23.124613936526305  34.15137159566982  73.98787617039345  97.73952613066508  114.538990864111 
39703265  8.794735902836994  23.124533431150805  34.151181728230995  73.98746266809232  97.7391341953546  114.53852264727665 
41010857  8.793578587998201  23.122370096946085  34.14728479286419  73.97982710742559  97.73223498120495  114.5291278696917 
41015609  8.793553638581557  23.122334671895313  34.147201876216585  73.97964463122412  97.7320595978145  114.52892327963743 
