0  9.140773521347327  23.735720189376337  35.311774109966464  76.38247733822655  100.10538898156526  117.36568441845068 
25373  9.124976109664107  23.712780864153086  35.258242001137894  76.27156041544187  100.00392054607272  117.25411686957489 
33264  9.121429289550745  23.707331155758432  35.246338450081524  76.2468514625859  99.98036098031  117.22800690766864 
38664  9.119775679182158  23.704734578298375  35.24052719469116  76.23496630646703  99.96991553005293  117.21531785603796 
80853  9.102636769368347  23.678042082489497  35.18315515529584  76.1160044976967  99.85517281055408  117.08820099791946 
142629  9.084712012628739  23.648794734202014  35.123089774908664  75.99043224281974  99.73067797796764  116.9506152459911 
232187  9.066377365462788  23.61769248638523  35.06184684134965  75.86191915387798  99.60065934688113  116.80567517951066 
366083  9.047092720213437  23.584216778238872  34.99657053988954  75.72516803884527  99.4606457434951  116.64990494350833 
574867  9.02637278204372  23.547563383384603  34.9252435921041  75.57306496602492  99.3071546735235  116.4776278488529 
794232  9.011865288443955  23.52154211057618  34.875116347406234  75.46879181342565  99.19946808629862  116.35738503359907 
796932  9.011756486100627  23.521369489842108  34.87476648900694  75.46807544301832  99.1988200095026  116.35650868511394 
1148580  8.994224271450015  23.489805743382707  34.81367439959036  75.33912398375821  99.06824729303298  116.20967180569741 
1156680  8.993988178163262  23.48944532118149  34.81295584286171  75.33765357426485  99.06691911345354  116.20782722552525 
1758491  8.97276797085421  23.45114218738844  34.74104468943794  75.18831080735059  98.91238344665535  116.03294142718717 
1782049  8.97230086547967  23.450452545358328  34.739707063309574  75.1855679870854  98.90994162354546  116.02944361150837 
2383860  8.958235256148116  23.425588161471666  34.692815798663645  75.08793549993929  98.8131544244908  115.91575621419186 
2407418  8.95786978263291  23.425063851013856  34.69182604634759  75.08592599295775  98.81138369569945  115.91314837575086 
3009229  8.946943631847454  23.40623965398158  34.656894054945184  75.01504302492488  98.7407828133336  115.82869277786679 
3032787  8.946636208938148  23.405808834969804  34.656096201801525  75.01343459560854  98.73938906806342  115.82659575255721 
3634598  8.937495904167667  23.39054119422218  34.62788377697341  74.95694452410706  98.68466788842694  115.75916594079322 
3658156  8.937224653859852  23.390167971595908  34.62720992131481  74.95559316327179  98.68352174139861  115.7574024301223 
4259967  8.929222153306268  23.377200414074636  34.603525029945324  74.90852863201519  98.6385442658891  115.70094217219919 
4283525  8.928974715859374  23.376867705469934  34.60293325140072  74.90735105806161  98.63757196377085  115.69940552753587 
4885336  8.921752086412322  23.3655038046987  34.58249239965563  74.86699570440216  98.59942180773953  115.65059761192883 
4908894  8.92152031146584  23.365202336876553  34.581956807802214  74.86593909462988  98.59855564038648  115.64922471889732 
5510705  8.914850761774128  23.355017267142202  34.56397278263525  74.83088930684441  98.56589407538232  115.60631465580754 
5534263  8.914629464264886  23.354728215023847  34.56347624422382  74.829919109238  98.56513464384264  115.6050655868683 
6136074  8.90835034222529  23.345417053680386  34.54736007123197  74.7991592214735  98.53694669995829  115.56691500555826 
6159632  8.908135621939175  23.345146309849277  34.54689288586181  74.79825201732434  98.53626521843417  115.56576174187492 
6761443  8.90213665709302  23.336483850745253  34.53219566839691  74.77081247466826  98.51165425881555  115.53145240674894 
6785001  8.90192536088106  23.336222669057236  34.5317465891  74.76994929711867  98.51101798276098  115.53036284514306 
7386812  8.896130859873216  23.32806846272758  34.51813043412486  74.7449179622566  98.48918780895904  115.49905575169574 
7410370  8.895920671666579  23.32781435265818  34.517692926501674  74.74408660260886  98.4885889217386  115.4980171870718 
8012181  8.890276845962212  23.32006889901719  34.50494743719866  74.72083144728019  98.468900808587  115.46902257353217 
8035739  8.89006560725922  23.319815823314585  34.504519979414454  74.72002216601443  98.46832434431852  115.46801776501914 
8637550  8.88453512756352  23.31240934609195  34.49251544227162  74.69823124372657  98.45038185125394  115.44086883146547 
8661108  8.884320929953795  23.312158077748766  34.492090656938  74.69743318820889  98.44983515751053  115.43989066389781 
9262919  8.87887591316038  23.305039120567002  34.48074637865883  74.67697931421934  98.43348149694138  115.41432048281506 
9286477  8.878657122130022  23.304784788603513  34.48031579505285  74.676187727074  98.43295654804018  115.41335940515768 
9888288  8.873279001476062  23.29791696087071  34.469549872815  74.65699731222908  98.41805576719663  115.38920872061053 
9911846  8.873053227469972  23.29766128448672  34.469115947841125  74.65620526460522  98.41753318256309  115.38825448841287 
10513657  8.867727811149885  23.291007372440603  34.45884442816085  74.63817567743973  98.40395224697504  115.3653855352726 
10537215  8.867493403838859  23.29074775485336  34.45839977236412  74.63737126773013  98.40344788657303  115.3644254173149 
11139026  8.862211102676453  23.2842627072636  34.44853988355136  74.62034272772237  98.39097482315502  115.34267846985888 
11162584  8.86196648393041  23.283996590590924  34.44808262078549  74.61952796422614  98.39047075320224  115.34171129570908 
11764395  8.856714954638106  23.277631240857406  34.438543944891045  74.6032805855089  98.37892791341494  115.32091737891112 
11787953  8.856457617358146  23.277351693564714  34.438068573383205  74.60244545073958  98.37841805801851  115.319930618358 
12389764  8.851223582405742  23.271073573369026  34.42876506252056  74.58675566638253  98.36764626627632  115.29991080688494 
12413322  8.850951718378907  23.270784224040863  34.42826698321695  74.58587647365937  98.36711066778639  115.29888794837152 
13015133  8.845728544936136  23.26457458879337  34.41915877722654  74.57062835096531  98.35695580752257  115.27949979087947 
13038691  8.845440517652067  23.264271584708084  34.41863681824571  74.56971253895823  98.35641071816681  115.2784364179888 
13640502  8.840229940388168  23.258121582070288  34.40971499754958  74.55486354902587  98.34679838141375  115.25959648995759 
13664060  8.839923861270275  23.257801490527278  34.40916418373413  74.55390851754922  98.34623028352435  115.25849275340694 
14265871  8.834728200843315  23.251706220911537  34.400425380778  74.53942524457788  98.33710578432547  115.24012613676463 
14289429  8.83440230809841  23.25136709225736  34.399845122898896  74.5384251389311  98.33651183716943  115.23897149502048 
14891240  8.829227184721256  23.245321367144207  34.391293206616005  74.52431665544078  98.32782539129838  115.22104446989961 
14914798  8.828879845363861  23.24496205008468  34.39067902692357  74.52325821292308  98.32720563563304  115.21983184851138 
15516609  8.823728399277071  23.238964432949967  34.38231441617119  74.50951994668307  98.31891115198367  115.20232551230448 
15540167  8.823356914849278  23.238582875701976  34.381665057972675  74.50840341978355  98.31826172443309  115.20105023376075 
16141978  8.818219518551587  23.232627046850983  34.37346599387052  74.49500174556583  98.31031069773911  115.18395067376427 
16165536  8.81782268100997  23.23221931517557  34.37277684669453  74.49382118746905  98.30962940341759  115.18260721315797 
16767347  8.812682677810114  23.226319009044417  34.364714230715364  74.48071844113578  98.30199986033105  115.16589408549888 
16790905  8.812258241522365  23.225882555065635  34.36398222319143  74.47946799110132  98.30128538983618  115.1644819685579 
17392716  8.807101454063487  23.22003515972367  34.356018451880516  74.46661788708981  98.29395137705491  115.14814580384737 
17416274  8.806646594764471  23.21956897270299  34.3552360306514  74.46528356734457  98.29317976626608  115.14663578218374 
18018085  8.801467997309523  23.21376865329236  34.34734746150824  74.45264423657125  98.28610798571708  115.1306422642747 
18041643  8.800978549921123  23.21326790650001  34.34651273799095  74.45121999834954  98.28528083438835  115.12903048359667 
18643454  8.795774760742104  23.207511551433768  34.3386695937251  74.43875437063166  98.27844524699661  115.113338951478 
18667012  8.795247572038539  23.206974204933047  34.33777364991805  74.43722836783677  98.27755746321024  115.11161274024903 
19268823  8.790022656497916  23.201265608520192  34.32994717756307  74.42486759644426  98.27089290741704  115.09618512111402 
19276113  8.789846737396484  23.201087181690788  34.32964964308059  74.4243634899204  98.2705942929029  115.09561164660742 
19862265  8.784747497432672  23.195586316085546  34.322033501885095  74.41239172108526  98.26423768510854  115.08080902320684 
19874286  8.784436512212057  23.19526987408988  34.32151207525848  74.41150093587436  98.2637077228622  115.07979916914066 
20460438  8.779343079478968  23.1898374283178  34.31390544703239  74.39957621228152  98.25748253381768  115.0652263932953 
20472459  8.779009596905341  23.189497114243434  34.31335006533344  74.39862599229846  98.25691055855562  115.06414879156068 
21058611  8.773936016621636  23.184155537733233  34.30575752431466  74.38673446790739  98.25079603162722  115.04980702170428 
21070632  8.7735783896635  23.18378975310347  34.30516413568141  74.3857141685554  98.25017993732145  115.04864812499102 
21656784  8.768534217086696  23.178551168863574  34.29759946943361  74.37385984662346  98.24417908758552  115.03452389835556 
21668805  8.768151753998659  23.17815913400742  34.29696796864062  74.37277040455189  98.24351504102923  115.03328328867735 
22254957  8.763130473430115  23.173030504440316  34.289423193413064  74.3609468583146  98.2375849267427  115.01929349650167 
22266978  8.762722623984272  23.172611344083847  34.28875176271269  74.35978347149631  98.23686877889382  115.01796827618914 
22853130  8.757702768934053  23.16758442105734  34.281203647439455  74.34797176609347  98.23099186461852  115.00399510301267 
22865151  8.757268271960037  23.167136954897966  34.28049016301584  74.3467285135845  98.23022700418845  115.00258085360944 
23451303  8.752239547090094  23.162188370900342  34.27291448425023  74.33486513426057  98.22441510844604  114.98863056299699 
23463324  8.751779725023223  23.161715240262  34.2721623865052  74.33355494733668  98.22361479271946  114.98713709201776 
24049476  8.746742784262379  23.156826415399276  34.26455325673142  74.32159484925032  98.21783490932032  114.97325167179228 
24061497  8.746257961672192  23.156329072946335  34.26376000442999  74.32019287751105  98.21696977873239  114.97166355600818 
24647649  8.741191243573262  23.151482960795043  34.25609570705142  74.30812969599606  98.2112031672997  114.95774480086902 
24659670  8.7406813334807  23.15096009198256  34.255262404176925  74.30664476132203  98.21028984505332  114.95606159842337 
25245822  8.735591769541353  23.14615092762393  34.247555378946394  74.29446759122433  98.20453460446711  114.9420582945305 
25257843  8.73505583625145  23.14560649106788  34.24668228984629  74.2928941971443  98.20356457685735  114.94026872494366 
25843995  8.729958701230677  23.14083462275884  34.23894574885131  74.28059409020904  98.19778899019471  114.92616638360414 
25856016  8.729396052138666  23.14026359851316  34.238032482771644  74.27893712825107  98.19675951804918  114.92427020042484 
26442168  8.72427695973892  23.135496522618045  34.23023202788114  74.26642398305532  98.1909040654585  114.90999853133896 
26454189  8.72368839735333  23.134898438769294  34.229278804635754  74.26466523236361  98.18980442480758  114.90799121830116 
27040341  8.71849936617397  23.130133955147183  34.22127440813117  74.25177197839555  98.18390407158223  114.89374123689565 
27052362  8.71789154222653  23.12951468641848  34.22028245706096  74.2499098216717  98.18274413425449  114.89165766527533 
27638514  8.712601701609474  23.124705345357512  34.212025099156044  74.2365364379201  98.17677877870143  114.87747421076634 
27650535  8.711970612658767  23.124061352986928  34.21099577977501  74.2345626261683  98.1755733303405  114.87528625765613 
28236687  8.706544345174805  23.119188737058785  34.202438992489974  74.22068527882881  98.16958497830488  114.86099207738879 
28248708  8.705892698294367  23.11852226838831  34.20137338011281  74.21859684434402  98.16835312552242  114.85870241966381 
28834860  8.70033416864686  23.113615174621494  34.192492274837576  74.2042235715439  98.1622336074209  114.84425367513707 
28846881  8.699661768539066  23.11293062055084  34.191391544964844  74.20201785206723  98.16094598896072  114.84184594692346 
29433033  8.693961239242547  23.107999828460894  34.182170125067714  74.18715209254972  98.15461508486032  114.82718009360191 
29445054  8.69327207695928  23.10730115064133  34.181037474641094  74.1848276752961  98.15327237722141  114.82466607364442 
30031206  8.687465879275228  23.102373325617084  34.1715148726036  74.16946850320289  98.14675588845971  114.80994534867891 
30043227  8.686762306427743  23.10166332924648  34.17035721117869  74.16703064146672  98.14536010444786  114.80733396909356 
30629379  8.680890742545726  23.096815348176538  34.16059285459535  74.15127262064223  98.13864272147815  114.7926648889135 
30641400  8.680184459414622  23.096105508216706  34.159416930984044  74.14873820874477  98.13719602417477  114.78999161316912 
31227552  8.674251215521087  23.091342653593433  34.1494245267177  74.132617780482  98.13033823877693  114.77549029385126 
31239573  8.673540844545716  23.09063445093976  34.148237097638905  74.12999559955628  98.12884490192903  114.77275586967679 
31825725  8.667567901327839  23.085986062043105  34.13806773733488  74.11362372560932  98.12186185967009  114.75854208847521 
31837746  8.666861088575901  23.085286719266165  34.13687810604941  74.11093373429111  98.12034504308056  114.75577498714263 
32423898  8.66082931176552  23.08076343852257  34.12649746844361  74.09430552889157  98.11333257187682  114.74183060211728 
32430648  8.660430480791161  23.080372723153477  34.12582948501514  74.0927567240227  98.11248315752513  114.74025615905532 
33080995  8.653633978967083  23.075462217195597  34.114030639277026  74.07402770671096  98.10471087721368  114.72508804411987 
33091795  8.65300305475172  23.074861813867226  34.11295928306172  74.0715329232782  98.10338271811102  114.72257505098055 
33742142  8.646057518618811  23.07005740009337  34.10081291870134  74.05247897844386  98.09560074123469  114.70770023764845 
33752942  8.64543607205989  23.069468817024834  34.09975931326501  74.0499784638861  98.09431508132641  114.7051979175674 
34403289  8.638272217539312  23.06468607288564  34.087144998669814  74.02988035981723  98.08597089670126  114.68959246588625 
34414089  8.637659129380669  23.064113528115072  34.086101750581584  74.02736695996116  98.0846895700254  114.68710714055919 
35064436  8.630018803250978  23.0590431787497  34.07262731667816  74.00520958741279  98.07532203195983  114.66966346415704 
35075236  8.629414324034077  23.058483418428796  34.07159505179277  74.00268692209656  98.07406079981082  114.66718596221631 
35725583  8.621176858935948  23.052979679201226  34.056984713802436  73.97763875162325  98.06327561148464  114.64693601309563 
35736383  8.620585838463265  23.052442518129915  34.05597102265877  73.9751209348794  98.06201832045046  114.64446822068483 
36386730  8.611792750397205  23.04646803193811  34.04026715177856  73.94674640682643  98.04951352021055  114.62081022826452 
36397530  8.611215414094096  23.0459549517793  34.03926571478784  73.94422101917773  98.04828601719962  114.61835657088191 
37047877  8.601854527489712  23.039487420376215  34.022346959101164  73.91150484048664  98.03381124760043  114.59049604380905 
37058677  8.601275903458  23.038988235453424  34.02133285913618  73.90891839350274  98.03258785521899  114.58802518034148 
37709024  8.591388626015984  23.032000957063175  34.00304822214732  73.87016172153263  98.01515014368769  114.55443535456857 
37719824  8.590790561712808  23.03150729154524  34.001954871173304  73.86724678019176  98.01381551274423  114.55171664854663 
38370171  8.579790555535281  23.023777159456326  33.98100393051599  73.81931035055628  97.99228749216778  114.51047500367137 
38380971  8.579149082760436  23.023262389047364  33.97970679448467  73.8153532235696  97.99045580208823  114.50690667345658 
39031318  8.566697166982895  23.014725361397062  33.95528797945727  73.7550564864637  97.96380357920617  114.45495389338875 
39042118  8.56598192783421  23.014149623637746  33.953663281031446  73.7493389109832  97.96114842729958  114.44981209660264 
39692465  8.552302609300837  23.004719853380877  33.9254986783928  73.67204916831966  97.92795827658765  114.3829653950571 
39703265  8.551514646728306  23.004078705654432  33.92340473398588  73.66329002820575  97.92399378619533  114.37494223881714 
41010857  8.522121210659723  22.983579551374334  33.85783168627841  73.45524119769048  97.83819736849398  114.19091623480942 
41015609  8.521690413733621  22.983209056244192  33.85624044402176  73.44676896405872  97.83443687299231  114.18291051630732 
