0  9.140773521347327  23.735720189376337  35.311774109966464  76.38247733822655  100.10538898156526  117.36568441845068 
25373  9.124976109664107  23.712780864153086  35.258242001137894  76.27156041544187  100.00392054607272  117.25411686957489 
33264  9.121429907639216  23.70733500522667  35.246339843677426  76.24685330333139  99.98036061144435  117.22800861025584 
38664  9.119776700886238  23.704735415644507  35.24052944017671  76.23496947097559  99.96991773330255  117.21532058873106 
80853  9.102642474045167  23.678049262263066  35.18316265761975  76.11601928886776  99.85518085012738  117.08821491553948 
142630  9.084726927265862  23.64880625271963  35.123114054187425  75.99047236965608  99.73069833091093  116.95065313161123 
232191  9.066410640507204  23.617724341266836  35.06190075589615  75.86201336430062  99.6007048845546  116.8057576960539 
366074  9.047161696300764  23.58429065758935  34.996688223038916  75.72536697775769  99.46075389577624  116.6500960226845 
574804  9.026507712543646  23.547712988374126  34.92547899318801  75.57347108531113  99.30740005064683  116.47802964860254 
794232  9.012069252096275  23.521764896808733  34.87546136546659  75.4693763386535  99.19976505214518  116.3579272916683 
796932  9.011961237569782  23.521591039608136  34.875113000207605  75.46866300868538  99.19911881747858  116.35705505446208 
1148580  8.994557885466602  23.490170738641144  34.814219491520745  75.34006469288168  99.06875456835256  116.21056565951011 
1156680  8.994324375508029  23.489811298817955  34.813505803167935  75.33860277192349  99.06742893888915  116.20872889476432 
1758491  8.973350858857215  23.451769914801464  34.74197851214529  75.18982494266146  98.91307828507561  116.03438086167029 
1782049  8.972894648272922  23.45109285008646  34.74065565654621  75.18711295967583  98.91065849101469  116.03090882091362 
2383860  8.959123507407167  23.42653346707148  34.69417912495278  75.09010549649938  98.81415588784513  115.9179344891817 
2407418  8.958770680354451  23.426021044641736  34.69320588144345  75.08812377863444  98.8123955798239  115.91535420163645 
3009229  8.94818096261377  23.407529637177657  34.658747474712854  75.01789701300991  98.74194784963987  115.83158936546141 
3032787  8.947887723585746  23.407113439666958  34.65796936349161  75.01632027309674  98.74056753888172  115.82952305854988 
3634598  8.939128830040103  23.392203401377895  34.63027372910061  74.96059267976501  98.68597035586798  115.76287114593768 
3658156  8.938873207045742  23.391848789745573  34.629621433212975  74.9592738023237  98.68483523026224  115.76113609780603 
4259967  8.931295536166804  23.37927344726053  34.60647369269109  74.91296359941556  98.64006575810669  115.70550493044433 
4283525  8.9310658622543  23.378958080189285  34.6059058871131  74.91182265273052  98.63910464832372  115.70401093482707 
4885336  8.92431194870485  23.36801932198709  34.5860324157297  74.8722521429613  98.60110327878832  115.65612536919022 
4908894  8.924099592830343  23.3677332623894  34.585525261256585  74.87123631849403  98.60025824857323  115.6547930143474 
5510705  8.917944487836303  23.358005299919636  34.56811975878426  74.83684967956633  98.5675593058349  115.61274151430078 
5534263  8.917745097733896  23.35774117355079  34.5676548274082  74.83592516092713  98.56681254445095  115.61153536089759 
6136074  8.912030428639827  23.348921987788007  34.55216538348786  74.80578158676775  98.53849269267933  115.5742125576967 
6159632  8.911839553752278  23.34867486250661  34.55172957887796  74.80492537873296  98.53781791416773  115.57310216690904 
6761443  8.906454267468632  23.3405567506601  34.53772076045106  74.77817489218482  98.51303859035691  115.53963012034788 
6785001  8.90626977919599  23.340318422343802  34.537312485408854  74.77737005555703  98.51242073533541  115.53859623839801 
7386812  8.901135601928711  23.332747096314108  34.524451426703976  74.75323999946741  98.49047168334948  115.508246126326 
7410370  8.900954945287879  23.3325200948971  34.52406075916607  74.75247419343657  98.48989944882173  115.50726955893893 
8012181  8.896015711043802  23.32538763984025  34.51210879952576  74.73028996914701  98.47018896648181  115.4793959243789 
8035739  8.895837620203737  23.32516726192789  34.51172904001581  74.7295515389877  98.4696434487754  115.47846411021587 
8637550  8.891052439346202  23.31840070922395  34.50053327227713  74.70887648208043  98.45168887436208  115.45255425536304 
8661108  8.890874641729079  23.318183140766532  34.5001602828093  74.70815925040317  98.45117308281264  115.45165651264654 
9262919  8.88621259242027  23.311726377573528  34.489615655771885  74.68875289976339  98.43470382903263  115.42736083867229 
9286477  8.886033729770295  23.311510729545645  34.4892499426953  74.68805147601189  98.4342200156497  115.4264909299881 
9888288  8.881470997770373  23.305324922915666  34.47927733995477  74.66978376586263  98.41906370206895  115.4035767697671 
9911846  8.881290411647702  23.3051090113733  34.47891359996507  74.66909263697576  98.41857449214965  115.40272530190582 
10513657  8.876808970708723  23.29915455467091  34.46945407954819  74.65189519356505  98.40466258493142  115.38105518733933 
10537215  8.876625122965129  23.298940720516423  34.46908765238988  74.65121221407256  98.40420072250639  115.38021701807169 
11139026  8.872210339932552  23.29319036687602  34.46007735544009  74.63501485403319  98.39138517815222  115.35967432318607 
11162584  8.872022478882755  23.292974710579653  34.459708174346346  74.63433244404014  98.39093228059907  115.358841716583 
11764395  8.867663770546645  23.28740229520336  34.451082036200916  74.61902660778176  98.37911357396911  115.33931312881708 
11787953  8.86747108351149  23.287181951939235  34.45070695179747  74.61833917126971  98.37866611379471  115.33848210982093 
12389764  8.863158991986673  23.281753885806097  34.44240691429038  74.60380988506475  98.36769982686239  115.31984933475525 
12413322  8.862959876589851  23.28153265498133  34.44202439732572  74.60311673623606  98.36726027454249  115.31901586556134 
13015133  8.858684712312911  23.276212479064192  34.433987595569675  74.58922445179194  98.35703009124869  115.30116320376419 
13038691  8.858477903937917  23.275984813790906  34.43359472488215  74.58851414146913  98.3565846429238  115.30031469450176 
13640502  8.85422982936009  23.270750320622174  34.425766229687895  74.57510750252132  98.34697198236587  115.28312153306292 
13664060  8.854014140686461  23.270514955579387  34.425359371713874  74.57437435886347  98.34651905380191  115.28225649505077 
14265871  8.84978590203231  23.26535176647665  34.4176993302107  74.56134666780991  98.33742624228742  115.26561400378145 
14289429  8.849560842729979  23.265108761382677  34.41727716919626  74.56060746239257  98.33696248031364  115.26473134161225 
14891240  8.845349719374049  23.260011736275803  34.40976342982894  74.54789550276543  98.32831560358736  115.24856180167528 
14914798  8.845114463043997  23.25975892543683  34.40932654813757  74.54711863919123  98.32784126460477  115.2476537266978 
15516609  8.840920488284574  23.25471223074349  34.401957949132964  74.53471844628638  98.31960134417615  115.23190680059386 
15540167  8.840673457463955  23.25444862980612  34.401502581479285  74.5339125772303  98.31910621525714  115.23096965848005 
16141978  8.836496354343652  23.249458749095957  34.39427419025408  74.52179635776484  98.31123239450768  115.21560064268027 
16165536  8.836237222235763  23.2491834435506  34.39379950734182  74.52095908052341  98.31072181951275  115.21463069127263 
16767347  8.832078875029602  23.244236373868592  34.38670886159851  74.509120304523  98.30318267882319  115.19959758271159 
16790905  8.83180577622764  23.243952125218716  34.38621361135849  74.50824927054305  98.30264475607302  115.1986022824858 
17392716  8.82766783343314  23.239048097114285  34.37926006432048  74.49669063304734  98.2954295920114  115.18391018886045 
17416274  8.827380299243378  23.23874583565555  34.378741701820395  74.49578140105004  98.29487262360686  115.18286493916378 
18018085  8.823260212333622  23.23388333174241  34.37192294743393  74.48448472602365  98.28791093247948  115.16848533909601 
18041643  8.822957297045978  23.233567527581418  34.37137999175921  74.48353768810418  98.28734104244377  115.1673987551127 
18643454  8.818847851635843  23.22874348522373  34.364679939621276  74.4724821987725  98.28062875596419  115.15332049663525 
18667012  8.818528737182492  23.228411040486847  34.36410885567552  74.4714938874551  98.28003936285418  115.15218930519711 
19268823  8.814420627459914  23.2236254590764  34.35750648282888  74.46065722432517  98.27356058184296  115.13840227152353 
19276113  8.814316688550502  23.223517113944123  34.35732225170961  74.46033821890205  98.27336898776288  115.1380370383498 
19862265  8.810307700262655  23.218895288713572  34.350966542791426  74.4499616479237  98.26726001606905  115.12485603051746 
19874286  8.810127137018569  23.218707350579972  34.35064714387765  74.44940978413999  98.26693259364534  115.1242290070367 
20460438  8.806105809666146  23.214120558542167  34.34434597476602  74.43918418475549  98.26100800253211  115.11127971099316 
20472459  8.80591561418594  23.213921067551077  34.34401333417869  74.43860758105228  98.26066341511378  115.11062459567857 
21058611  8.80188111117633  23.209365299337698  34.33775602166994  74.42851504796879  98.25491002241614  115.09788860680766 
21070632  8.801679954510382  23.20915764720918  34.33740325445981  74.42791141153391  98.25454690266069  115.09719907008008 
21656784  8.79763111319651  23.204632369037807  34.33118009608015  74.41793078947256  98.24894214710797  115.08466094578759 
21668805  8.797418483448094  23.20441378948324  34.33081084380099  74.41728974552129  98.24855994490419  115.08393177005865 
22254957  8.793355349435599  23.199919526343113  34.32460439488122  74.40740013654138  98.24308034333988  115.07157026479298 
22266978  8.793130664074157  23.199684937465456  34.32421345564795  74.40672666601847  98.2426864918428  115.070809123598 
22853130  8.789057926931328  23.195224588362798  34.31801672908305  74.39689750989255  98.23729892586346  115.05860909978159 
22865151  8.788820183040427  23.194982287555725  34.3176044635181  74.39618701074005  98.23686706634159  115.05780418126338 
23451303  8.784743967122385  23.190565416466583  34.31141215694415  74.38640235377727  98.23158600200586  115.04576099972216 
23463324  8.784492551637365  23.19030402979007  34.310979765943564  74.38567807407176  98.23113709019341  115.04491707870127 
24049476  8.78042035630071  23.185938947006395  34.30479448339533  74.37590493050939  98.22593733964499  115.03303076609335 
24061497  8.7801543100682  23.185664104726364  34.30433866125211  74.37511528842992  98.22545249669163  115.03213532991947 
24647649  8.776093270027719  23.181352404996566  34.29816550524111  74.36539873102562  98.22034055336391  115.02041572791794 
24659670  8.775812382683965  23.181063783029042  34.29768304792029  74.36456185168308  98.21982855641706  115.01946953501947 
25245822  8.771768595579204  23.176815641070476  34.29152431835159  74.35485964987478  98.21479092183496  115.00790127997989 
25257843  8.771471694460638  23.17651236459567  34.291019416957816  74.35397164768465  98.214242589645  115.0069012853448 
25843995  8.7674453887722  23.17233482581658  34.284874259890046  74.34430258964935  98.20927895419416  114.99546513942066 
25856016  8.767132629398422  23.172011319468982  34.284343657658155  74.34337732637009  98.20869677839194  114.99441409219037 
26442168  8.763116562773106  23.16790655499498  34.278204948659756  74.33371226839496  98.20377365612302  114.98304297883445 
26454189  8.762787098198146  23.16756778007331  34.27764710529008  74.33273721835273  98.20315382082232  114.9819359837226 
27040341  8.75876954845356  23.163526668368117  34.27150210015763  74.32307218784838  98.19827227679455  114.97057790144115 
27052362  8.758422975646761  23.16316833003375  34.27091730298719  74.32204567546206  98.19762061481867  114.96940886682675 
27638514  8.75438904994274  23.159175696333875  34.26474573897252  74.3123464343067  98.19277070455057  114.95802176183679 
27650535  8.754024475935061  23.158797764606387  34.26413333505909  74.31126606103108  98.19208788245884  114.95679292864686 
28236687  8.749961675258765  23.15482541015331  34.25791827456433  74.30149283697172  98.1872578433802  114.94536169320938 
28248708  8.74957961423517  23.154432628288756  34.257276121526566  74.30035633700705  98.18653709483095  114.94406988996356 
28834860  8.745496439093017  23.15047534192846  34.25101773905332  74.29048093389733  98.18171844678616  114.93266212154765 
28846881  8.745097996665455  23.150063463790136  34.25035125835321  74.28928837379189  98.18095874745534  114.93131338042828 
29433033  8.740998673851161  23.146122001529545  34.24405350580947  74.27930936759178  98.17615956866163  114.91991583142486 
29445054  8.740583754670636  23.14569400569591  34.24335895139876  74.27806154816452  98.17537247146899  114.91851341719395 
30031206  8.736466958331357  23.141768589239483  34.23702382306276  74.26799686293671  98.17057792515939  114.90707227199125 
30043227  8.73603469365416  23.141324833117853  34.23630278515762  74.26668612196274  98.16974636922538  114.90559045178713 
30629379  8.73190982070693  23.13742000127581  34.229944856173056  74.25651731611919  98.1649379786158  114.8940895816138 
30641400  8.731460328605534  23.13695968593051  34.22919510733282  74.25514946321609  98.16406461783173  114.89253937996014 
31227552  8.727329917142962  23.13307660638654  34.22281350553387  74.24488042989594  98.15921793315096  114.88092500497238 
31239573  8.726864741209765  23.132600111865145  34.22203885559139  74.24345401558264  98.15829804253919  114.87930096882637 
31825725  8.722711616301128  23.128737943041607  34.21557833690566  74.23301568866309  98.15339721321058  114.86759146481492 
31837746  8.722228431000204  23.128243107394052  34.214776802120895  74.23152385014424  98.1524386928964  114.8658889777956 
32423898  8.717980426223512  23.124360429226044  34.20813105044815  74.22079163961124  98.14747390933906  114.85401993516034 
32430648  8.717699423987815  23.124071134590462  34.20766457348668  74.2199115678665  98.14690754761966  114.85302655889586 
33080995  8.712906231969786  23.119726020589308  34.200105079987814  74.20766927035085  98.14134909191716  114.83985219384006 
33091795  8.712446372595146  23.119253643034448  34.199338782947144  74.20619776842969  98.14042258136294  114.8382041530022 
33742142  8.707569243478204  23.11487473050524  34.19155617016113  74.19355619042472  98.13490073924044  114.82507395066524 
33752942  8.707095394308702  23.11438898726494  34.19076517879581  74.19201234102084  98.1339683073978  114.82336651619715 
34403289  8.702103015500173  23.10995677523194  34.18269954005777  74.1789304584811  98.12834401730308  114.81012812081205 
34414089  8.70161513001019  23.109458243421116  34.18188744726606  74.17730515997053  98.12737616024755  114.8083482133996 
35064436  8.696511751970165  23.10498885217098  34.17353992035223  74.16378083769597  98.1215916548891  114.79498085579947 
35075236  8.696011515360436  23.104479669932626  34.172704734238806  74.16207692360344  98.12058657972844  114.79313095274935 
35725583  8.690802692724121  23.10000259791069  34.16409199686733  74.14815470728942  98.11462325991539  114.77960468466908 
35736383  8.690290504627322  23.0994825378188  34.1632366628324  74.14637526356961  98.11358400022394  114.77767943718877 
36386730  8.68498294025102  23.0950052366004  34.1543648665282  74.13203459728676  98.10744767147871  114.76404861631285 
36397530  8.684462758397784  23.094479744253217  34.1534949679421  74.13018376403014  98.10637198568412  114.76206498858595 
37047877  8.679079616356931  23.090027702962512  34.14439769943556  74.11544142706012  98.10007292148418  114.74846054713848 
37058677  8.678551952932771  23.089494917493102  34.14351190029004  74.11352013916593  98.09896612352897  114.74641915678555 
37709024  8.67310933396924  23.085106437233183  34.134225093608435  74.09848217009213  98.09252616030028  114.73288213607171 
37719824  8.672582078893797  23.08457728008011  34.133334129051384  74.09651069853336  98.09138982670086  114.7308121142649 
38370171  8.667096769378748  23.080281530764825  34.12388672378182  74.08124728491467  98.08484764324103  114.71746093367067 
38380971  8.666567012696456  23.079756622278023  34.12299100413297  74.07923357695714  98.08369406256708  114.71535392701861 
39031318  8.661019775969777  23.075531102167638  34.11335311041467  74.06371965387747  98.07711810594442  114.70219557346401 
39042118  8.66049415125516  23.075012037367713  34.11246112353199  74.06167088603324  98.0759852201693  114.70008888953852 
39692465  8.654880739015672  23.070881517401386  34.102616791148364  74.0459269021843  98.06940078731823  114.68717521770928 
39703265  8.654356894563472  23.070368686659368  34.10172578359192  74.0438525475371  98.06828416894322  114.68506111166944 
41010857  8.642856617296617  23.06225038939852  34.08142104381129  74.01171022138846  98.05505820652728  114.65955856041178 
41015609  8.642628693269447  23.062030993461914  34.081032249073566  74.01079451847927  98.05458687993382  114.65865418692968 
