0  9.214856772281152  24.067593091051194  35.66785721777342  77.22395702884978  101.53676304707331  119.57267631261921 
30627  9.200264602431893  24.047252952681966  35.621909023133206  77.12916757639215  101.45342053224233  119.46884154032504 
73915  9.184803814634888  24.024585346357604  35.5722481304439  77.02664527107208  101.36038687428378  119.35347841271111 
134443  9.16863748931602  23.999758471172004  35.51986960251367  76.9180499206689  101.25793812975873  119.22796667131817 
217703  9.152075914060552  23.97330282843786  35.46598314203148  76.80619374091789  101.15000460762684  119.0953078215077 
334465  9.134814163250933  23.944824943252396  35.41011277172609  76.69115220229888  101.03595090229493  118.95544159062267 
497599  9.117095417709985  23.914748710256333  35.352943478866784  76.5722942851845  100.91502930049384  118.80883563872226 
728338  9.098768474986782  23.883050458351015  35.29464552747637  76.45123895237668  100.79070364412003  118.65612333315904 
1040195  9.080772437922706  23.851626634562145  35.23764968012405  76.33285479241246  100.6678852489737  118.50692120187757 
1455511  9.063203994719956  23.820902225105318  35.182307022661725  76.21661050788833  100.54961897965404  118.36062431908846 
2035828  9.044844027131331  23.788911949088366  35.1244801931886  76.09550924398249  100.42581616182939  118.20913894784398 
2882053  9.024866871713972  23.754598758225352  35.06080701223277  75.9603733494877  100.29532548032232  118.04481691240179 
4142065  9.00281300521614  23.717507625334424  34.99218448992736  75.81759721447617  100.15342381266207  117.8699656906633 
5960689  8.978759753239018  23.678872659185746  34.91945972012256  75.66752948648313  100.01304176995416  117.69183676378252 
8832648  8.948886034656287  23.633544908838406  34.837659814268605  75.5056075438386  99.86230685965626  117.49526836877598 
13832648.0  8.90532280154495  23.574769797759473  34.732553318469364  75.30748239953033  99.69306760035238  117.25465541210683 
18832648.0  8.864983842043683  23.530288299763107  34.65550738349836  75.17559178549625  99.60005973165529  117.0940173153375 
23832648.0  8.825072503986071  23.491391933198607  34.59204594516366  75.07348397054746  99.54113495177651  116.96862407088298 
28832648.0  8.788794877085783  23.4576290697101  34.53928270745598  74.99221054166487  99.49981866083884  116.8653242977692 
33832648.0  8.755323159027997  23.428604773776506  34.49294003109295  74.92431414448059  99.46836487286983  116.77843949616862 
38832648.0  8.723566639101508  23.40349868497559  34.449046710275915  74.86180956913118  99.44144404364579  116.70182801731524 
41015609.0  8.709556985562964  23.392388079243524  34.43006742352047  74.83484462700557  99.43016447932611  116.66959807185525 
