0  9.214856772281152  24.067593091051194  35.66785721777342  77.22395702884978  101.53676304707331  119.57267631261921 
30627  9.200264602431893  24.047252952681966  35.621909023133206  77.12916757639215  101.45342053224233  119.46884154032504 
78043  9.184586957220944  24.02398081046169  35.571394232714134  77.02481915261201  101.3578785645076  119.35049045142644 
150498  9.168054261684144  23.998056182409105  35.517572264274726  76.91308720558204  101.25087852300847  119.21973165711472 
259208  9.151069234043653  23.970242210601675  35.46202138917424  76.79764657358918  101.13762297203493  119.08073820148263 
425987  9.133282240734747  23.94014366145872  35.40423013686886  76.67861660881849  101.01735415080974  118.93375090238085 
680191  9.115047515822276  23.908459510163382  35.345292770673666  76.5557571580717  100.89026280532615  118.78000498598718 
1072362  9.096145519529305  23.875242714929637  35.28543483452589  76.43174840378138  100.76122409247039  118.62134401786314 
1641302  9.077745681002968  23.842932789992577  35.2275145634978  76.311034196277  100.63578310508503  118.46873533004998 
2467781  9.059286239121928  23.81090119208262  35.17030881278845  76.19138457077011  100.51487900740467  118.31809929236469 
3745613  9.038787011904622  23.77624357166691  35.10779156556936  76.0618048125552  100.38468849151397  118.15726012152543 
5700566  9.015774546864906  23.739239317267177  35.03911809042123  75.91749089159235  100.25067460923091  117.9852864414636 
8607041  8.988994375043232  23.699632565976046  34.9657116195479  75.77269115584916  100.11630526632403  117.81381283550365 
13373954  8.950280797356479  23.64849467751233  34.87406081585855  75.59774570188522  99.96661112704744  117.609892791583 
18373954.0  8.90970825272309  23.603076079167604  34.793913255350766  75.45897578448489  99.86606261682971  117.45013983849823 
23373954.0  8.864460120855568  23.559585017564444  34.71807536001141  75.33954754355217  99.79526869810168  117.3120862135528 
28373954.0  8.81664783355279  23.517905296977688  34.64860173085937  75.23719353259793  99.74531499792671  117.19002942860715 
33373954.0  8.774538268058723  23.48193462932299  34.59191510124428  75.15630352510154  99.70874574568255  117.085495325715 
38373954.0  8.735135144400047  23.45164117874002  34.5400936519499  75.0867591787029  99.67999571396633  116.9979937135115 
41015609.0  8.714886707875197  23.43666470047936  34.51343909945617  75.05155034878547  99.66606920576099  116.95560102849514 
