0  9.214856772281152  24.067593091051194  35.66785721777342  77.22395702884978  101.53676304707331  119.57267631261921 
30627  9.200264602431893  24.047252952681966  35.621909023133206  77.12916757639215  101.45342053224233  119.46884154032504 
73915  9.184803814634888  24.024585346357604  35.5722481304439  77.02664527107208  101.36038687428378  119.35347841271111 
134443  9.168637836460494  23.999754796015477  35.51986993309495  76.91805035843929  101.2579373248182  119.22796389451719 
217703  9.15207620280609  23.973304746248804  35.46598379190589  76.8061933336588  101.15000398070212  119.09530849750314 
334465  9.134813888660641  23.944823882008272  35.4101129752981  76.69115008377072  101.03595064438741  118.9554418317408 
497598  9.117096160130139  23.914746877244188  35.35294512805121  76.57232677333012  100.91503313606913  118.80883752821141 
728336  9.098768725130514  23.88305164850771  35.29464895884537  76.4512422219562  100.79070567308794  118.65612493871413 
1040192  9.080772652572387  23.85162605720366  35.23765051476173  76.3328554732173  100.66789162941943  118.50692391185761 
1455508  9.063203652038784  23.820905493408002  35.18230497149857  76.21661187291026  100.54961891129498  118.36062515732641 
2035824  9.044844213484218  23.788911734309075  35.12447474838028  76.09551116700307  100.42581687476569  118.2091431340002 
2882048  9.024867036726846  23.75459860970446  35.06080730549251  75.96037328669073  100.29532593184668  118.04481720270712 
4142060  9.002812687047786  23.717504679002754  34.99218461357941  75.81760078825812  100.15342366728456  117.8699711262402 
5960684  8.978760220279193  23.67887428542818  34.91945888466155  75.66752451058959  100.01304071722333  117.69183677125544 
8832644  8.948886487763236  23.63354388642625  34.837660227841646  75.50560370440957  99.86230150087741  117.49526830358747 
13832644.0  8.905322500182578  23.57476841020695  34.73255116016105  75.30748273361638  99.69306768510975  117.25465567141306 
18832644.0  8.864983960510365  23.530285346069544  34.6555076897471  75.17559203763888  99.60005853433155  117.09401797041315 
23832644.0  8.82507222810885  23.49138971047203  34.59204555206565  75.07348467046265  99.54113609843014  116.96862514405043 
28832644.0  8.788794711041136  23.457630843926523  34.53928279817882  74.99221065754669  99.49981906441488  116.8653247112026 
33832644.0  8.755323369247577  23.428605956548424  34.49293995794332  74.92431292930236  99.46836534213128  116.77844094823763 
38832644.0  8.72356640373823  23.403500201780098  34.44904680828064  74.8618101572144  99.44144785055991  116.70182933025784 
41015609.0  8.709557315811642  23.39238859398782  34.43006677150523  74.83484484707739  99.430161982476  116.6695950386425 
