0  9.214748306109065  24.067549463342225  35.66758017141654  77.22310102253388  101.53671602160387  119.57082189609014 
30627  9.200155245955482  24.047173434768855  35.62161760911115  77.12827071049091  101.45328820215465  119.46689805988711 
33264  9.199215011664613  24.045790357894067  35.61858920283815  77.1220189510087  101.44758345889355  119.45986074179687 
38664  9.197224063523318  24.04275557044614  35.61211488558461  77.10862746017007  101.43546583366285  119.44473206721993 
81908  9.18188107159561  24.0192832532508  35.56211215643889  77.00510994348727  101.34146748415144  119.32748362071821 
143606  9.165723357625206  23.99366794295909  35.508867740032976  76.89422247194172  101.23739970889683  119.19882398665537 
231659  9.148821061861677  23.96606004144276  35.452801121772765  76.77747249046378  101.12491497698817  119.06023248788016 
356307  9.131400039162195  23.93681026327061  35.39457227444112  76.65654370786163  101.00533111673624  118.91405465171644 
527987  9.113998668562639  23.9068159614121  35.3357979641106  76.53405223908888  100.88296615235872  118.7648744648546 
767705  9.096341560981026  23.87569433385919  35.27595783203472  76.40910670171867  100.75624256764392  118.61101466113001 
794232  9.094929637438105  23.873172070512968  35.27118017037351  76.39908371719669  100.74599564400172  118.59856345108062 
796932  9.094781387477054  23.87290457503607  35.270666328034885  76.39800680698816  100.74490166889808  118.59724119751414 
1118498  9.07712931761845  23.841176944095285  35.209397621482346  76.26956497048135  100.61468316371057  118.43943882830487 
1148580  9.075930645998401  23.839004332113937  35.20526989811408  76.26090337967862  100.60580867800694  118.42870487177869 
1156680  9.075610465712304  23.838426561720915  35.204164780108506  76.25857977515385  100.6034254935104  118.42582550500526 
1597138  9.05830005912152  23.8070229283122  35.14437442289487  76.13262581088375  100.47453034692448  118.26981803584728 
1758491  9.053641886469403  23.798551579682506  35.128378085247604  76.09898994837226  100.43984605098409  118.22787193480467 
1782049  9.053006681430128  23.79739575532477  35.126193875896  76.09438848761376  100.43506576499973  118.22212272111832 
2383860  9.036919505618181  23.76809791467619  35.07087278049798  75.97798569660414  100.31469671390062  118.07670394255393 
2407418  9.03643997656749  23.76722811549896  35.06922911165632  75.97453063190427  100.31112159871763  118.07237207606875 
3009229  9.02423677904792  23.7450165879499  35.02730933405376  75.88669020039957  100.21963049437299  117.96207752849237 
3032787  9.023846558549593  23.74430936490296  35.02597241108666  75.88388993521305  100.21671506572352  117.95855477934212 
3634598  9.013917036327198  23.72624252346059  34.991838993470985  75.81261911067823  100.14212864320774  117.86889382647213 
3658156  9.013586430877831  23.725643613584886  34.99070571378956  75.81025343477431  100.13962021894224  117.86591204050912 
4259967  9.00517176217207  23.710354157660415  34.96176480606138  75.74991858794228  100.07643315934051  117.79002178923767 
4283525  9.004884260886563  23.70983118648517  34.96078078310701  75.74786018874042  100.07428887871733  117.78743308522341 
4885336  8.997558667925173  23.6965397542833  34.93561392044021  75.69537344311196  100.01931144450364  117.7214344644488 
4908894  8.997303794777944  23.696077724302977  34.93473985193485  75.69354799736755  100.01740237181635  117.71913860835755 
5510705  8.990800669211051  23.684294227628776  34.91245566912807  75.6470646507351  99.96869612207769  117.66064217489992 
5534263  8.990570625511488  23.683875607151755  34.911666917883586  75.64542112171053  99.96697764327632  117.65857785636014 
6136074  8.984710793558762  23.673277941181045  34.89163723177114  75.60364279702328  99.92321386230778  117.60597721142041 
6159632  8.98450196479198  23.67289848750206  34.890922602274934  75.60215026640346  99.92165253807762  117.60409911354805 
6761443  8.97915985248358  23.663250373663523  34.872711373268636  75.56416195830153  99.88186785114911  117.55625334429288 
6785001  8.9789670528521  23.662903962499353  34.87205519372916  75.56278767876367  99.88043641569966  117.55453047477913 
7386812  8.974051056946056  23.6540409993389  34.85533984783748  75.52791412564449  99.84392786786196  117.51060242450258 
7410370  8.973871656517202  23.653717342839546  34.85473748622636  75.52665264010642  99.84260499893105  117.50900929862023 
8012181  8.969311787968481  23.645507599418355  34.8392744330296  75.4943985913764  99.80884663574427  117.46837122974948 
8035739  8.969144570227142  23.64520734737781  34.83870987602731  75.49322059904948  99.80761585773794  117.4668863828672 
8637550  8.964886840871706  23.637558689054188  34.82431525142127  75.4631962045474  99.77618707489077  117.4290480348128 
8661108  8.964729672005602  23.637275585167654  34.82378865402595  75.46209506064449  99.77504664919087  117.42766024938749 
9262919  8.96073115236905  23.63010929046477  34.810308066931896  75.43398385142893  99.74563326176988  117.39223234928353 
9286477  8.960582920751893  23.62984145028933  34.80981122473506  75.4329491845022  99.74456337378366  117.39092504200981 
9888288  8.956809064158058  23.623090193260957  34.79712194901025  75.4064903617286  99.71691576961886  117.35759141170399 
9911846  8.956668602843159  23.622841330317442  34.79665063687883  75.40550758902086  99.71589537516977  117.35635650339412 
10513657  8.953091325522271  23.616457581952154  34.784648351302536  75.38048064224235  99.68978655617381  117.32485738817383 
10537215  8.95295747534819  23.61621898387862  34.78420158855019  75.37955536936916  99.68881547596955  117.32368814178285 
11139026  8.94955388987355  23.610159955333312  34.772810649491795  75.35581954907435  99.6640738104424  117.29382352154822 
11162584  8.949426870274136  23.609931959793656  34.77238609228826  75.35494608610901  99.66316329710102  117.29271738379008 
11764395  8.946177807775221  23.604164599616414  34.761544849894086  75.33235636596743  99.63963910948385  117.26431337512646 
11787953  8.946056066522473  23.603947449263046  34.7611382829126  75.33151054003349  99.63875923789395  117.26325078173484 
12389764  8.942945596632011  23.59844453796659  34.75078868360588  75.30996653230481  99.61634929216983  117.2361597999592 
12413322  8.942828132170268  23.59823803490107  34.750402585980986  75.30916224975823  99.61550708550544  117.23514621628999 
13015133  8.939842157983128  23.59296286119211  34.74049537525809  75.28855404649464  99.59408931635234  117.20923945184776 
13038691  8.939729554907334  23.592764940444756  34.740123199232855  75.28777313043611  99.59328541509818  117.20826635607041 
13640502  8.936855561431296  23.587703914426232  34.73061557177566  75.26800433727404  99.57276764923115  117.1834342995658 
13664060  8.936746445079237  23.587514088725758  34.73025867907335  75.26726117828734  99.57200572782239  117.18250068764581 
14265871  8.933974455905688  23.58265326021777  34.72111475422404  75.24826136975534  99.55230626497148  117.15864802666965 
14289429  8.933869575502294  23.582468849747602  34.720770081276406  75.24754404060168  99.55156196269013  117.15774814208699 
14891240  8.931190915073941  23.57778282192158  34.71195954674729  75.229242740394  99.53262399240216  117.13479212929217 
14914798  8.931089492943084  23.577601678391666  34.711625604724844  75.22855159458068  99.53190849235074  117.13392557569323 
15516609  8.928495884920519  23.573073763986052  34.703122588248924  75.21090045422984  99.51366625721572  117.11179500518986 
15540167  8.928397631023657  23.572902604567584  34.70280051861005  75.21023411051269  99.51297626479722  117.1109640281493 
16141978  8.925881732400462  23.568525736449605  34.69457939485191  75.19317729288032  99.49537399027578  117.08958724935825 
16165536  8.925785375410895  23.568363453600444  34.694267168062034  75.19252239928944  99.49465697026199  117.08877616974792 
16767347  8.923341516415299  23.564119499688513  34.68630271837707  75.17601907732553  99.47769340378841  117.06810749504963 
16790905  8.923248790042154  23.563962210059767  34.68599800900506  75.17538776292443  99.47704438236855  117.06732293337252 
17392716  8.92087077343624  23.55984870579608  34.678278657782016  75.15939497824738  99.46058421968208  117.04730652999044 
17416274  8.920780002153855  23.559693435681147  34.6779852290041  75.15878657951029  99.45996023620633  117.04654592353386 
18018085  8.918463424447435  23.555699309497314  34.67048712178204  75.14326632447182  99.44400929179346  117.027135417265 
18041643  8.918374815167924  23.555548464566318  34.670201497832345  75.14267718406536  99.44340107467015  117.02639709764195 
18643454  8.91611511477031  23.55166514071238  34.66290980622698  75.1275947297953  99.42792862266691  117.00754914445595 
18667012  8.916028751072588  23.55151516020406  34.662632903929456  75.1270196965612  99.42733824281517  117.00683191823225 
19268823  8.913821496030964  23.547735042538488  34.655533148850836  75.11234933837947  99.41230788554815  116.98851100769436 
19276113  8.913795342711307  23.54769363047637  34.65544663733481  75.1121767794872  99.4121318144096  116.98829462535254 
19862265  8.911691744098615  23.544098345561373  34.648703896395816  75.09825433836768  99.39788679768102  116.97091969764318 
19874286  8.911649518216361  23.54402596732151  34.648569072722125  75.09797309977255  99.39760215687048  116.97057176370049 
20460438  8.909589296946086  23.54051785284484  34.64198322567767  75.08438852920757  99.38372199407253  116.95362417999263 
20472459  8.90954772907377  23.540448258975598  34.64185162558133  75.08411532653244  99.38344719494367  116.95328565982835 
21058611  8.907527532581623  23.53702119369203  34.635410853835936  75.07084228237801  99.36991102289612  116.93674099157136 
21070632  8.907486486964228  23.536949830786757  34.635280381952434  75.07058091599947  99.36963829392786  116.93641501954089 
21656784  8.90550365434898  23.533595651806927  34.62898239959463  75.0576099151823  99.35640858922567  116.92025577489503 
21668805  8.905463645111476  23.53352859772569  34.62885546588105  75.05735300187742  99.35616513640477  116.91993310680434 
22254957  8.90351542825009  23.530241476637958  34.62268404044074  75.04466184560538  99.34326246853928  116.90414060647721 
22266978  8.90347600014387  23.53017922616529  34.62256282268939  75.04440757712943  99.34300588658242  116.903823389297 
22853130  8.90156096197127  23.526958000882694  34.616516719874916  75.03198562838708  99.33039716299697  116.8883715846211 
22865151  8.901522301905986  23.526893411138108  34.6163944934367  75.03173349667293  99.33014140667088  116.88806049288499 
23451303  8.899638074645058  23.523734586703192  34.610465916127495  75.01956185734305  99.3178098630619  116.87293502582999 
23463324  8.89959985226182  23.523673478794034  34.61034704095192  75.01932349849686  99.31756257731901  116.87263073229798 
24049476  8.897744306682009  23.520575501611393  34.60452760533476  75.00738207614816  99.3054852371449  116.85781347180881 
24061497  8.89770692341373  23.5205120147066  34.60441084147588  75.00714169272563  99.30524726623256  116.85751550238993 
24647649  8.895878859589766  23.517471225928222  34.59869726912878  74.99543291248119  99.29342670722332  116.84299052287571 
24659670  8.895842245255974  23.517412775818933  34.598581479927574  74.99519743054276  99.29318767141393  116.84269898351639 
25245822  8.894039507647252  23.51442323270461  34.59296637552519  74.98370211436524  99.28160424878742  116.82845170383615 
25257843  8.894002770862398  23.5143661700394  34.59285316213087  74.9834717352274  99.28137371402605  116.82816487540491 
25843995  8.892225550863467  23.511425945281815  34.58732807886444  74.97217820152441  99.27001654509421  116.81417932112717 
25856016  8.892189120675658  23.511366580726207  34.58721877783297  74.97195015889292  99.26978833233808  116.81389428039702 
26442168  8.89043452143039  23.508476117809714  34.58178779329049  74.96085323521977  99.25864945189146  116.80016987122393 
26454189  8.890398905955958  23.508418065132023  34.581678731989165  74.9606292283884  99.25842651276601  116.7998931090357 
27040341  8.888665407067572  23.505575389281738  34.57633235709158  74.94971627570997  99.24749270884726  116.78640311556906 
27052362  8.888630321317226  23.50551686207888  34.57622385573572  74.94949529489467  99.24727265631677  116.78613132578478 
27638514  8.886917009107203  23.50271757085396  34.57095910629028  74.93875821565084  99.23653907635966  116.77287058424699 
27650535  8.886882463682097  23.502659623828364  34.570852622200874  74.93854085245648  99.23632442604539  116.77260348038288 
28236687  8.88518811938469  23.499902563813478  34.56566273591782  74.92797008894888  99.22578209621534  116.75956358896771 
28248708  8.885153941469193  23.499845359683555  34.56555739259198  74.92775956445983  99.2255675431717  116.75931642807252 
28834860  8.883477627589006  23.497126304816362  34.560442293173274  74.91734827242233  99.2152061256361  116.74646976043576 
28846881  8.883443363168627  23.49707200546209  34.56033823127283  74.91713645520248  99.21499885957695  116.74620938271535 
29433033  8.881784552482769  23.494388457876628  34.55529244580492  74.90687340621946  99.20481205374423  116.73357818835497 
29445054  8.881750593450501  23.494334711665296  34.555189851093644  74.90666304586304  99.20459682500798  116.73331674314403 
30031206  8.880107486155918  23.491686871555117  34.55020762036347  74.89654997143704  99.19458122234444  116.72088173400381 
30043227  8.880074219670597  23.491633746961362  34.550106281664114  74.89634278866647  99.19438020181612  116.72063024359059 
30629379  8.878446069942203  23.48902269594484  34.54519073465898  74.88636865362098  99.184521421708  116.70837565878695 
30641400  8.878412646315258  23.48897047962307  34.5450907431371  74.8861674472453  99.1843193803637  116.70812652801405 
31227552  8.87679878738235  23.486388828326216  34.54023312147002  74.87632474503316  99.17461280013453  116.69604392499126 
