0  9.214856772281152  24.067593091051194  35.66785721777342  77.22395702884978  101.53676304707331  119.57267631261921 
30627  9.200264602431893  24.047252952681966  35.621909023133206  77.12916757639215  101.45342053224233  119.46884154032504 
73915  9.184799810228343  24.0245859728186  35.57224196925456  77.02663521433342  101.36038272213727  119.35346953229897 
134443  9.168624714049317  23.999746073583633  35.51984671260851  76.91801418456397  101.25791895638412  119.22793089186393 
217701  9.152046452292419  23.973276489774815  35.46593162867661  76.80610994076011  101.14996532773293  119.09523050496341 
334461  9.13475335736852  23.94476633028517  35.410006641180935  76.69098057458338  101.03586527249516  118.95528273419184 
497589  9.116982831436994  23.91463798671233  35.352748878928914  76.57199741415717  100.91487120736653  118.80853375182978 
728301  9.098568126089168  23.882855955873524  35.29431252278113  76.4507167622442  100.79045370814755  118.65561804874575 
1039956  9.080441399583226  23.851312967244905  35.23710970446457  76.33197697620072  100.66750061708524  118.50611486703254 
1455018  9.062662661289949  23.820393158107233  35.18143432982842  76.215235877839  100.54904438401043  118.35935178663269 
2035895  9.043923713790473  23.78802611048962  35.12295027254164  76.09305976386304  100.42465571301379  118.206814170687 
2883531  9.023304531607101  23.753097277037764  35.05816188454993  75.95594833636885  100.29322961884375  118.04068140206408 
4117799  9.000646638517127  23.715842044556883  34.989278525088245  75.81398804558731  100.15343709805383  117.86762406473422 
5906107  8.97495290294841  23.675923470762406  34.91465625554401  75.66121004145226  100.01248702446588  117.68714325482658 
8768472  8.941120385032953  23.627155418731498  34.82686738658384  75.49048248450913  99.85967876621405  117.48242392689018 
13768472.0  8.888253561514983  23.5612003050633  34.70974444466429  75.27898792110484  99.68910599839498  117.22720780847509 
18768472.0  8.83602314350325  23.50881796900647  34.62045577273318  75.13426256359915  99.59927946349583  117.05319297149717 
23768472.0  8.787293738454794  23.464084675325484  34.54896643080559  75.02495319948893  99.54369423750131  116.91747146201149 
28768472.0  8.744101148778244  23.42751521018284  34.48950587542793  74.93915635356423  99.50496441466093  116.80951939604617 
33768472.0  8.702564358863961  23.3953760537209  34.43262574703253  74.85962592320388  99.47185194122291  116.7144529251493 
38768472.0  8.65696442104671  23.361809138134397  34.37004985387367  74.77556727085377  99.43987438915202  116.62602216030183 
41015609.0  8.633959633165551  23.34720369646102  34.33667727198119  74.73433368921918  99.42584711620839  116.59242984800818 