0  9.140773521347327  23.735720189376337  35.311774109966464  76.38247733822655  100.10538898156526  117.36568441845068 
25373  9.124976109664107  23.712780864153086  35.258242001137894  76.27156041544187  100.00392054607272  117.25411686957489 
63133  9.107977989406306  23.686675789085363  35.2012004644418  76.15313546352624  99.89106566975325  117.12896301000703 
118746  9.09006592020152  23.657808138803595  35.14126263225127  76.02877911466884  99.76842212087044  116.99323558333143 
199488  9.071722145713377  23.626962310422833  35.07990780305893  75.8994657795192  99.63902358466859  116.8487618022617 
318587  9.052675595110832  23.5940703862454  35.01579359040315  75.76535798196068  99.50141884636979  116.69589328459249 
503238  9.032175129208913  23.558040491421547  34.94543442013323  75.61605035273114  99.35156141790569  116.52703107579438 
794195  9.010496136568669  23.519254684950248  34.87102827962859  75.46008280892876  99.19016118534002  116.34700890249225 
1254245  8.987835973027643  23.47856211866568  34.792333654220315  75.29403500739494  99.02247528400034  116.15814549803564 
2038443  8.962748575482703  23.433728640979126  34.7080060921206  75.11956003525516  98.8453941038811  115.95463000481186 
3592081  8.930834623665264  23.378871014255598  34.60625067889492  74.91176495293618  98.63892980852769  115.70806496124055 
6909110  8.88757676553094  23.311934315348786  34.485488712166834  74.67463617055056  98.4189012821704  115.4231502177399 
11909110.0  8.840135578815596  23.250328827250616  34.38717340439063  74.4981500851893  98.27965121554708  115.20418607604044 
16909110.0  8.795850066709978  23.19933974868304  34.313058230594706  74.37510665242887  98.20419355276346  115.05213166758706 
21909110.0  8.75095225586833  23.151538887148824  34.245275244620395  74.26804831625152  98.14793008633026  114.92334648319071 
26909110.0  8.705483829049294  23.108748546223506  34.17621287513195  74.16170635184115  98.09866195303393  114.80436169423581 
31909110.0  8.653319344763974  23.064482872109473  34.09426564856199  74.04098938319994  98.05056084298592  114.68349837072127 
36909110.0  8.592450171830562  23.021695255021605  33.99258356671256  73.90370380712234  98.00022250049581  114.57763707104773 
41015609.0  8.51467631176435  22.96580561394309  33.8687637216013  73.73789510855448  97.93848026621428  114.43811764519883 
