0  9.214856772281152  24.067593091051194  35.66785721777342  77.22395702884978  101.53676304707331  119.57267631261921 
30627  9.200264602431893  24.047252952681966  35.621909023133206  77.12916757639215  101.45342053224233  119.46884154032504 
73915  9.184803651456672  24.024588306640354  35.57224842362716  77.02664525643135  101.36038862701788  119.35347830159918 
134443  9.168637254049845  23.99975937203154  35.51986939343641  76.91805016916341  101.25793750398705  119.2279617667107 
217703  9.152076228421066  23.973304406874064  35.46598354642788  76.80619353205545  101.15000475405651  119.09530826823465 
334465  9.134814208479385  23.94482457786316  35.41011290356449  76.69115145682359  101.03595053003698  118.95544163981255 
497599  9.11709563299028  23.914745331412195  35.35294399295658  76.5723197073285  100.91503149657684  118.8088366286471 
728338  9.098768168958847  23.88304995714089  35.29464833149472  76.45123839459796  100.7907022023556  118.65612296738657 
1040195  9.080772104354704  23.851627273864118  35.237653092928234  76.33285523556235  100.66788982520849  118.50692283924107 
1455512  9.063203676016144  23.820906603859257  35.182305823628354  76.21661047903446  100.54961897288138  118.36062410845261 
2035830  9.04484411748822  23.78891339361425  35.12447767895934  76.095506424211  100.42581560564619  118.20913300674276 
2882055  9.024866842518447  23.75460098071457  35.06080683078052  75.96037199827123  100.2953246539127  118.0448159435869 
4142069  9.002812923535089  23.717504960596607  34.99218462332137  75.8175951833264  100.1534241403901  117.8699615284637 
5960692  8.978759939003238  23.67887387225997  34.91945836568644  75.66753265805345  100.01303956209136  117.69183667816085 
8832651  8.948885857444337  23.633543851926838  34.837659894696486  75.50560453247249  99.86230400878215  117.49526793845094 
13832651.0  8.905322751321641  23.574767649529875  34.73255724237013  75.30748266650126  99.69306609162548  117.25465517544052 
18832651.0  8.864983899453192  23.530285194712967  34.65550739086416  75.17559171929206  99.60005740517346  117.09401792500184 
23832651.0  8.825071874864767  23.491391085613845  34.59204587783285  75.07348359114224  99.54113735180202  116.96862438125432 
28832651.0  8.788794843989212  23.45762870803589  34.539282868247156  74.99221071138314  99.499817829268  116.86532491993864 
33832651.0  8.755323496559887  23.42860260962754  34.49294056817001  74.92431295155833  99.46836518718918  116.77843929718848 
38832651.0  8.72356683318244  23.403491420115312  34.44904878149401  74.86181051161307  99.44144030904164  116.70182873870931 
41015609.0  8.7095571355947  23.392388206081954  34.43006771958371  74.83484478324974  99.4301651740653  116.66959929044958 
