0  9.214856772281152  24.067593091051194  35.66785721777342  77.22395702884978  101.53676304707331  119.57267631261921 
30627  9.200264602431893  24.047252952681966  35.621909023133206  77.12916757639215  101.45342053224233  119.46884154032504 
73915  9.184803814634888  24.024585346357604  35.5722481304439  77.02664527107208  101.36038687428378  119.35347841271111 
134443  9.16863748931602  23.999758471172004  35.51986960251367  76.9180499206689  101.25793812975873  119.22796667131817 
217703  9.152075914060552  23.97330282843786  35.46598314203148  76.80619374091789  101.15000460762684  119.0953078215077 
334465  9.134814163250933  23.944824943252396  35.41011277172609  76.69115220229888  101.03595090229493  118.95544159062267 
497599  9.117095766122215  23.914746992172166  35.35294383172232  76.57231528850575  100.91503112162547  118.80883638235959 
728338  9.098768154538623  23.883050553664923  35.29464474033512  76.45123937777929  100.7907058408798  118.65612450465802 
1040195  9.080772220760263  23.851630756531893  35.23765378312457  76.3328559925873  100.66789074277183  118.50692683071473 
1455512  9.063204240239008  23.820901991561584  35.18230741041877  76.21661148292657  100.54961837031003  118.36062457486369 
2035829  9.044843958446869  23.788911967870998  35.124476324332164  76.09550673067383  100.4258155854194  118.2091356428722 
2882055  9.024866919218411  23.75459860355388  35.060807047286545  75.96037237662661  100.29532583724892  118.04481641574047 
4142081  9.002812338223784  23.71750490504224  34.99218396271242  75.81759911919909  100.15342136785682  117.86996751697043 
5960732  8.978759846465946  23.678873048955115  34.919457080989886  75.66752600590362  100.01303777168208  117.69183276010598 
8832726  8.94888577421746  23.633543292065426  34.83765817912843  75.50560835075531  99.86230975327767  117.49526393217835 
13832726.0  8.90532193729511  23.574768135724206  34.732550935567645  75.30748029766204  99.6930650680819  117.25465269291045 
18832726.0  8.864983017376499  23.530285817255866  34.65550641704777  75.1755903176514  99.6000592722783  117.0940152491343 
23832726.0  8.825072015666656  23.491389361198816  34.59204373221127  75.07348180957408  99.54113342312681  116.96862150333939 
28832726.0  8.788794455952297  23.457628856634447  34.539282262095476  74.99221038998296  99.49981774728016  116.86532432770687 
33832726.0  8.755322829702957  23.428607062714555  34.49293863173885  74.92431257393241  99.46836532587035  116.77843447051626 
38832726.0  8.72356601296098  23.403500298756402  34.44904739955256  74.861810014889  99.44144355296304  116.70182872323214 
41015609.0  8.709556733557653  23.39238939318073  34.43006706802702  74.83484534242191  99.43016265523326  116.66959111229758