0  9.140773521347327  23.735720189376337  35.311774109966464  76.38247733822655  100.10538898156526  117.36568441845068 
25373  9.124976109664107  23.712780864153086  35.258242001137894  76.27156041544187  100.00392054607272  117.25411686957489 
60091  9.10828177583009  23.687401466381104  35.20212420684917  76.15507566128774  99.89380165275689  117.13214523553516 
107217  9.090879217149848  23.659834069764308  35.14380679154427  76.0341300092958  99.77602075123987  117.00200100166357 
170513  9.073103457919249  23.63059350442981  35.08429112773158  75.90882067536548  99.65239148861606  116.86438973958455 
256484  9.054777073547665  23.599634916169475  35.022675964716626  75.77988226921666  99.52200630469294  116.71986233797645 
378266  9.035285725877149  23.566056175522363  34.95598845796212  75.63879345403448  99.38138349039667  116.56214201045425 
553260  9.014812160612964  23.52997803470946  34.8855620970758  75.490195389192  99.22960994288209  116.39320997221408 
806924  8.993495601862774  23.491935708623075  34.810729759115496  75.33270851343235  99.07112777559645  116.21541764558317 
1189648  8.97102879136928  23.45123607935917  34.73315122767983  75.17092804652836  98.9040560638685  116.02731484694884 
1835845  8.945310037936315  23.40483100985136  34.64443756964035  74.98524606584405  98.71760778825583  115.81066699911953 
3132303  8.912509904358032  23.347018461857527  34.53519563065235  74.76342640515584  98.4965252507049  115.54367399414886 
5767205  8.87565213279904  23.28485948907817  34.4244089613334  74.54310362234632  98.27768151765987  115.26322909451352 
10767205.0  8.838314334285561  23.225487047737676  34.32823613566158  74.35544844481656  98.10481878109373  115.01796393833389 
15767205.0  8.814896696374207  23.191025564293028  34.2745676130559  74.25651090588784  98.02605207477069  114.89289352646577 
20767205.0  8.794587132869747  23.16321556102492  34.23213299730439  74.18006491130876  97.97006674371214  114.79887477291554 
25767205.0  8.77477099265655  23.13857918857332  34.19377974273735  74.11368258930042  97.92528227760015  114.71951438320174 
30767205.0  8.755193290005401  23.116033367505114  34.15650532696318  74.05135346538334  97.88616871202134  114.64861055229359 
35767205.0  8.735492568499666  23.095301404746127  34.11884994357211  73.98943166823612  97.85006374207815  114.58173077468528 
40767205.0  8.715103884577172  23.075140366025547  34.079942532227086  73.92570311440265  97.81571820136378  114.51648148823604 
41015609.0  8.714024763539914  23.074129812926834  34.07786729354248  73.92238113487123  97.81406061880169  114.51323627535628 