0  9.140773521347327  23.735720189376337  35.311774109966464  76.38247733822655  100.10538898156526  117.36568441845068 
50554  9.125035954034555  23.712868153706463  35.258444923759185  76.27198121594476  100.0043053042895  117.25453987727107 
119724  9.108359786086655  23.687531730436206  35.20243418994705  76.15574216247043  99.89447288468052  117.13285542997221 
213729  9.090903091039772  23.65992832046782  35.14405196521556  76.03472645661707  99.77672534390302  117.00267682080543 
339947  9.073017625924274  23.63058931701221  35.08438747220756  75.9091994206715  99.65305892052332  116.86490008112868 
511492  9.05447865465487  23.599413260131982  35.02242813475421  75.77970027500945  99.52239784757211  116.71985001658992 
754681  9.034614271475792  23.56542895069312  34.95510714594708  75.63750415776171  99.38116803602337  116.56107922118039 
1104720  9.01350463004967  23.528637044648544  34.883580077514424  75.48711107631618  99.22830479149394  116.39035448125715 
1612519  8.991162925995049  23.489444434508695  34.80701512380849  75.32641759361098  99.06790812872453  116.20950032095551 
2387069  8.966730732372842  23.446454491001962  34.725792230908276  75.1583604955117  98.8974334644541  116.01516510163405 
3718427  8.936940436280155  23.395375871850295  34.630238615152535  74.96175241728511  98.70359748922664  115.78547683310657 
6349714  8.895803620539754  23.329793497024703  34.51036922583946  74.72479386708926  98.47944832196042  115.50242054088494 
10915704  8.844951515188479  23.259084126788725  34.39318683301362  74.50931359918646  98.29461137355655  115.23339858953362 
15915704.0  8.798892390765278  23.203179023011735  34.310134538054704  74.36754608814047  98.19824135989316  115.05585153097742 
20915704.0  8.754640198115215  23.15409608799363  34.23968460232494  74.25360577549239  98.13274820744402  114.91746812542569 
25915704.0  8.710504915000616  23.111314354053725  34.169656153298575  74.14449049096797  98.07809714302742  114.79505478820828 
30915704.0  8.660503868883447  23.067626485164315  34.08893975035749  74.02300316424775  98.02648023292464  114.67211176601973 
35915704.0  8.600299454742736  23.023566995369023  33.985707459079265  73.88080980257209  97.97105760512565  114.55731914876226 
40915704.0  8.51206966230925  22.959320362128274  33.841111953074744  73.68583938221019  97.89366749446768  114.39128717883975 
41015609.0  8.508594250966489  22.956937134097238  33.83563911615187  73.67863788796123  97.89127238367321  114.38598522606388 
