3003 0.00333
-2.125968455433306192e-04
-1.613783445116194807e-04
-1.274867322905491953e-04
-1.038253138494731466e-04
-9.796627515614021286e-05
-1.012226791460734863e-04
-1.102616286160945283e-04
-9.255138222508499954e-05
-2.552141082489080466e-05
2.891804648873157898e-05
4.364875894276555254e-05
3.082152610548934845e-05
2.955976058936415085e-05
3.860449988206212697e-05
2.587640398484824692e-05
4.916626906583032906e-05
7.439960394900161256e-05
6.613111592255398012e-05
8.967149111290357514e-05
1.113401449202140953e-04
1.486265416599004006e-04
2.225562332494092637e-04
2.387962544773299372e-04
1.899426188907717659e-04
1.643453682243031398e-04
2.148796995844484909e-04
2.764852253895243523e-04
3.286593589031439381e-04
3.802918118760759115e-04
3.628653127378666664e-04
3.548182246494555221e-04
3.932379085496071872e-04
4.088580071364436249e-04
4.409072899761774952e-04
4.693605684631095847e-04
4.735512332087128727e-04
4.717247254013962033e-04
4.554736145803454581e-04
4.926959669687362275e-04
5.906041399801841268e-04
6.496283634103113599e-04
6.357892670466234152e-04
6.085960494527109001e-04
6.067986605656580266e-04
6.236353054860059456e-04
6.415538124899677766e-04
6.186292541200783760e-04
5.809109013122884958e-04
5.746767911665217124e-04
5.692934377272267652e-04
5.697914991857687232e-04
5.859756393376126631e-04
5.616658524121693162e-04
5.108393468949120123e-04
5.115069639427437731e-04
5.321203580852575934e-04
5.482925123995858975e-04
5.835796363405248467e-04
5.749334837160359956e-04
5.516386242232720503e-04
5.714144136446801551e-04
5.676384988068598324e-04
5.247320577469196355e-04
5.008162089364499121e-04
5.323838712903318634e-04
5.592550201351515057e-04
5.476777561718683884e-04
5.220746502102515015e-04
4.554773914790250628e-04
4.019577622758363522e-04
3.868988205419628210e-04
3.736963564688692554e-04
3.785495254623377553e-04
3.854449142303706930e-04
4.131391637192773688e-04
4.516308853233421544e-04
4.679200778087166425e-04
4.966864329565878798e-04
5.208494863828688629e-04
5.111393314294367107e-04
4.935097408835905286e-04
5.139455913611618888e-04
5.380358463036818322e-04
5.277728122658872836e-04
5.273522281405780728e-04
5.240544539566787058e-04
5.245129114868232831e-04
5.390753775355144320e-04
5.361378179374723168e-04
5.379015724491097335e-04
5.645501729333435694e-04
6.041494399040245626e-04
6.131242462069795476e-04
5.959211018270100559e-04
5.632261808951245135e-04
5.388510180369271169e-04
5.902786738808439918e-04
6.220964707041998351e-04
5.901213400372959383e-04
5.556634943765290493e-04
5.189567827316803571e-04
5.091401979113705000e-04
4.821225330056967922e-04
4.601556649430168957e-04
4.942602299472285228e-04
5.033613903541472477e-04
5.031234266615455721e-04
5.153029250191488780e-04
5.265532998047391111e-04
5.439399080722042475e-04
5.454114598971724140e-04
5.517585018280352473e-04
5.595829963268378554e-04
5.538650202685346368e-04
5.398095370113555579e-04
5.020888181105085182e-04
4.399988737762081104e-04
3.733407259795743622e-04
3.512381491552300783e-04
3.702031083181620496e-04
3.714690629753098937e-04
3.563164840760439742e-04
3.410978921463113118e-04
3.366246079128384981e-04
3.801463757924343771e-04
4.369042346922834058e-04
4.348714528861364476e-04
3.961927498501054742e-04
3.437522250773980830e-04
2.815017905206286400e-04
2.516831467314420423e-04
2.635249414708456259e-04
2.827520865870952337e-04
2.670531069385636961e-04
2.569350639812214361e-04
3.176703294993201213e-04
3.845879210183617654e-04
3.916129734555125457e-04
3.678124998356537370e-04
3.574670661679851379e-04
3.558751961920893388e-04
3.370031691960720822e-04
3.336834602910548745e-04
3.614395687850482149e-04
3.750505058630779166e-04
3.879609016706047904e-04
4.185616827372223544e-04
4.181206620589649034e-04
4.160572765525287118e-04
4.391063162300634366e-04
4.321153592170646281e-04
4.214444165461206609e-04
4.033860997623196516e-04
3.581516214283239673e-04
3.534246340797983477e-04
3.640296753768514841e-04
3.536247618809557048e-04
3.456753184497291377e-04
3.319960364976503719e-04
3.188143392518911741e-04
3.010177614742367419e-04
2.544241946672405543e-04
2.034659098047185194e-04
2.007019278529891990e-04
2.082867550183359286e-04
1.779864010748155709e-04
1.747617102858963726e-04
1.790059360259587664e-04
1.471270648170199587e-04
1.500384897560147035e-04
1.746704733628489791e-04
1.756853332106111444e-04
1.789194953734931607e-04
2.051481511524163161e-04
2.504289224251318507e-04
2.796774202274597489e-04
2.874985498423688105e-04
2.881802046219033740e-04
2.725346769289314778e-04
2.336802510516913702e-04
1.808489505678572567e-04
1.495413509553622348e-04
1.124383757766675781e-04
6.835522212616173491e-05
9.473529404646460663e-05
1.368173956500165077e-04
1.433394376503502093e-04
1.573481535183707573e-04
1.612864968139056214e-04
1.381511487135590581e-04
1.064954658531841832e-04
9.206913527689872105e-05
8.995570474682818484e-05
7.937999607075982257e-05
7.646850648007616816e-05
8.096515749923825550e-05
8.279862086847993507e-05
7.768839063472171894e-05
5.742564463518557029e-05
1.090738779495659533e-05
-3.671550727625535413e-05
-4.643141213371980067e-05
-6.839303703192024873e-05
-1.168613023612320717e-04
-1.398526426580521970e-04
-1.379352767498406547e-04
-1.221148826078402377e-04
-1.044737781406922088e-04
-1.097205403097498491e-04
-1.419140442145757231e-04
-1.558952226485851942e-04
-1.589053976598761759e-04
-1.888788945693877668e-04
-1.869536591048420585e-04
-1.678659071069713580e-04
-1.715359851028098754e-04
-1.681766729755004104e-04
-1.701585139521446838e-04
-1.563601170759280814e-04
-1.405460641806359501e-04
-1.531164004582132368e-04
-1.421649475558685294e-04
-1.129152329378403749e-04
-1.030922385483955771e-04
-9.633181378246213531e-05
-3.076128463590371978e-05
9.376268526643128786e-05
2.025921502212499640e-04
3.060697654015516142e-04
4.376354014820777469e-04
5.969358588498269126e-04
7.745199966542343911e-04
9.431450937002890068e-04
1.108145530428976400e-03
1.268567953486933030e-03
1.441046218055916286e-03
1.657110622585436380e-03
1.876100122833550092e-03
2.056924097768466839e-03
2.199852972839715440e-03
2.327147351901179533e-03
2.488745090253036921e-03
2.750238331384563355e-03
3.093205953591418849e-03
3.398537849207683859e-03
3.660159978726855272e-03
3.913000409426398846e-03
4.082153873627825287e-03
4.131045440833901357e-03
4.024766920687579061e-03
3.713685043444808504e-03
3.276503661419099666e-03
2.880176360157647112e-03
2.618455163038916570e-03
2.390049346354958162e-03
2.050470744771618926e-03
1.591004483360574035e-03
1.148008943825843059e-03
9.421872517020952933e-04
1.038307879156846313e-03
1.389307674744219914e-03
1.927222333923839671e-03
2.368221814266012470e-03
2.455681371250084850e-03
2.213120905510610782e-03
1.921062974005787556e-03
2.023635323029668309e-03
2.562325375077647172e-03
2.926849908350145999e-03
2.548343198330923088e-03
1.768353582601151419e-03
1.573446625839384919e-03
1.986170050568419887e-03
1.783490410012812969e-03
4.696248521792387165e-04
-1.052288916930923949e-03
-2.057449795327878032e-03
-2.219209817576639401e-03
-9.278290048060992270e-04
1.565530769663031532e-03
3.915915555887920611e-03
4.859319972505008779e-03
3.394980565649761538e-03
-3.593063451841382091e-04
-4.729736360948854149e-03
-8.155179397706229308e-03
-1.010407054765233813e-02
-1.079601233774201904e-02
-1.105790473371809357e-02
-1.181630345620610090e-02
-1.297619803325362510e-02
-1.362314140122664226e-02
-1.339268838910043051e-02
-1.220748605790262890e-02
-1.030469411325841619e-02
-8.561808605956813117e-03
-7.188565023088055832e-03
-6.033350958402440567e-03
-5.152848299477743622e-03
-4.280825036176037247e-03
-3.382253775009045216e-03
-2.621784378952910985e-03
-2.351882580193993127e-03
-2.825607116793140642e-03
-3.153238613324032668e-03
-3.121488203316126041e-03
-4.472715004668764011e-03
-7.500113875447416041e-03
-1.005208513474988366e-02
-1.220783631180386540e-02
-1.619917602311765278e-02
-2.176180542334055917e-02
-2.693436927440258366e-02
-2.958520400480560766e-02
-2.822786710333118412e-02
-2.433910282464766053e-02
-1.976120769893423973e-02
-1.458147470817258706e-02
-1.006172374922684881e-02
-7.973392875930039592e-03
-6.023924216752985297e-03
-1.582656826437462945e-03
8.573161611585833342e-04
-1.414258402162307847e-03
-3.060632491259696313e-03
-3.063339034936300373e-03
-5.017567856248190961e-03
-8.757935117000244241e-03
-1.298910236536890764e-02
-1.689608345745591267e-02
-1.952864177244591909e-02
-2.038608002609598041e-02
-1.943213652513329018e-02
-1.722818102304318408e-02
-1.468790980508392907e-02
-1.322045392166750453e-02
-1.335563414795024571e-02
-1.417551484965619626e-02
-1.431705793147467279e-02
-1.364475721393447645e-02
-1.369958118866166676e-02
-1.503550689374671782e-02
-1.819835133454526452e-02
-2.218317025041863927e-02
-2.379642569059469207e-02
-2.368199363990908246e-02
-2.344623458402984861e-02
-2.321650816022253691e-02
-2.237482351763937435e-02
-1.870136920721783558e-02
-1.514906614661718984e-02
-1.684330729001540586e-02
-2.107837009837455061e-02
-2.215620402750162130e-02
-2.114141690380570357e-02
-2.249357314483663856e-02
-2.510823428516129399e-02
-2.770036244325870325e-02
-3.143691776500117524e-02
-3.449321972289235566e-02
-3.609197351375054846e-02
-3.739826885038723819e-02
-4.041151104562930307e-02
-4.628888275276171749e-02
-5.175944464982278059e-02
-5.479970039400834658e-02
-5.642169619129697861e-02
-5.795828758162262923e-02
-6.046626521158931372e-02
-6.344304526235294839e-02
-6.598542427281167688e-02
-6.763947140276932446e-02
-6.909616226881722112e-02
-6.884948847729453758e-02
-6.501007326093437289e-02
-6.063772402928829103e-02
-5.567801542017052074e-02
-4.764352017773635511e-02
-3.836803988443423380e-02
-3.008777987702481588e-02
-2.266796538445051135e-02
-1.369790925893847426e-02
-3.704088942643636671e-03
4.946033272852728979e-03
1.419677823081685192e-02
2.762808537032386200e-02
4.691077879531814487e-02
6.816148607138090842e-02
8.733819113836802095e-02
1.046933529318728184e-01
1.192925704826807431e-01
1.320461944558513345e-01
1.434594497708025496e-01
1.523372606044745003e-01
1.623994444359105616e-01
1.758910408528273905e-01
1.903411862934052123e-01
2.035476714929447262e-01
2.157620505742260386e-01
2.283827836251505206e-01
2.397617238401834605e-01
2.504714083457393881e-01
2.635240957184800115e-01
2.748371040002111076e-01
2.810988814025660032e-01
2.846661071756136918e-01
2.866262364487986436e-01
2.913224095525918100e-01
3.013294021317422522e-01
3.109983913556726431e-01
3.162836589571615398e-01
3.169525493931804605e-01
3.168442724282608536e-01
3.177510143934496045e-01
3.160246320886960780e-01
3.141380582176505620e-01
3.119877888930319698e-01
3.049198365633423724e-01
2.947386716673884299e-01
2.841179061541355688e-01
2.763370503591469074e-01
2.704280144131235297e-01
2.638661553008017635e-01
2.592150662226134772e-01
2.519858644203469833e-01
2.395941195038720217e-01
2.242165388555504013e-01
2.036939104485858965e-01
1.808447245685665949e-01
1.587627717966794694e-01
1.386942560847400641e-01
1.209674303474892326e-01
1.014486638674494401e-01
8.006189316277756429e-02
5.688310941528775672e-02
3.172618201436111507e-02
6.537608503680421464e-03
-1.967560775153579314e-02
-4.505298667873425256e-02
-6.875459249616926172e-02
-9.230563391133995987e-02
-1.160490361475068066e-01
-1.426372632426614884e-01
-1.703495336427788831e-01
-1.956829578806363878e-01
-2.189280282121248700e-01
-2.406490234126283656e-01
-2.616703573512475511e-01
-2.810678250970606307e-01
-2.992196138607560729e-01
-3.187594171302293722e-01
-3.401350844992104272e-01
-3.612245652740995183e-01
-3.779041894346229502e-01
-3.902402573242692574e-01
-4.019892841708841424e-01
-4.140028754279904133e-01
-4.265876820790180379e-01
-4.413591936683313732e-01
-4.581242563104036547e-01
-4.721126569497893222e-01
-4.816166577717045372e-01
-4.931051856045847170e-01
-5.071395428794902571e-01
-5.164330868761450866e-01
-5.208266385712190250e-01
-5.261769896629729937e-01
-5.346395401672118242e-01
-5.427452109409862668e-01
-5.459218344629223063e-01
-5.462102382578866155e-01
-5.461666159195067705e-01
-5.417413618400800379e-01
-5.367238028094378777e-01
-5.400381973021834980e-01
-5.480544507329659920e-01
-5.556610937059704991e-01
-5.627085673248828357e-01
-5.687883812694122243e-01
-5.786049848510165239e-01
-5.903402170072197253e-01
-5.967428271873341794e-01
-6.023363391516572962e-01
-6.110713667522827963e-01
-6.223574352259355624e-01
-6.326441952333690111e-01
-6.343931788213179601e-01
-6.318286339519709749e-01
-6.278043347010870967e-01
-6.159107903944530671e-01
-5.972611704961744428e-01
-5.724254438901178466e-01
-5.386507597378213941e-01
-4.962387582261848507e-01
-4.466082692741030757e-01
-3.899339497015125722e-01
-3.259075299005158022e-01
-2.602848279614484173e-01
-1.981487651284434548e-01
-1.393488077972377948e-01
-8.217925739457718204e-02
-2.213718940140177102e-02
4.154359569908491062e-02
1.046860762128501154e-01
1.640821262099889377e-01
2.214348917172905828e-01
2.789878341783698645e-01
3.319117323085249427e-01
3.788624668537589613e-01
4.260817738338797955e-01
4.773375137431617454e-01
5.298505553656522871e-01
5.755495564045500778e-01
6.129133435908850069e-01
6.514227190981569660e-01
6.955361720153698801e-01
7.402321778061240476e-01
7.836099784368155685e-01
8.251858175763552294e-01
8.607131307681028520e-01
8.929072950974488165e-01
9.293036440857259661e-01
9.669952844051428187e-01
9.992596920167258201e-01
1.027597890252902380e+00
1.051382108682800132e+00
1.068676048434788806e+00
1.083953069720752893e+00
1.095134776268228416e+00
1.098923976989201190e+00
1.097006052414532418e+00
1.086797944095253987e+00
1.068211098590695185e+00
1.042162446565312317e+00
1.008949918647236155e+00
9.704970237665326849e-01
9.261148111051862308e-01
8.785812056032067385e-01
8.282811209303688749e-01
7.725571963966963995e-01
7.126447905329682531e-01
6.474540154567457462e-01
5.808253630989105298e-01
5.184578419307622754e-01
4.604104534592365350e-01
4.084790325835436775e-01
3.589781409696773395e-01
3.047345500857903677e-01
2.449444681979557337e-01
1.833321591276234064e-01
1.253718584194313534e-01
7.218900075732767596e-02
2.371512610054689330e-02
-2.297508900124543840e-02
-7.218855265542925559e-02
-1.160517565217138031e-01
-1.573974175047556101e-01
-2.101856221332118191e-01
-2.641073999633475888e-01
-3.114552621474935834e-01
-3.623991542696241019e-01
-4.116632018591656617e-01
-4.552233189990845252e-01
-5.034347743657356933e-01
-5.586002693876213065e-01
-6.184572661138085792e-01
-6.775693811788466858e-01
-7.344312103257658597e-01
-7.978145420535149857e-01
-8.660238044283654624e-01
-9.337630898302854421e-01
-9.961425792269733570e-01
-1.049317182649227131e+00
-1.101067419039114093e+00
-1.142412901879673592e+00
-1.154811803492530098e+00
-1.141926821851827034e+00
-1.114473125992138991e+00
-1.067499659239017351e+00
-9.944899285154022994e-01
-9.142394309857060364e-01
-8.363264776191261518e-01
-7.588479678428527997e-01
-6.872740451960398511e-01
-6.030847760364843602e-01
-5.053809202602131956e-01
-4.109690233007153304e-01
-3.157101702433364188e-01
-2.271562051165055829e-01
-1.486428468781783863e-01
-7.818352057486019357e-02
-1.673116891319344560e-02
4.748502676986004339e-02
1.182263982886504333e-01
1.941138288843997917e-01
2.724515128111250628e-01
3.483783159498741178e-01
4.167379187254956485e-01
4.816589519718379453e-01
5.571939029314469938e-01
6.372486948780549110e-01
7.154307751156648854e-01
7.893989121722762015e-01
8.567612423442783065e-01
9.284831499626612361e-01
1.003798302306030843e+00
1.075918356805146692e+00
1.128526272034033662e+00
1.150360544822946141e+00
1.152955836746746288e+00
1.139184359125602342e+00
1.116729376058260836e+00
1.085161415474480640e+00
1.037066639753436936e+00
9.775584193490258755e-01
9.008823554825148294e-01
8.164962524350564133e-01
7.364763453707369179e-01
6.582733044473236816e-01
5.841846037992208807e-01
5.079808013932832766e-01
4.327495228151164164e-01
3.637255229128745770e-01
2.933236555022363246e-01
2.189831989055875117e-01
1.376916084765417714e-01
5.188798030588354093e-02
-2.970579435083802247e-02
-1.012671124313871407e-01
-1.629819182612427808e-01
-2.222348307365906162e-01
-2.811156547870050093e-01
-3.385271585608747302e-01
-4.016368549525415887e-01
-4.730297874130567903e-01
-5.381390337673895852e-01
-5.968957479510772490e-01
-6.698686542875496031e-01
-7.539844645110793664e-01
-8.372835547264524392e-01
-9.262057933541324450e-01
-1.020382525824908848e+00
-1.114547431745777084e+00
-1.208604242786464278e+00
-1.287102085795414075e+00
-1.340056851891506584e+00
-1.375974194864937328e+00
-1.384824192155057920e+00
-1.361897972355255337e+00
-1.318519282948445781e+00
-1.246837580949878177e+00
-1.150931605804158320e+00
-1.047122918716171025e+00
-9.379352852286436670e-01
-8.297756544434191639e-01
-7.231508315193412306e-01
-6.137324426947809997e-01
-5.056386824731511354e-01
-4.018654857389862833e-01
-3.061777839587417893e-01
-2.185700927541702199e-01
-1.329111854170109408e-01
-4.525288454560732337e-02
4.616605583446200395e-02
1.355791176984867674e-01
2.155106634240745167e-01
2.941260167976563200e-01
3.792891684329131596e-01
4.654277623159661648e-01
5.533952332500619020e-01
6.433866617539499844e-01
7.311964284291539995e-01
8.181806021013144914e-01
8.948960316654503977e-01
9.580623118602527022e-01
1.015010824059831007e+00
1.055051870152341031e+00
1.069749410771578146e+00
1.063390069425073525e+00
1.038573965774694852e+00
9.999256591803862282e-01
9.521369685707206099e-01
8.946361671179624553e-01
8.283705072662918001e-01
7.574855684076461371e-01
6.803194718575684696e-01
5.998813896506476340e-01
5.219069589426263978e-01
4.474968232612261954e-01
3.840639786875837958e-01
3.244304881573635835e-01
2.532020038230944903e-01
1.766229325491936175e-01
1.151071522605877917e-01
7.825133465797511068e-02
3.688018329514729937e-02
-3.627773419424534795e-02
-1.210818531538425530e-01
-1.897558929316888465e-01
-2.463898525088486779e-01
-3.117656743908159278e-01
-3.870237393945128446e-01
-4.659283757789690616e-01
-5.467813391340154983e-01
-6.256716868734367720e-01
-7.087407938118412964e-01
-7.940254528897204844e-01
-8.792084784978744239e-01
-9.695204360999070126e-01
-1.057206938433725929e+00
-1.138943219871402013e+00
-1.211131551959559793e+00
-1.267062616227754512e+00
-1.303881879996357629e+00
-1.313074148866575808e+00
-1.297495308737510733e+00
-1.263259816059248530e+00
-1.205691165074464166e+00
-1.126898667950525956e+00
-1.034459293996929263e+00
-9.306770354133514500e-01
-8.180964578754205130e-01
-7.058194006101889961e-01
-5.979010047493502622e-01
-4.909129238236610848e-01
-3.886229584931892855e-01
-2.932034687121468641e-01
-1.969117773528429871e-01
-1.029386915110578893e-01
-2.145338318229829400e-02
5.564459106510397102e-02
1.419122075282175655e-01
2.375299619295197784e-01
3.374209643337064413e-01
4.355782438639104193e-01
5.236257631499715570e-01
6.061879733487687272e-01
6.970282813465303873e-01
7.928684902832672243e-01
8.916365245425919017e-01
9.970466622073135277e-01
1.096668358940772414e+00
1.175939883513858142e+00
1.219787506957761947e+00
1.230561773470837172e+00
1.229676768308503476e+00
1.214816362282882256e+00
1.185981607265659710e+00
1.150193186748775798e+00
1.094849795372101253e+00
1.022580058736672903e+00
9.432218847470442702e-01
8.580528245327230241e-01
7.777924590014984041e-01
7.016566996693925917e-01
6.209396731971590366e-01
5.435023953247507533e-01
4.800391524257459630e-01
4.248607285663482669e-01
3.590829699848156475e-01
2.820454389276542129e-01
2.069640315186696278e-01
1.310445842917636050e-01
5.888181073014853162e-02
-3.045553435327403788e-03
-6.826840755694925378e-02
-1.367599510088056136e-01
-1.988128718475183632e-01
-2.602995899714424799e-01
-3.294070890294701903e-01
-4.028581657996052612e-01
-4.750851571932032669e-01
-5.491412194334772678e-01
-6.201947656429105393e-01
-6.899902662564229017e-01
-7.730066505332651161e-01
-8.580704226309412430e-01
-9.396815519539843953e-01
-1.029921796374715148e+00
-1.113072727797864703e+00
-1.167241625629829693e+00
-1.191168001694139722e+00
-1.191553613628286490e+00
-1.170273718986684974e+00
-1.127516510467967192e+00
-1.065166168235186062e+00
-9.790276886008970614e-01
-8.738230082627148620e-01
-7.623309083159709454e-01
-6.488292118562265509e-01
-5.346959914714196627e-01
-4.234226302437938960e-01
-3.229967456482886745e-01
-2.329792003331707106e-01
-1.455479655046399701e-01
-6.230031131925369003e-02
1.678902088950406934e-02
9.963446522563364216e-02
1.916167973291065529e-01
2.850404558721146842e-01
3.709239261060483517e-01
4.537484719217620976e-01
5.346237728922023091e-01
6.104885916379334532e-01
6.916502705099103476e-01
7.883446311996089584e-01
8.928538877598571899e-01
1.002001889976162907e+00
1.110351934869834745e+00
1.195009822689555579e+00
1.252964755033036059e+00
1.282087845359165756e+00
1.279976155577147834e+00
1.267586484171777661e+00
1.243446859142044891e+00
1.204065255902810883e+00
1.153060202136906520e+00
1.080319632924884310e+00
9.963113041462673403e-01
9.132127164904509931e-01
8.341750475941752674e-01
7.591945256339385217e-01
6.807138381484176826e-01
6.023188563672267071e-01
5.294417636389855408e-01
4.695282427406961001e-01
4.188650712954610222e-01
3.552899668343222350e-01
2.760551369557555645e-01
1.894057896827435472e-01
9.835234085788349678e-02
1.848571838711917173e-02
-3.553024166845607235e-02
-8.754467094869240740e-02
-1.638279251064576614e-01
-2.495223172813354762e-01
-3.340118777519483495e-01
-4.165035328112040580e-01
-4.911738171989970536e-01
-5.590682898824615998e-01
-6.212075274732367092e-01
-6.906388171108004403e-01
-7.739344009039345051e-01
-8.628944091926883386e-01
-9.534265106974034731e-01
-1.038075126179976770e+00
-1.119531296835864609e+00
-1.187292651981941116e+00
-1.222587132749389349e+00
-1.236694603852687369e+00
-1.230749699267738917e+00
-1.203201806533574780e+00
-1.159414108758347606e+00
-1.089212430672335197e+00
-9.952601139082773996e-01
-8.864017651355885485e-01
-7.751861552357962593e-01
-6.736425577625293482e-01
-5.723523842276682094e-01
-4.700583106578704595e-01
-3.755281195240883219e-01
-2.873514853177108752e-01
-1.992497027139176757e-01
-1.156839061123937501e-01
-4.123151911012844922e-02
3.756977942872050807e-02
1.229153007200740888e-01
2.075842720787242912e-01
2.925582508295751505e-01
3.794723766678891885e-01
4.677342788547383945e-01
5.500147915510541496e-01
6.313705476412311279e-01
7.239214497761048417e-01
8.275707272108393520e-01
9.353843160655546107e-01
1.033998872786985990e+00
1.111555643839519103e+00
1.157364884717202669e+00
1.171102999532392719e+00
1.165612489587231737e+00
1.148051788012967478e+00
1.121495261169618063e+00
1.084114313437960053e+00
1.029336725480068937e+00
9.532884292114681690e-01
8.651779254649814010e-01
7.830426568317058189e-01
7.114777378954182385e-01
6.439745897411285336e-01
5.730447855058422579e-01
4.982452002798478663e-01
4.225955013863743615e-01
3.468092137533073660e-01
2.807232319625742045e-01
2.227915455697381253e-01
1.428493518076757174e-01
2.355731132941161002e-02
-1.045588752043076636e-01
-1.900573617112994718e-01
-2.246912479000957585e-01
-2.649959869243296851e-01
-3.419043282177181009e-01
-4.155027694313902509e-01
-4.761762622031999181e-01
-5.474477091914600191e-01
-6.187418670206857874e-01
-6.766593451819410410e-01
-7.253094477637853643e-01
-7.859371121403913030e-01
-8.651992633035568980e-01
-9.423003049342419946e-01
-1.020712497175858546e+00
-1.095422782094889191e+00
-1.153361671413502654e+00
-1.200640260711432816e+00
-1.218298296086366417e+00
-1.209477760738409513e+00
-1.189360650098247874e+00
-1.142471817335422690e+00
-1.077148608956885134e+00
-9.926790604888298120e-01
-8.870167468904144314e-01
-7.785637140105756693e-01
-6.638920508932486531e-01
-5.536977995293793642e-01
-4.570961528043003819e-01
-3.640530706030142283e-01
-2.687133455546760752e-01
-1.723175587294711597e-01
-9.035006636473924546e-02
-1.461790768076379025e-02
6.058600417395627186e-02
1.352554785160902939e-01
2.303816660214241807e-01
3.272934894486616564e-01
4.050395448652265862e-01
4.785750905862661275e-01
5.607069637216480773e-01
6.521039608878046456e-01
7.486045470960320802e-01
8.588210930145113720e-01
9.754262274499160279e-01
1.078949475517010148e+00
1.166567977241981025e+00
1.230328341706918183e+00
1.258563946525983690e+00
1.256575284041470564e+00
1.244298011428744299e+00
1.220370895939358658e+00
1.176856233780973149e+00
1.119528876140490015e+00
1.040321246747309303e+00
9.462546675034522181e-01
8.559670873299268790e-01
7.740889173091557440e-01
7.026660310767394169e-01
6.304399814608747654e-01
5.521749686327040996e-01
4.776987098217756467e-01
4.080463897525353212e-01
3.382865931634634893e-01
2.670248393125348452e-01
1.956546514058565556e-01
1.210261168757268968e-01
4.341045222622848254e-02
-3.035572379722641795e-02
-1.019060210835357333e-01
-1.711202979473905872e-01
-2.389515771119050114e-01
-3.193020926676877758e-01
-4.062072223336907761e-01
-4.894968267126087458e-01
-5.760637551503943188e-01
-6.525277772735321724e-01
-7.196968411518120945e-01
-7.961161441030690789e-01
-8.712332798590883831e-01
-9.433160410620216041e-01
-1.025105968114483401e+00
-1.116821095288659471e+00
-1.205098192028934090e+00
-1.270869182471852543e+00
-1.307483152902632284e+00
-1.313640433213207670e+00
-1.293948982171667650e+00
-1.256197993139293922e+00
-1.206413390738508395e+00
-1.146067532314542170e+00
-1.063474616444284537e+00
-9.633379882368374725e-01
-8.545448164306042038e-01
-7.373346175801267499e-01
-6.281840353175717206e-01
-5.292965566605146721e-01
-4.300591231797313840e-01
-3.357355390758965386e-01
-2.521535843613202932e-01
-1.766836516725980855e-01
-1.029205306275613185e-01
-2.631782979552043517e-02
5.236297717936910096e-02
1.334962086033606443e-01
2.270369925505644759e-01
3.273860598711214043e-01
4.156887552942595820e-01
5.006272268313399776e-01
5.949145740836617735e-01
7.028617650813389073e-01
8.258443871862900520e-01
9.483693291438405337e-01
1.061357866926413873e+00
1.149868475163276393e+00
1.192210224705161359e+00
1.197274174581437922e+00
1.180563730091245933e+00
1.155290850392162394e+00
1.130763338527577710e+00
1.089087120706880185e+00
1.022812154338420987e+00
9.439529365755908730e-01
8.557552382483646358e-01
7.720184331822151913e-01
7.002619563656765633e-01
6.306058772340512597e-01
5.606943179961515478e-01
4.859117727156495037e-01
4.158350069919173886e-01
3.619030417448390602e-01
3.094448642293963769e-01
2.476604627214648857e-01
1.704600934245817934e-01
9.191506200512639113e-02
3.566308082759223758e-02
-2.329996885152655836e-02
-1.089499090908386814e-01
-1.938015724712522092e-01
-2.656649959487005219e-01
-3.508862220408138777e-01
-4.440434853753985611e-01
-5.242378451681943829e-01
-6.015556388457601322e-01
-6.766602818339746417e-01
-7.479226155464072656e-01
-8.229937192330061269e-01
-8.991506264884204791e-01
-9.735960410190707126e-01
-1.043977581116520170e+00
-1.118173497589641796e+00
-1.197701629203629770e+00
-1.260745758543973638e+00
-1.288905327529909606e+00
-1.284355371352329911e+00
-1.260732013204342028e+00
-1.215810897516369282e+00
-1.150519734735813149e+00
-1.072004338087518827e+00
-9.751220579440660341e-01
-8.674042026197539279e-01
-7.566885804834303508e-01
-6.480005073986566666e-01
-5.418274047595510456e-01
-4.359802258204173442e-01
-3.456648590872001825e-01
-2.635205671879174982e-01
-1.797986494739624019e-01
-1.024937724608693812e-01
-2.391483377227747453e-02
6.059592126354595293e-02
1.560589587158123792e-01
2.586547406156795015e-01
3.526753821383941667e-01
4.363789717447880134e-01
5.125237281680508072e-01
5.973143228651399683e-01
7.009453925747742842e-01
8.113589757824484217e-01
9.256237739868586889e-01
1.039014916002893640e+00
1.132294651746568626e+00
1.195784886306584749e+00
1.230760381670297665e+00
1.236203131264388411e+00
1.227355177753127302e+00
1.215247468003529674e+00
1.181043033650455154e+00
1.121964342949742566e+00
1.044695416561494339e+00
9.508831116682425755e-01
8.635317281213779061e-01
7.939325068624490944e-01
7.274729139047180215e-01
6.543873007575808920e-01
5.745248001696134921e-01
4.950205015138988696e-01
4.274138330455336532e-01
3.725954205760893534e-01
3.163050963007223437e-01
2.472130734426734033e-01
1.670414706331192489e-01
8.059558550141142363e-02
-1.706579786927450021e-03
-6.668465220602382004e-02
-1.279107750360988505e-01
-2.043072685902927454e-01
-2.869077635181536690e-01
-3.669940860563554730e-01
-4.422435011432286345e-01
-5.125582784495648081e-01
-5.827594052323927798e-01
-6.509027525251079860e-01
-7.150727885469804201e-01
-7.734261486250882944e-01
-8.338602075015566495e-01
-9.105882265407916343e-01
-9.896605537168614575e-01
-1.049062550967341023e+00
-1.094118930967718173e+00
-1.131746001303359561e+00
-1.147876542992082305e+00
-1.138436752579885081e+00
-1.109216972378721300e+00
-1.058737877187337917e+00
-9.939952846552025933e-01
-9.155616907557060369e-01
-8.220826827908623846e-01
-7.182966443346014973e-01
-5.988435380074556003e-01
-4.779563954970433848e-01
-3.764453607281613157e-01
-2.867895056934534614e-01
-2.006936963508839378e-01
-1.222434866706955670e-01
-5.226396354625170715e-02
1.482325993022369157e-02
8.168402359026802340e-02
1.544471304797478683e-01
2.444187253906692503e-01
3.468724090471154153e-01
4.401484265320088074e-01
5.125787933720701295e-01
5.838631321782795647e-01
6.731065044675692555e-01
7.770092482629277209e-01
8.972460193284693686e-01
1.025677192793767567e+00
1.137088951888021171e+00
1.213587591737925742e+00
1.251173857037312986e+00
1.262690840145482829e+00
1.255479806362024719e+00
1.229522766098527509e+00
1.191169380195907790e+00
1.140101858977982996e+00
1.072289986813026674e+00
9.858667886205760844e-01
8.933451167768582390e-01
8.105832932612819786e-01
7.351699017660452418e-01
6.631341728088868681e-01
5.870481023310289981e-01
5.082940310893497848e-01
4.367850561300176682e-01
3.691247601782508547e-01
3.063832806675035880e-01
2.400009354714970067e-01
1.562109109680573371e-01
5.892174248081679527e-02
-4.179779776126189145e-02
-1.263576471343697549e-01
-1.901673070821873479e-01
-2.599085056014873163e-01
-3.514277568126091267e-01
-4.359328855855764129e-01
-4.998323677496734896e-01
-5.750232189512343162e-01
-6.480845704361853921e-01
-7.034115862669327868e-01
-7.684157115682395123e-01
-8.340268726478030636e-01
-8.926057672048871572e-01
-9.505964307493794951e-01
-1.009773022263718012e+00
-1.084404359230318082e+00
-1.154483110091997444e+00
-1.197131449403488368e+00
-1.219879143445117275e+00
-1.221090030270472138e+00
-1.197222842762024619e+00
-1.154209681528643339e+00
-1.097622975884793073e+00
-1.022903791202277146e+00
-9.285747665253405447e-01
-8.204687309262950201e-01
-7.031934356551748921e-01
-5.919898451301083275e-01
-4.913281465178608309e-01
-3.944985291215579171e-01
-3.047378762944174535e-01
-2.196609821362521531e-01
-1.363180589090680350e-01
-5.602583068222048712e-02
2.183447682197061507e-02
9.906208237259597760e-02
1.786914896112110629e-01
2.591059618442401180e-01
3.430766992221120359e-01
4.324358174937414367e-01
5.200198706947526395e-01
6.085274157200778467e-01
7.058277528887733077e-01
8.111142326013802695e-01
9.212706549246482135e-01
1.031645130913612984e+00
1.124254897624728189e+00
1.185025671737029773e+00
1.220607136239605817e+00
1.230388242845545710e+00
1.216051626877424185e+00
1.188663260392694987e+00
1.144764482903461777e+00
1.084370196193284563e+00
1.008588694438360411e+00
9.204597288981244407e-01
8.348468629230987315e-01
7.582147612633453049e-01
6.902983647038123394e-01
6.222326458185052367e-01
5.488307723279606254e-01
4.722626339439112697e-01
3.919876959562146879e-01
3.202597030416872159e-01
2.559218792336932502e-01
1.909632758679145892e-01
1.372712417568371368e-01
9.791835065007806205e-02
5.261534880759932697e-02
-2.899628376117112383e-02
-1.345004278438677592e-01
-2.261745980026968472e-01
-3.090043816540029575e-01
-3.910583889299686366e-01
-4.706360693149627683e-01
-5.556889761393418725e-01
-6.355679196618392313e-01
-7.072426238594178294e-01
-7.868912706747327457e-01
-8.654880241903580851e-01
-9.321765068110037245e-01
-9.972428263480638266e-01
-1.065484917570361123e+00
-1.142185257794303910e+00
-1.218352276468842144e+00
-1.270437431829089858e+00
-1.291337998289805000e+00
-1.279380717290627745e+00
-1.243519456103607146e+00
-1.191155124553978428e+00
-1.120710931500638052e+00
-1.037335627923219095e+00
-9.369327205189688090e-01
-8.216603615702041674e-01
-6.995920200333014538e-01
-5.799193563508288074e-01
-4.755619919235415938e-01
-3.824926334389375238e-01
-2.957731610514824361e-01
-2.116906784268159925e-01
-1.311137723796746979e-01
-5.756966421849348675e-02
1.235321511302618115e-02
8.021850153260595695e-02
1.598760216452894123e-01
2.472469547396966838e-01
3.268891822707631345e-01
4.035611757563174473e-01
4.807472144872497744e-01
5.708834239635083296e-01
6.775479291841014495e-01
7.892667274753738527e-01
9.000500618385626206e-01
1.008499777184696633e+00
1.108662020337605858e+00
1.173137018091127803e+00
1.197543503362114237e+00
1.197945051622925305e+00
1.177203772666905346e+00
1.144098498256115981e+00
1.100028623204180267e+00
1.040801253804301885e+00
9.648217092596922395e-01
8.812203034438188531e-01
8.012716398083123970e-01
7.233076922576288093e-01
6.531352095622213749e-01
5.854012474533382138e-01
5.198714808878501792e-01
4.650423208646881079e-01
4.091842253010094521e-01
3.473276471473621396e-01
2.773571096614683151e-01
2.078174003307936557e-01
1.456354858039181355e-01
7.190378740237596267e-02
-1.503676814320337694e-02
-1.010256984054814650e-01
-1.877668830393379173e-01
-2.878802922167693623e-01
-3.831779537838676530e-01
-4.518351110135142568e-01
-5.195314524701811765e-01
-5.925526609536008182e-01
-6.573871429201859629e-01
-7.217675033747624758e-01
-7.816211632999552350e-01
-8.340639979040411767e-01
-8.907466834827471036e-01
-9.582718941391541456e-01
-1.031490832360431043e+00
-1.092210964776624271e+00
-1.130127721382273132e+00
-1.153595153555681208e+00
-1.158667026686131418e+00
-1.138969259171191739e+00
-1.105110966024693386e+00
-1.053441677198359905e+00
-9.832744638540801274e-01
-8.978178740799005464e-01
-7.921102825532252423e-01
-6.812502682316540215e-01
-5.706848786395233297e-01
-4.611598756197208826e-01
-3.594358605018045383e-01
-2.623296372280495836e-01
-1.760968704033504251e-01
-9.157409673368380187e-02
-3.056177665244700671e-03
7.502849341786980986e-02
1.474846015974528579e-01
2.217389556695426311e-01
3.039576862996791751e-01
3.974913505626712085e-01
4.896537088229176438e-01
5.742520227549955392e-01
6.633934034456726581e-01
7.606858522940180833e-01
8.567607645236330338e-01
9.628176900115192893e-01
1.080289876419090689e+00
1.187014336553882776e+00
1.267208568081205744e+00
1.305986796504288172e+00
1.309366690618296358e+00
1.294267052600489132e+00
1.262260796862708201e+00
1.213447491406462353e+00
1.150645568263495511e+00
1.075222273905597214e+00
9.859407756697081693e-01
8.968398544052791355e-01
8.194280783229113130e-01
7.465390306190045067e-01
6.781149486136857085e-01
6.118401570474311102e-01
5.391976474744334391e-01
4.590798851147012694e-01
3.866036372800820686e-01
3.247126418865804998e-01
2.482960785174113394e-01
1.535261477746939773e-01
5.868501167459643647e-02
-1.387050433233940824e-02
-7.626282345654768202e-02
-1.640787535607975689e-01
-2.437230355998946663e-01
-3.001019883525379295e-01
-3.807979879931393530e-01
-4.703426295631701892e-01
-5.450496580718990902e-01
-6.254404155335369087e-01
-6.967179747864861161e-01
-7.540947064729355276e-01
-8.224470538122993224e-01
-8.918940617280253225e-01
-9.634121934157384715e-01
-1.044834358896864490e+00
-1.126137714707240667e+00
-1.208853066298907875e+00
-1.261509634304683880e+00
-1.269430945037432590e+00
-1.256347127424888743e+00
-1.217554313257768417e+00
-1.164457225976088806e+00
-1.102685811455830667e+00
-1.019905503283720538e+00
-9.224915980171433105e-01
-8.087616956167469340e-01
-6.904570096154605263e-01
-5.845161734499881856e-01
-4.906122518616718442e-01
-4.022362209082603890e-01
-3.128975137677275642e-01
-2.240211598787570091e-01
-1.378432879539260025e-01
-6.134816585680146622e-02
1.493840054914452771e-02
1.007076516358725998e-01
1.896770527491183633e-01
2.849462262020462378e-01
3.737889139442771014e-01
4.575562420273922570e-01
5.481811874480695401e-01
6.384163684312894604e-01
7.408956244335828112e-01
8.555256026733871755e-01
9.694391572696878789e-01
1.079305721807762852e+00
1.165366799038689782e+00
1.214808103603377321e+00
1.234977382505801247e+00
1.232065049709671900e+00
1.205827894577005122e+00
1.165542691788239438e+00
1.115497095023992635e+00
1.048613395621923905e+00
9.703916655519684298e-01
8.830051215238353679e-01
7.933060357846697386e-01
7.130405744406771440e-01
6.372879007961168574e-01
5.614839735947110277e-01
4.815014349915121561e-01
3.976718278669816309e-01
3.191440732418454052e-01
2.552360491716304525e-01
2.005973032365647446e-01
1.313225704015804629e-01
5.562688655838995272e-02
-6.199579556458938157e-03
-7.236611787122555761e-02
-1.449862047073093019e-01
-2.085698505260797642e-01
-2.778887746228093647e-01
-3.580448528585204460e-01
-4.340387938725335237e-01
-5.089999013074038015e-01
-5.819596338769406074e-01
-6.459571594927761007e-01
-7.129635480549900706e-01
-7.832328196698452594e-01
-8.464743311319919972e-01
-9.125712971920951766e-01
-9.895269583971731953e-01
-1.067368418186238177e+00
-1.133863054330669584e+00
-1.181015239656782345e+00
-1.204022604472632763e+00
-1.205369179096849930e+00
-1.188971678844106927e+00
-1.149876536630651591e+00
-1.088060122489066028e+00
-1.011584455388788717e+00
-9.221199193962490437e-01
-8.228201426938960283e-01
-7.182697716646645469e-01
-6.105528603218829398e-01
-5.069051055948060602e-01
-4.098285895464360840e-01
-3.168588335038504122e-01
-2.258579756999077037e-01
-1.367089218932902861e-01
-5.842904826664475915e-02
1.191466714588056315e-02
8.978980036506584161e-02
1.754658920724276872e-01
2.612927021238442005e-01
3.456245746760795434e-01
4.292898850834091506e-01
5.107576097268911042e-01
5.964174906034915846e-01
6.919612514964526007e-01
7.877499409984912715e-01
8.868083543580129735e-01
9.931822558259327804e-01
1.088843368811848622e+00
1.157345671510393359e+00
1.191957073614764218e+00
1.196773927341877819e+00
1.179553897619798786e+00
1.146771175905847651e+00
1.102319565796378464e+00
1.043099846217643512e+00
9.698637186619942785e-01
8.837969193288738312e-01
7.955962166299126448e-01
7.164251372195319378e-01
6.390183662056125868e-01
5.616583502889227475e-01
4.875422593421213091e-01
4.221258104091374919e-01
3.618176439417744583e-01
2.913897763289431952e-01
2.202512577728779897e-01
1.560595065193545461e-01
8.808144747791178675e-02
1.823300932835354368e-02
-5.100447202633077298e-02
-1.263223772135751988e-01
-2.018328726494356684e-01
-2.735062571057180203e-01
-3.542553121970459795e-01
-4.356608719530120633e-01
-5.101256625964312175e-01
-5.894582945727652179e-01
-6.637466998764515180e-01
-7.293687415460671231e-01
-7.916791658305416535e-01
-8.492903556315831715e-01
-9.084126481974905687e-01
-9.654236176214835430e-01
-1.023880611519422335e+00
-1.091802390489999830e+00
-1.156263062529612196e+00
-1.198953153200101651e+00
-1.208788058777078067e+00
-1.188346639927618131e+00
-1.146224547521168091e+00
-1.092127452684354072e+00
-1.025751466926585032e+00
-9.401880003342755199e-01
-8.417817355964559711e-01
-7.309968930454421310e-01
-6.146188647832836471e-01
-5.068358863941547776e-01
-4.043919468462293665e-01
-3.071290951109405531e-01
-2.130626696338223380e-01
-1.183637437143757742e-01
-3.031182020316489784e-02
4.783709550825879925e-02
1.189873994964845416e-01
1.898394383806566166e-01
2.672160933441684594e-01
3.562574713709794616e-01
4.482706433117822908e-01
5.273630945009816218e-01
6.056429743805199495e-01
6.949170906965111971e-01
7.910282362172744719e-01
9.017120897049849537e-01
1.022319153739639663e+00
1.135996961810278094e+00
1.232954304001790513e+00
1.294670982916761082e+00
1.312563507850504907e+00
1.296893965464569032e+00
1.259577716765677202e+00
1.216887089676765621e+00
1.171389909293647946e+00
1.110915491741389038e+00
1.032077760355163187e+00
9.401180869800259687e-01
8.482183385441279810e-01
7.659320846226823631e-01
6.928523610183111581e-01
6.260681043984362981e-01
5.583986681423783738e-01
4.859771763312450421e-01
4.125434993075833279e-01
3.438755127198692141e-01
2.751804325260159834e-01
1.965841071104310611e-01
1.134113232558473516e-01
3.184742430567626126e-02
-4.791211874558060774e-02
-1.245930374206470764e-01
-2.003724651773431953e-01
-2.809010374092247297e-01
-3.707372503089403915e-01
-4.554616823225671740e-01
-5.219906457876681838e-01
-5.889643455237298930e-01
-6.638465014082590709e-01
-7.329603852004397124e-01
-7.992691252295555104e-01
-8.642651703243233730e-01
-9.290399336447983103e-01
-1.007477272490981068e+00
-1.086822690930248525e+00
-1.147047344262439150e+00
-1.188714865926751685e+00
-1.206742547122737541e+00
-1.204074192556246814e+00
-1.187531116452581248e+00
-1.150017769307030591e+00
-1.089730508371513640e+00
-1.013078737999224543e+00
-9.239924284758498363e-01
-8.190426609724847928e-01
-7.074104756943975225e-01
-6.018525188142571647e-01
-4.962899563250849355e-01
-3.926177000658382377e-01
-2.952751632077636468e-01
-2.053576344326946412e-01
-1.250543967778289800e-01
-4.526825023919840707e-02
3.316906278262819752e-02
1.050877482450464084e-01
1.765696781471962629e-01
2.562130039488378919e-01
3.465297480947430731e-01
4.372381608716364720e-01
5.252321246007786160e-01
6.182755706000105933e-01
7.220791988854662335e-01
8.302927682468193016e-01
9.354582881770513447e-01
1.044751199270904651e+00
1.143715953677130193e+00
1.211644519618372051e+00
1.247238609572052903e+00
1.247105032044029338e+00
1.222262025172824451e+00
1.183294850579437174e+00
1.132308593726808477e+00
1.076205082704843496e+00
1.005596163950657429e+00
9.156059604346562519e-01
8.228832444974487625e-01
7.421473533759189722e-01
6.688290092558067945e-01
5.912816541040895046e-01
5.141675849068474413e-01
4.429429501076837528e-01
3.702085496994207969e-01
2.905907468399066551e-01
2.123281228424635514e-01
1.396538434868143386e-01
6.223131928228833182e-02
-1.714401290218100712e-02
-8.804982531405190771e-02
-1.544683927617138131e-01
-2.252207236671490420e-01
-3.036829575769262046e-01
-3.867500921086827192e-01
-4.706944392894340523e-01
-5.536839932054298252e-01
-6.327768413889812704e-01
-7.070534291956233064e-01
-7.786787864932299685e-01
-8.448887389870874953e-01
-9.085573553746797426e-01
-9.751122929817706009e-01
-1.035043902580813358e+00
-1.096059134644499000e+00
-1.169416672855634332e+00
-1.235437863527270252e+00
-1.277592576111630018e+00
-1.289354037770076289e+00
-1.273028394399318586e+00
-1.236699768178512571e+00
-1.180266070716360360e+00
-1.108271612373569415e+00
-1.021604840215246002e+00
-9.188498349073123128e-01
-8.061559701020921676e-01
-6.933734302494393154e-01
-5.875238394682903431e-01
-4.810154496373867938e-01
-3.764324647064767881e-01
-2.853268921285119775e-01
-2.006639941350404355e-01
-1.213569259235136588e-01
-5.541011129795046092e-02
6.588376860479868737e-03
7.366174160007776806e-02
1.474299395417130731e-01
2.408308468314414863e-01
3.411195940436125840e-01
4.197172322667716005e-01
4.942787574067464829e-01
5.867514097742332346e-01
6.969730358126359215e-01
8.201773262703783152e-01
9.357019392082880360e-01
1.039923121639477088e+00
1.137332842709782188e+00
1.203656343144095420e+00
1.223032396212262007e+00
1.212606011295329189e+00
1.195964536244407794e+00
1.169909542773310829e+00
1.123679772216245709e+00
1.060424079591366864e+00
9.759726745300865147e-01
8.800515941294534406e-01
7.926193205292686450e-01
7.139957018911197162e-01
6.451575748686194656e-01
5.794494379891368396e-01
5.093095569786254551e-01
4.445191086939903613e-01
3.809653228534907732e-01
3.086733219668139072e-01
2.296098207216602516e-01
1.464291692495331143e-01
6.281338172212089233e-02
-1.500582116883745695e-02
-8.526535523202642686e-02
-1.525519204356786673e-01
-2.081427080664741414e-01
-2.582774590837220718e-01
-3.403330348781314352e-01
-4.436799913208862023e-01
-5.306317872636470145e-01
-6.092952839005010279e-01
-6.855537295221721950e-01
-7.509695450344270329e-01
-8.187832025498736899e-01
-8.935073770718523489e-01
-9.632091648734122380e-01
-1.032049653365881170e+00
-1.103218461503042258e+00
-1.163905040783548728e+00
-1.208370974292181765e+00
-1.233087492660385420e+00
-1.235206182729506441e+00
-1.219991299568397469e+00
-1.183740868052670203e+00
-1.123409690494182600e+00
-1.047357448449688366e+00
-9.596483824555237518e-01
-8.621635728050121017e-01
-7.586282597969506991e-01
-6.523072395324387429e-01
-5.472965198982494561e-01
-4.435322376439903014e-01
-3.427841358507777714e-01
-2.505102842010475950e-01
-1.634184889031813914e-01
-8.187203828842751219e-02
-1.015008501416949684e-02
6.443555781763617152e-02
1.497676711828185014e-01
2.382673121787122483e-01
3.291922130300296567e-01
4.180294386068226231e-01
4.958164000386514614e-01
5.749882590201854660e-01
6.740949775749210948e-01
7.898962801357997110e-01
9.110203257894896600e-01
1.025294477755610112e+00
1.116375555742184611e+00
1.183166762445765130e+00
1.220965296381108622e+00
1.216058350496762586e+00
1.190724169437113567e+00
1.165186680874364722e+00
1.124833117342246780e+00
1.066668571997965609e+00
9.918801541248558618e-01
8.989289546841693346e-01
8.066034891190617673e-01
7.291713301169745476e-01
6.599694760659310377e-01
5.917492479128481087e-01
5.242372825992290819e-01
4.541350426990191647e-01
3.800353481767669295e-01
3.080119782949378715e-01
2.395028529002450612e-01
1.701032655797881654e-01
1.011409698979971045e-01
3.931225964378157883e-02
-2.625365667637442196e-02
-1.100328673244587857e-01
-1.994053716359695250e-01
-2.883971451546777365e-01
-3.771424513730931571e-01
-4.556549750507254415e-01
-5.332530343022441333e-01
-6.072467789470066268e-01
-6.677296231190318343e-01
-7.334592216882438453e-01
-7.990599500445547676e-01
-8.547679914649105593e-01
-9.134134653898298151e-01
-9.658532188108843730e-01
-1.021402041732099475e+00
-1.093493760545360072e+00
-1.156792029376428221e+00
-1.199164388684204718e+00
-1.211436309317486915e+00
-1.191184087742767961e+00
-1.150011963099488943e+00
-1.084577169095424454e+00
-1.008760342402378773e+00
-9.238330786865188715e-01
-8.222830663989175726e-01
-7.196557055482500909e-01
-6.110551673337241141e-01
-5.013662456049560179e-01
-3.983617360251266448e-01
-2.967849985735209750e-01
-2.063059324552679319e-01
-1.220048596734597396e-01
-4.061786871982515229e-02
4.093708403858992845e-02
1.299864954931208016e-01
2.174755954041480144e-01
3.111987581822679982e-01
4.142344466610813902e-01
5.057966872870683916e-01
5.814828603887979286e-01
6.582756639123306108e-01
7.426069773730396006e-01
8.376586152288983955e-01
9.573926285671406911e-01
1.085301738272335337e+00
1.194448721540541047e+00
1.278430296532269139e+00
1.334311333308713321e+00
1.360313349512526138e+00
1.351619498276599662e+00
1.322260865549982567e+00
1.286124042049134664e+00
1.235541645408865241e+00
1.164950129334089812e+00
1.070516985102178964e+00
9.691157878978335916e-01
8.796553464058413097e-01
8.027148591031401104e-01
7.346844921523644212e-01
6.644081379280653010e-01
5.940181739785557191e-01
5.239910672822936100e-01
4.476329382497769016e-01
3.728697536545866886e-01
2.996705205989833587e-01
2.190847594182736280e-01
1.314425439301883380e-01
4.757223976664490261e-02
-2.932854574019600619e-02
-1.004880034609851452e-01
-1.638041798028671836e-01
-2.318149437062564655e-01
-3.137486431769578865e-01
-4.036960091944828966e-01
-4.864249922762987066e-01
-5.610066025650709554e-01
-6.447109515865887541e-01
-7.245924794963614080e-01
-7.993486129519020711e-01
-8.875613081263165061e-01
-9.725722443643165516e-01
-1.049651797488411198e+00
-1.116560963920514071e+00
-1.164860982069438888e+00
-1.208096095753631083e+00
-1.227668109250513728e+00
-1.215699752992032145e+00
-1.192628419904160575e+00
-1.146307962152632864e+00
-1.078604019549811444e+00
-9.988197433581847973e-01
-9.060756784615491277e-01
-8.098895310880076526e-01
-7.073226136686265875e-01
-6.000981295648998293e-01
-4.893652183295579827e-01
-3.819632814413723709e-01
-2.889703288645396051e-01
-1.969788857227089407e-01
-1.121351462724810844e-01
-3.581146217419963612e-02
4.512064223323658529e-02
1.235529675945688105e-01
2.055451693446511963e-01
2.921600059687336493e-01
3.796964960302266490e-01
4.695946872272054318e-01
5.521913345939922779e-01
6.375098083512924507e-01
7.416471069159265017e-01
8.590078666360605464e-01
9.771863393508845030e-01
1.086419813018798530e+00
1.172523981607820565e+00
1.229783833550690098e+00
1.263567003310152703e+00
1.269285011098369553e+00
1.254266374736063172e+00
1.224271654307249602e+00
1.170432628065107394e+00
1.100141018494729117e+00
1.018328805852695362e+00
9.266294859309761600e-01
8.368641345575515977e-01
7.566859301674146998e-01
6.805354750214904769e-01
6.028965001476652708e-01
5.309251697387945557e-01
4.626144362361272466e-01
3.933470043976921571e-01
3.262420721715575955e-01
2.603659877301567338e-01
1.895964353630760213e-01
1.082520709476611914e-01
2.399927377971925943e-02
-6.215184559479721566e-02
-1.504648968781115703e-01
-2.338433994696511586e-01
-3.211325066342503587e-01
-4.043780839101556723e-01
-4.744496499261667832e-01
-5.486773725463657270e-01
-6.215722101477280104e-01
-6.859859507723997663e-01
-7.536430941173676290e-01
-8.158876921835401808e-01
-8.751496211026746908e-01
-9.434516554800030930e-01
-9.999320727550737864e-01
-1.047771138278113412e+00
-1.110237479064021038e+00
-1.172739112412788165e+00
-1.213171086351372274e+00
-1.219824592239614480e+00
-1.199297662894341254e+00
-1.160576013601777756e+00
-1.100822827563651796e+00
-1.032584653031095590e+00
-9.545017123142903737e-01
-8.620248971452355580e-01
-7.569183290731246183e-01
-6.310036255458726373e-01
-5.100147504425590617e-01
-4.085703260983541973e-01
-3.128374607453940359e-01
-2.242128862339708983e-01
-1.352632978028313337e-01
-4.739143466838219299e-02
3.463039559818897190e-02
1.161252321681185834e-01
1.940112217160337993e-01
2.772954912003200434e-01
3.646230648971088839e-01
4.399855062368581149e-01
5.071206665599309327e-01
5.811833208058803102e-01
6.724313634454147648e-01
7.811906080087996918e-01
9.010633676406342163e-01
1.019639565918800894e+00
1.133728394856400756e+00
1.235712095403107558e+00
1.295057378958018202e+00
1.310641186443443962e+00
1.307469581634145062e+00
1.288809686236003005e+00
1.248962529057477733e+00
1.188231351734727603e+00
1.108173999099393958e+00
1.015633807148962120e+00
9.234684927080473171e-01
8.381341385630016738e-01
7.621831682596003077e-01
6.906211277671345794e-01
6.128593376926126934e-01
5.340098555691021875e-01
4.596119971452412023e-01
3.906667764702181356e-01
3.265489049282520040e-01
2.585877647442340610e-01
1.888465089273936581e-01
1.277623812504927736e-01
7.314287716124112659e-02
2.065438424052692436e-03
-9.217671301696334085e-02
-1.893954864034358143e-01
-2.853850343692171387e-01
-3.633133346898435034e-01
-4.170245434604172852e-01
-4.957561722761898437e-01
-5.979733641494339169e-01
-6.745629259960224111e-01
-7.421356465316175655e-01
-8.201776332929855418e-01
-8.822352409679321550e-01
-9.422882999432589113e-01
-1.024451446027225154e+00
-1.104102339400973687e+00
-1.165841018209960778e+00
-1.210732702690943130e+00
-1.238768378118576763e+00
-1.247120045076633987e+00
-1.229179121978389633e+00
-1.197337434785788357e+00
-1.148471147299918504e+00
-1.078241714074535729e+00
-9.974630614029084130e-01
-8.949358603102274268e-01
-7.829190022377817693e-01
-6.698024424477612149e-01
-5.520425592230443490e-01
-4.518552684708075362e-01
-3.586780587388569974e-01
-2.668659685166422380e-01
-1.829139075472317466e-01
-1.010173776755147190e-01
-3.417592486829030413e-02
2.836760278610106836e-02
9.767379439731199708e-02
1.754506328762324152e-01
2.668879398893531096e-01
3.546303055394200987e-01
4.381837940755446414e-01
5.299781226637710896e-01
6.379838089306890669e-01
7.517194517523181352e-01
8.598523577367372939e-01
9.726393674246111010e-01
1.073348875588750140e+00
1.151752032862191966e+00
1.195372296282035229e+00
1.191865950216616898e+00
1.179149858084546310e+00
1.156985907204977515e+00
1.108698232700231490e+00
1.049807971096421655e+00
9.741136697700534253e-01
8.838131137668442383e-01
7.973084346472318895e-01
7.210261557513208963e-01
6.513364734595940009e-01
5.811726047558108954e-01
5.098835946643305306e-01
4.398732300702584141e-01
3.719764726726208504e-01
3.055546589152697834e-01
2.399491604716028903e-01
1.724888722685332942e-01
1.051219937360547141e-01
4.195615553474665166e-02
-2.270132078608492684e-02
-9.756584082429545224e-02
-1.810521306079191373e-01
-2.571932812716261618e-01
-3.301512912240281983e-01
-4.128583656478835850e-01
-4.892661716862741206e-01
-5.629944062234349955e-01
-6.442415692641229041e-01
-7.159789230075139788e-01
-7.840113083560601437e-01
-8.506308208779568281e-01
-9.045800953405586098e-01
-9.628052391765685725e-01
-1.030586965915648801e+00
-1.106861749811998585e+00
-1.184314537446192306e+00
-1.226507634026595461e+00
-1.232828868498917485e+00
-1.215815151522718685e+00
-1.172489185803304412e+00
-1.117334021000581989e+00
-1.049983847995607400e+00
-9.648564016884676464e-01
-8.638586387713675929e-01
-7.520737861924676748e-01
-6.403802330971708479e-01
-5.291627670248744142e-01
-4.243625805831424125e-01
-3.261980745383391000e-01
-2.330013479303996160e-01
-1.466241424836611518e-01
-6.128543738132463670e-02
1.717260555444618739e-02
9.419841766861200560e-02
1.781818307676387714e-01
2.683580593868499786e-01
3.578700519309250261e-01
4.305419378466422420e-01
5.006430545037635627e-01
5.836228283414355289e-01
6.741680072355263897e-01
7.708317536919885304e-01
8.774659541422785702e-01
9.973792699342558521e-01
1.113023155158528565e+00
1.203737795276843103e+00
1.254067029919884391e+00
1.274119861685933719e+00
1.282449371996272847e+00
1.258555089573671681e+00
1.215046728971377110e+00
1.172329261693259239e+00
1.108515889366730400e+00
1.023634856866545650e+00
9.321429916305514762e-01
8.465647118346154576e-01
7.660924606090860900e-01
6.775463877874113860e-01
5.863872164890033822e-01
5.110051529300539963e-01
4.586312310003317627e-01
4.031182517880091409e-01
3.324685940181294486e-01
2.608037241272778139e-01
1.803191748205950906e-01
9.401394749636488024e-02
1.952638451711330436e-02
-4.925199703332484163e-02
-1.261822697734134302e-01
-2.091734788946386925e-01
-2.921880054613354982e-01
-3.726971923056717206e-01
-4.444132759327056870e-01
-5.175772775105720314e-01
-5.993591249888060579e-01
-6.704243529079186859e-01
-7.301462236542514139e-01
-7.879161516663704123e-01
-8.384204673597577262e-01
-8.946048338519853038e-01
-9.666977851610237815e-01
-1.036026373973281789e+00
-1.092339543417816694e+00
-1.138152299803111278e+00
-1.167080539175354259e+00
-1.168029415171580210e+00
-1.147645076885344562e+00
-1.118087328037296935e+00
-1.067429314200076140e+00
-9.946191599772625791e-01
-9.041854039963971301e-01
-7.956455707452860793e-01
-6.911347313941856862e-01
-5.915240694056645987e-01
-4.918077161802239528e-01
-3.982254671616986541e-01
-3.017068366455610273e-01
-2.104987865267556602e-01
-1.258680767257786270e-01
-3.846270634681824702e-02
4.487541848271431322e-02
1.178285699971787365e-01
1.818704612630455686e-01
2.563870092928184352e-01
3.421867595175109300e-01
4.214266761022136820e-01
4.965017573284573049e-01
5.793340571153058338e-01
6.787246009774001720e-01
7.843488639468383372e-01
8.926443982604020944e-01
1.006920668496059212e+00
1.109052292392223471e+00
1.183312098645849186e+00
1.217740402387925247e+00
1.218152496453650535e+00
1.202164420314847826e+00
1.165773036633729776e+00
1.107436124711838499e+00
1.038989629493783706e+00
9.633141399478941658e-01
8.756724282894235989e-01
7.855575928563891530e-01
7.038111070545871595e-01
6.283589061900409778e-01
5.559574718674192839e-01
4.836444768714399656e-01
4.099764764364019487e-01
3.295398856010566813e-01
2.452215945495094529e-01
1.629868836723006864e-01
8.143044105824062684e-02
9.950594463864590074e-04
-9.111905121333403745e-02
-1.802302780287959871e-01
-2.470088583515274994e-01
-3.216322665995111074e-01
-4.007684250730975672e-01
-4.720171741537004251e-01
-5.570583350014399748e-01
-6.380719871448897740e-01
-7.070527025982329405e-01
-7.832010658780993451e-01
-8.496571048262760995e-01
-9.071737389020292364e-01
-9.675592438309902343e-01
-1.017667056234764722e+00
-1.071635008661035116e+00
-1.141479859984810163e+00
-1.215096236089949544e+00
-1.279705357406883959e+00
-1.316259160794439165e+00
-1.321627342331758159e+00
-1.300695124967157001e+00
-1.260480270769087419e+00
-1.210077213869070967e+00
-1.146868348318708319e+00
-1.065817119778993405e+00
-9.595856376478265615e-01
-8.409285714700233116e-01
-7.239331563630649891e-01
-6.099093730391406121e-01
-5.073759157326950264e-01
-4.046043107391573135e-01
-2.953277367748419757e-01
-1.918616662749228208e-01
-1.061858830223172123e-01
-3.480910263439441349e-02
4.718812840482211612e-02
1.302316199281898235e-01
2.093961605646670054e-01
3.008516666734323830e-01
3.846745953506520155e-01
4.593802584239135567e-01
5.416701404494033145e-01
6.275367228557489074e-01
7.277796620054827192e-01
8.513257353874583711e-01
9.736625917711477785e-01
1.083044576963366978e+00
1.184211693088445205e+00
1.251375037278752433e+00
1.267597491654016251e+00
1.250598397664513417e+00
1.218661568606286716e+00
1.176070903623936736e+00
1.120570828186231438e+00
1.053233688016695480e+00
9.687214552303876625e-01
8.747527700323217692e-01
7.821559231670158763e-01
6.911069644556061542e-01
6.151005185593493296e-01
5.449563580421938891e-01
4.678307531046433376e-01
3.967013810303063326e-01
3.343795645826504459e-01
2.703988891162559249e-01
1.913997124679170103e-01
1.066951992731766247e-01
2.430684100716247811e-02
-6.695091281196982602e-02
-1.619434345335730441e-01
-2.529981046702792225e-01
-3.271651057405550733e-01
-3.868932375691617742e-01
-4.627505314944982406e-01
-5.472596867721638558e-01
-6.171119388518570004e-01
-6.826295502677425242e-01
-7.481712292137859821e-01
-8.073909245292577586e-01
-8.673910978311026865e-01
-9.220218807416372675e-01
-9.752695964813818952e-01
-1.049015030388382730e+00
-1.118143682459813437e+00
-1.161267935863888212e+00
-1.193977909236546786e+00
-1.210875954202958571e+00
-1.203177961869043910e+00
-1.175490074829407483e+00
-1.133520033297507279e+00
-1.076033124814991027e+00
-1.002822120825558105e+00
-9.150253161495955911e-01
-8.035311996695628789e-01
-6.880065667864391221e-01
-5.921269338451438102e-01
-5.032589116569051724e-01
-3.997551339422666938e-01
-2.827533627074094724e-01
-1.863521769712767340e-01
-9.859386929776139952e-02
5.788012573371297854e-03
9.370599051565625670e-02
1.709379586470808621e-01
2.576861016336180477e-01
3.428454818073658483e-01
4.327030732718303851e-01
5.225054454103857937e-01
6.098217692557558189e-01
7.089520152410443421e-01
8.137310631926550908e-01
9.147271160694671055e-01
1.017645003356244526e+00
1.122128689969303039e+00
1.219921948053093175e+00
1.302083241194462726e+00
1.345987885795367323e+00
1.346824455349132421e+00
1.327163280875619522e+00
1.291492796039258373e+00
1.243121541216350323e+00
1.192260325057751036e+00
1.124289818913952965e+00
1.032800323772907314e+00
9.404455746096554991e-01
8.561295789837477521e-01
7.779196912618489002e-01
7.058409289954880039e-01
6.361401766831294990e-01
5.727206571022412929e-01
5.081459937631538359e-01
4.383237348631490726e-01
3.728793926127532687e-01
3.039418345359182205e-01
2.241254659913448910e-01
1.377341519719758045e-01
5.581932340622922789e-02
-2.060172867423452209e-02
-9.891357943527094576e-02
-1.776814195753569359e-01
-2.627852293444609688e-01
-3.456004427891063435e-01
-4.232551356215855654e-01
-5.085568439091848747e-01
-5.842067926246057308e-01
-6.456925207495531893e-01
-7.085310389225673022e-01
-7.725771983070728322e-01
-8.318529024968696062e-01
-8.876006858916531961e-01
-9.584300091592655724e-01
-1.048944461231856806e+00
-1.129214294575502375e+00
-1.172210200804233660e+00
-1.182791121417835267e+00
-1.171518010398125531e+00
-1.138609159310907115e+00
-1.092967659382907630e+00
-1.032559961384173164e+00
-9.508876802170840303e-01
-8.557627691254618973e-01
-7.484572199035772755e-01
-6.342064850526497599e-01
-5.255518778680242642e-01
-4.251199346557713588e-01
-3.305805972837901341e-01
-2.437901671204338316e-01
-1.648673763926809532e-01
-8.865502812449599368e-02
-1.323610850439125609e-02
6.219277009575410048e-02
1.376560786176981299e-01
2.169929091274523381e-01
3.062501549633093179e-01
3.933943322240086027e-01
4.650339301479984866e-01
5.368966869703182265e-01
6.284628279290979114e-01
7.348286466177497145e-01
8.499011974056845942e-01
9.681265722813741093e-01
1.078551256018401405e+00
1.171123866650256584e+00
1.227036019239476028e+00
1.244672495846047999e+00
1.234128409977465646e+00
1.201058697061498703e+00
1.160350571241089757e+00
1.111324324244766570e+00
1.048944835799211495e+00
9.698105888132467767e-01
8.737082141177998640e-01
7.834286024324672582e-01
7.077437297013258188e-01
6.427895969914625418e-01
5.779941713897556177e-01
5.010017395215932146e-01
4.234508553693177024e-01
3.468558702349852640e-01
2.666045373369080318e-01
1.849734162217472611e-01
9.827452196447471200e-02
1.019384661725544240e-02
-6.967632483686427014e-02
-1.344373561728464950e-01
-1.953850205719435407e-01
-2.633926543088778160e-01
-3.375226350962384214e-01
-4.184269554982664174e-01
-4.924133980008923994e-01
-5.613488179107480880e-01
-6.338172003466984172e-01
-6.969030368467854508e-01
-7.549856437131851061e-01
-8.147604396829551954e-01
-8.760257221891055712e-01
-9.405101352193772080e-01
-1.003875782107955139e+00
-1.070702267296443244e+00
-1.130590327985529608e+00
-1.168746572431120345e+00
-1.190691161163739631e+00
-1.190320868490162498e+00
-1.169628864674297164e+00
-1.137673764963934131e+00
-1.083570518795064608e+00
-1.009210063982728167e+00
-9.170040969437517342e-01
-8.044616185967318200e-01
-6.891837145534396303e-01
-5.753059476329935862e-01
-4.611770700120457755e-01
-3.537766467331375231e-01
-2.473631727625296428e-01
-1.485468204047817320e-01
-6.677405220855793522e-02
6.524439372211059650e-03
7.937362316456171574e-02
1.573266484828364509e-01
2.367198575967570662e-01
3.177830818098906773e-01
4.095875832655025417e-01
5.040426593804367972e-01
5.900202649557703127e-01
6.742168379618734830e-01
7.696536588726532457e-01
8.750199739796306053e-01
9.852006504490156136e-01
1.099446969608898872e+00
1.199036375937759580e+00
1.265058386341207930e+00
1.293499022807504062e+00
1.287511340819086358e+00
1.263088309946078569e+00
1.228334411567893580e+00
1.177620645449947379e+00
1.112388766770938897e+00
1.034202775209948966e+00
9.407495711055308130e-01
8.428498475952288516e-01
7.550881258205778268e-01
6.780426240687887907e-01
6.093977592407785471e-01
5.448577632235712676e-01
4.793067830300499765e-01
4.125295284903934268e-01
3.440817320156098202e-01
2.775890456222674940e-01
2.041737136884226589e-01
1.154362561700555401e-01
3.167426579492755440e-02
-5.330277945691220404e-02
-1.664531255097456419e-01
-2.792742544065151544e-01
-3.531226006727663513e-01
-4.090265210047767663e-01
-4.852608092559263508e-01
-5.691848931693830327e-01
-6.335560700508913179e-01
-7.012309148336307585e-01
-7.704142183218776196e-01
-8.155004462192808612e-01
-8.709758320741615156e-01
-9.388195712747912092e-01
-9.968551783811011591e-01
-1.064529696658768509e+00
-1.129936309701857100e+00
-1.187638093738499601e+00
-1.231031824505866457e+00
-1.233400456744129903e+00
-1.214803621865539141e+00
-1.174816328165322332e+00
-1.107482192344625638e+00
-1.032476611612741069e+00
-9.448592713379636576e-01
-8.492351640814245206e-01
-7.421166143980751917e-01
-6.259658938399573769e-01
-5.192956131347274962e-01
-4.134303255643979047e-01
-3.154802369567835663e-01
-2.292585857300254437e-01
-1.441730869113427294e-01
-6.336802658131346355e-02
1.852170497237109678e-02
9.840263334789142724e-02
1.710920716418047327e-01
2.453134201732073416e-01
3.291772685583004288e-01
4.197724640209978819e-01
5.045338598230680871e-01
5.860033310445699195e-01
6.744776411168530439e-01
7.736262369650735993e-01
8.847552525005654145e-01
1.005884771371835740e+00
1.126537244537647142e+00
1.223155707928933911e+00
1.275932906151723056e+00
1.286517908626049866e+00
1.274951006505179230e+00
1.251798760416794609e+00
1.217016237364711095e+00
1.170091546314355524e+00
1.098707642123097905e+00
1.007720375740444929e+00
9.144678091166131839e-01
8.243176068686843827e-01
7.450293362965024757e-01
6.759866832261746117e-01
6.083302213990702256e-01
5.381780361860090123e-01
4.709151469599391349e-01
4.086776850473768374e-01
3.372779932817272508e-01
2.513853754401676466e-01
1.622235437091737453e-01
8.017583001922401476e-02
6.571759283266820958e-04
-8.429284345857522565e-02
-1.676600649795211562e-01
-2.457674899920844203e-01
-3.288529101043553560e-01
-4.198153235391560711e-01
-5.017570517790874707e-01
-5.769233891608325226e-01
-6.553652454846146114e-01
-7.173194470125293654e-01
-7.717014120547430744e-01
-8.350984494466899832e-01
-8.952902422671910054e-01
-9.611564979825679700e-01
-1.037231876965825306e+00
-1.114208597004162415e+00
-1.177666035811469003e+00
-1.212608395899750002e+00
-1.232846085010864456e+00
-1.234919806449989110e+00
-1.209402276674368837e+00
-1.167495180594560145e+00
-1.103695737992922865e+00
-1.026611300862567688e+00
-9.419592824867474290e-01
-8.398644414136189340e-01
-7.344325515996172893e-01
-6.258360420105969490e-01
-5.114658583679611015e-01
-4.107001360775481835e-01
-3.247091128898449974e-01
-2.395232053928948723e-01
-1.521769973478460936e-01
-7.123480127325143574e-02
3.126346888297297164e-03
7.776675133185742550e-02
1.567453717211180486e-01
2.428862640523028193e-01
3.300567854470161655e-01
4.150614356380598058e-01
4.977731717344800466e-01
5.801778369850810746e-01
6.753497421421281732e-01
7.870359542163336553e-01
9.080785442761680759e-01
1.025488657445571716e+00
1.117087668185292149e+00
1.172210669674748296e+00
1.199158916303559197e+00
1.202419288749430271e+00
1.183604816154411266e+00
1.153556900266674345e+00
1.112462721252177600e+00
1.053027764915493103e+00
9.711547245568579179e-01
8.721749872594004582e-01
7.819871363043803258e-01
7.090911409741429416e-01
6.379444729167083050e-01
5.587995582289572161e-01
4.736449911278315938e-01
3.965651434680271814e-01
3.305894174881553460e-01
2.673853050568629763e-01
2.036312801762864833e-01
1.355074681115323587e-01
5.794169399309420654e-02
-2.570011187678643630e-02
-9.970534936954011940e-02
-1.563565757833166314e-01
-1.976777009287575548e-01
-2.439389832396346158e-01
-3.270506970364603361e-01
-4.280311079836360277e-01
-5.094412749399271911e-01
-5.843209728192827468e-01
-6.675295793997515492e-01
-7.371658311728426227e-01
-7.970294556005590447e-01
-8.734089329131380364e-01
-9.477328265793781847e-01
-1.007624535247590325e+00
-1.064988890536507693e+00
-1.123128822723738152e+00
-1.189562777556737005e+00
-1.233395268374948062e+00
-1.236537967656585302e+00
-1.224690734434964234e+00
-1.185289619486461277e+00
-1.118358742577070242e+00
-1.040328005003960499e+00
-9.498250996900027276e-01
-8.604311488433312727e-01
-7.628145295656736380e-01
-6.514278962129131934e-01
-5.427460764388294390e-01
-4.332215288748124671e-01
-3.291605956526037491e-01
-2.388088251765582981e-01
-1.554267897669837639e-01
-7.345768375782527060e-02
8.118996437526681403e-03
8.533380398581566495e-02
1.644651263589221313e-01
2.525108122621794182e-01
3.459148049006682268e-01
4.324360115810317873e-01
5.052301066600328738e-01
5.824110706372246371e-01
6.754353645979505050e-01
7.866760136820722948e-01
9.193993326803989730e-01
1.052056941758592545e+00
1.161429993383932491e+00
1.241219332298827416e+00
1.290667564255327804e+00
1.312023848422845251e+00
1.305772659838737582e+00
1.280736464468178237e+00
1.245145757617953874e+00
1.190679623722044722e+00
1.116202402442383779e+00
1.029144838400023465e+00
9.365969413295573975e-01
8.547102171104198343e-01
7.856975803726412577e-01
7.190254579993076156e-01
6.504166641456664566e-01
5.726640530170880039e-01
4.916059134480684767e-01
4.183290998460083565e-01
3.520481464290668439e-01
2.895914427155235060e-01
2.158850066449703176e-01
1.243603349055697332e-01
3.028661501680715573e-02
-5.133828970599629837e-02
-1.199014540398670309e-01
-1.958915270033321221e-01
-2.832050764898750850e-01
-3.628650954748784407e-01
-4.411855016280408215e-01
-5.276564884290920743e-01
-6.048771866465876279e-01
-6.681383007345300662e-01
-7.303616635774164978e-01
-7.871720405226176887e-01
-8.297877303329587173e-01
-8.704659995799234329e-01
-9.313290721358307156e-01
-1.005273265551958728e+00
-1.063567479419307515e+00
-1.105148456998492401e+00
-1.128191668362098277e+00
-1.121134559258117891e+00
-1.094201268020126960e+00
-1.048460145064230131e+00
-9.812082405706199495e-01
-9.010871916489160416e-01
-8.084021062113488920e-01
-7.014919106096495494e-01
-5.829364704443519285e-01
-4.640482049578080193e-01
-3.596352290467683122e-01
-2.684997020343489749e-01
-1.777796505468249022e-01
-8.988581783880106313e-02
-1.005417415102776053e-02
7.046458351276410625e-02
1.454477124135074018e-01
2.162516444894508616e-01
2.972528065467496816e-01
3.815173558065913517e-01
4.665008684984022769e-01
5.507836027044695770e-01
6.293233582584129016e-01
7.120990567766138923e-01
8.077138640442775852e-01
9.161437107266379165e-01
1.025519072471846815e+00
1.122718386171871918e+00
1.200476259516850330e+00
1.250660401596200622e+00
1.274714285379108025e+00
1.275506414583195580e+00
1.258794930428557501e+00
1.231119892788983927e+00
1.181544174889723076e+00
1.111103171886668406e+00
1.030699243725223813e+00
9.371692949845893406e-01
8.439576244094003643e-01
7.652041283837287544e-01
6.901598737870103806e-01
6.106216523624413695e-01
5.287519303164555096e-01
4.562886366240155311e-01
3.970689546457595309e-01
3.378962401698592521e-01
2.673731438194821286e-01
1.788865336241119153e-01
8.656476011337713161e-02
1.307490703850241499e-02
-4.542575287155187908e-02
-1.092569002245241117e-01
-1.902297662512217602e-01
-2.791342470515775775e-01
-3.610850117749900834e-01
-4.423324279813857229e-01
-5.362288190199437921e-01
-6.250313565968153018e-01
-6.995255150210017980e-01
-7.795687029902484966e-01
-8.560080448225914074e-01
-9.262527992532783028e-01
-9.955332276096833244e-01
-1.052221011239388382e+00
-1.113937680563312549e+00
-1.179798499422757274e+00
-1.233997481050455036e+00
-1.275382952536966874e+00
-1.286873596091621996e+00
-1.271515872390539093e+00
-1.236623610366623272e+00
-1.183160557366095267e+00
-1.120328841609461001e+00
-1.040003622379154669e+00
-9.387284217411339116e-01
-8.235487870992156401e-01
-7.070429471748159722e-01
-5.942545918727291099e-01
-4.815364325042352789e-01
-3.827896716082423989e-01
-2.973079351209346188e-01
-2.145177654768334330e-01
-1.340203551003179561e-01
-5.548221712930991034e-02
1.607479075287446962e-02
8.888584953858091886e-02
1.734453801309436827e-01
2.655133272107504383e-01
3.537490117746400209e-01
4.314918075840259437e-01
5.141221268717572901e-01
6.124088010542152460e-01
7.216691945328832514e-01
8.412251285660945488e-01
9.663904490998515007e-01
1.076702237140846119e+00
1.153599834090210274e+00
1.200241053179392114e+00
1.215877429553440470e+00
1.199656391343800088e+00
1.167810885855558034e+00
1.121916907530597474e+00
1.055636104525115027e+00
9.741302984790271013e-01
8.828810801670815556e-01
7.918150290896722732e-01
7.110689355421475621e-01
6.349670286354557325e-01
5.576837430206634805e-01
4.846992584243197677e-01
4.144646252387937380e-01
3.426975060297677844e-01
2.712555235653067442e-01
1.999424935263454106e-01
1.242965379306179979e-01
3.842697851394016179e-02
-5.339230563280703695e-02
-1.359789217320462040e-01
-2.029805234564119321e-01
-2.724111311500777566e-01
-3.597677765219760571e-01
-4.477439511730746391e-01
-5.224772221501471359e-01
-5.961224643570781634e-01
-6.756252815959845615e-01
-7.513686624774681411e-01
-8.193565783157107374e-01
-8.890110529066712619e-01
-9.594821075058321824e-01
-1.020803119836485751e+00
-1.077018905011916550e+00
-1.139244394762432222e+00
-1.207660390355451696e+00
-1.270111639914447421e+00
-1.309485103874883372e+00
-1.317214927123451007e+00
-1.296724394646674661e+00
-1.248746049508265399e+00
-1.181903784967915483e+00
-1.114042079621629489e+00
-1.043551933648430685e+00
-9.566639621942105709e-01
-8.472209361054957588e-01
-7.224280229390660502e-01
-5.989261355849191393e-01
-4.902174177033293834e-01
-3.955449262711626113e-01
-3.017760321362059073e-01
-2.088704893819695874e-01
-1.248459971502442478e-01
-4.758300062946950459e-02
3.049830331695276356e-02
1.206560497628515055e-01
2.220602132467861256e-01
3.218302344762076217e-01
4.101419527491914074e-01
4.841846955154083809e-01
5.535915532983656240e-01
6.312187975464501610e-01
7.258171252894090042e-01
8.367513447525222192e-01
9.493595988692895560e-01
1.054587354389739717e+00
1.149395448190480895e+00
1.214138895356960957e+00
1.239738011152940356e+00
1.244040782544569179e+00
1.227565240680813519e+00
1.188153722807192114e+00
1.140013406097468041e+00
1.077043128226930158e+00
9.931333967110893557e-01
9.027556265453267059e-01
8.180448765246193243e-01
7.421908515906964210e-01
6.688416794490784634e-01
5.947018608861587285e-01
5.309179730770713368e-01
4.767160410387497049e-01
4.089694036865952342e-01
3.245957628205564660e-01
2.428087984032114288e-01
1.622205400583493218e-01
7.173020320990487753e-02
-2.297866234537174548e-02
-1.087325900579943355e-01
-1.768363380286459841e-01
-2.322082312480987232e-01
-2.940960255110869337e-01
-3.724059977616380190e-01
-4.596977911714600906e-01
-5.452643269076719035e-01
-6.239578783412473850e-01
-7.002471081031479416e-01
-7.702875464597848110e-01
-8.375034449342567688e-01
-9.132655685294562842e-01
-9.756747456764727211e-01
-1.028673253649584840e+00
-1.097166150907045168e+00
-1.161353299204267664e+00
-1.213653603798517278e+00
-1.249885834161856835e+00
-1.252744976371798158e+00
-1.234580699603683440e+00
-1.200074731390603500e+00
-1.142488631818282085e+00
-1.069225118399471208e+00
-9.818787536336577304e-01
-8.771988470695516460e-01
-7.652288650341826370e-01
-6.562415519336615155e-01
-5.505067255452360531e-01
-4.543356062983320287e-01
-3.647293041150837523e-01
-2.746970414160858076e-01
-1.926875012524046915e-01
-1.188628698351535395e-01
-4.516685171423475559e-02
3.315772533900607222e-02
1.113721473619758845e-01
1.860279355976415527e-01
2.698109176717701785e-01
3.597983600235761803e-01
4.395356917164673916e-01
5.201427574473986848e-01
6.190651498535642006e-01
7.291075912462875452e-01
8.509954613003966051e-01
9.799812031691277348e-01
1.085896638362153777e+00
1.161735484167266241e+00
1.208061250204469861e+00
1.221045889169229737e+00
1.207843688032513407e+00
1.173916835034940709e+00
1.128050221683158494e+00
1.063731160771030693e+00
9.817436049373162721e-01
8.975412850076990301e-01
8.107633753048697489e-01
7.310695257139949721e-01
6.575908546403402832e-01
5.816661886668994530e-01
5.103672132409947659e-01
4.387677699179266533e-01
3.659856835690650234e-01
2.999550450052431150e-01
2.426941115010287642e-01
1.881075200106864520e-01
1.203410384771085029e-01
3.166028726983213804e-02
-6.393469560091918913e-02
-1.467799391397009989e-01
-2.299245546095656512e-01
-3.285156987921075689e-01
-4.128464223676078793e-01
-4.799440007071913983e-01
-5.670850671764807727e-01
-6.514549705023395809e-01
-7.088709202251688435e-01
-7.775476631959995499e-01
-8.480302751631931812e-01
-9.029703912834182722e-01
-9.618430929000241214e-01
-1.011306915233088244e+00
-1.069317186701200573e+00
-1.147226731640830666e+00
-1.204364393333774652e+00
-1.237159241362608686e+00
-1.244693925749837282e+00
-1.224590537989016736e+00
-1.187388701411259850e+00
-1.128241479145086767e+00
-1.058768916690354889e+00
-9.778049158239624505e-01
-8.754214810767733113e-01
-7.662629130349066786e-01
-6.537714272070858090e-01
-5.364779971767946742e-01
-4.247965160178066579e-01
-3.301147186522921384e-01
-2.444970861402940565e-01
-1.538385533540503336e-01
-6.441853070973754813e-02
2.177828718065767319e-02
1.039845940330278995e-01
1.817895134736447760e-01
2.609711903084345752e-01
3.376805692874301768e-01
4.165015432815893370e-01
4.979566740475049880e-01
5.782479119716364968e-01
6.656372494826051645e-01
7.637308449527300258e-01
8.793742701938461748e-01
1.005692788102620527e+00
1.122875050871746883e+00
1.221138373172199643e+00
1.290075866038519647e+00
1.323277434000512454e+00
1.318057034296139518e+00
1.290098004859741909e+00
1.253768374721577317e+00
1.199667751495710588e+00
1.133884192246508382e+00
1.055432133040954623e+00
9.624113373307052743e-01
8.733249498964648083e-01
7.898546275820784723e-01
7.144172418083933884e-01
6.467755955352357811e-01
5.859219390785991299e-01
5.457344561768469049e-01
5.082521578442528165e-01
4.410707826997829484e-01
3.515513257763828170e-01
2.696326450913509309e-01
1.937215825857354912e-01
1.074245523592745194e-01
2.820677308544394454e-02
-4.229414149430634623e-02
-1.212997354978390396e-01
-2.036795368139344697e-01
-2.919981780259628956e-01
-3.806516616595650992e-01
-4.617756114294036540e-01
-5.469177154533119145e-01
-6.243722928744298573e-01
-6.892183135436559249e-01
-7.541287953549482559e-01
-8.186325185405403104e-01
