3904 0.00333
-2.037327934419149056e+00
-2.324549772896048694e+00
-2.335678442484378170e+00
-2.547412351733717273e+00
-2.700506910472913802e+00
-2.471238107957880459e+00
-1.910146134723483824e+00
-1.128271642957953791e+00
-1.539189059750904587e+00
-1.933995503825143514e+00
-1.560380959457360772e+00
-1.253397053753550816e+00
-3.012713286623265319e-01
9.159657575470667723e-01
2.337513113841141354e+00
3.453386573159717976e+00
3.212589319673407218e+00
2.691679940862270914e+00
2.389039056577477727e+00
2.602654989684570541e+00
3.344748670990338901e+00
3.677682343791590203e+00
3.672926607146272726e+00
3.327868699333714986e+00
2.842369707513331178e+00
2.671617987504978142e+00
2.914257854055471775e+00
3.485320212195286871e+00
3.071446468675682606e+00
1.834864929863668115e+00
1.394772458641170720e+00
1.644713127032683575e+00
2.147952576298443716e+00
2.612157420528723684e+00
3.018090598159395732e+00
3.231214821758582545e+00
2.764089356718744117e+00
2.420374032031274325e+00
2.702455988737590076e+00
3.441602217713347400e+00
3.906633029281509017e+00
3.142797179245544026e+00
1.738618732821615609e+00
1.473823487322123600e-02
-1.917675567815293913e+00
-3.441908243121748256e+00
-3.876378978787810681e+00
-2.962877045805825560e+00
-2.137769780160367006e+00
-2.329273770888264483e+00
-3.235424116729256561e+00
-3.856263040650429019e+00
-3.592600485424419343e+00
-3.361224194310814095e+00
-2.743552923014601852e+00
-1.905054421324538616e+00
-1.941258082481546854e+00
-2.048777145892840323e+00
-1.999023850027883853e+00
-1.501141127082817217e+00
-7.499471261145547185e-01
-1.337207662020100774e+00
-2.649830063586418039e+00
-3.177900547188007074e+00
-2.724918290249599195e+00
-2.322835724762404741e+00
-2.692782743520115929e+00
-2.700086826382643412e+00
-2.415130938771283375e+00
-2.957100626676137267e+00
-3.261715683174171598e+00
-2.492252878461728827e+00
-1.930311268080307840e+00
-1.822504354059632625e+00
-1.864401180854144080e+00
-2.154952295029289644e+00
-1.507111291971370060e+00
-7.052496784997694945e-01
-2.697373561760580962e-01
1.410849623809744546e+00
2.829128848941161678e+00
3.125533632997322009e+00
2.886107920774053870e+00
2.160732111221077556e+00
2.302922831818249527e+00
2.826857284398692549e+00
3.292555084872451410e+00
3.971074705705388563e+00
3.858328894938438225e+00
3.210887192092334086e+00
2.504725387016685456e+00
2.238497234840796768e+00
2.742688058918353988e+00
2.814835764072663782e+00
2.023708223909277848e+00
1.700304509399036546e+00
2.119087068630049586e+00
2.355978073480477608e+00
2.878139805021994402e+00
3.252620219475883090e+00
2.957961271100776113e+00
2.886249695740388255e+00
2.335699975079403412e+00
1.933510214720973064e+00
2.725159040631246921e+00
3.395400500713300129e+00
3.649023218609422692e+00
2.885387535868901843e+00
7.852151887745750791e-01
-9.764372786151382932e-01
-2.566449818583623532e+00
-3.742603746060670478e+00
-3.130650637844445860e+00
-2.511711881877619845e+00
-2.586042473815426401e+00
-2.651316175142092835e+00
-3.362197666036382593e+00
-3.506726944622927444e+00
-2.996896341091050076e+00
-2.788466954711730672e+00
-2.201791246639064781e+00
-1.865295502620920143e+00
-2.051919543645508437e+00
-2.137470019741809057e+00
-1.995467733262497489e+00
-1.710747708426542557e+00
-1.683835220260379240e+00
-1.840500974604283302e+00
-2.321960062789608870e+00
-2.897201237927368389e+00
-2.788116549573291358e+00
-2.151099970087252622e+00
-1.906583921391073355e+00
-2.435745266902568762e+00
-2.661943672325692845e+00
-2.607923366361371897e+00
-2.744968371787548378e+00
-2.107369622671643850e+00
-1.458959382291399098e+00
-1.598524218084552473e+00
-1.658872579156616345e+00
-1.745599840332518804e+00
-1.535141849661326940e+00
-6.055036631541685921e-01
5.583691557170771258e-01
2.145343197264580226e+00
3.299422576462485601e+00
3.254912902327604218e+00
2.770500536599415309e+00
2.232553099004850772e+00
2.333694441542307985e+00
3.052058210542456074e+00
3.761046523326967428e+00
4.168902676531648588e+00
3.710477464347626597e+00
2.739909940023831147e+00
2.051242603085741134e+00
2.618826256727230462e+00
3.521963578117764282e+00
2.882291696890302735e+00
1.917206641877271966e+00
1.510316469517570592e+00
1.596970061172095612e+00
2.303318783808161463e+00
3.021512641764643625e+00
3.528534773437217442e+00
3.308499717820613029e+00
2.582952851145915218e+00
2.214578264855354917e+00
2.339440671674609451e+00
2.926288765669789349e+00
3.338897644952944610e+00
2.992909421151870308e+00
2.013420590885594663e+00
3.007774061828585310e-01
-2.059072753451599791e+00
-3.479932584282938723e+00
-3.528547539577834513e+00
-3.306191448196108329e+00
-2.762846774459653432e+00
-2.608545135236790546e+00
-3.272425301982685220e+00
-3.678284771285148747e+00
-3.633637851309782008e+00
-3.401140961640229055e+00
-2.789338152700532980e+00
-2.128548869200229454e+00
-2.108404312341114029e+00
-2.090917811009603611e+00
-1.868181353404206213e+00
-1.477972477702854226e+00
-9.372272332553952534e-01
-1.470089135573512840e+00
-2.183975664455443777e+00
-2.375042322542217477e+00
-2.613997909882285420e+00
-2.651860077407077299e+00
-2.589966576158440947e+00
-2.396609860038802609e+00
-2.820383096379383669e+00
-3.182506950446448712e+00
-2.897588457751008484e+00
-2.752236975881854342e+00
-1.837486798703499957e+00
-1.277678331373302445e+00
-1.539533044932326344e+00
-1.622277092686053912e+00
-1.846589460326924170e+00
-1.299056652072452467e+00
-1.222709768450729317e-01
1.254318959920816212e+00
2.645045725343822429e+00
3.210800626115069889e+00
3.011068349144658818e+00
2.315619219003357543e+00
2.092200644113427099e+00
2.539307161339329877e+00
3.226134643532546420e+00
3.921678719628639342e+00
3.890062991926923619e+00
3.323571733175355369e+00
2.589841802544204263e+00
2.248120860266904053e+00
2.669331994052010160e+00
2.974900462464461270e+00
2.573725037027969176e+00
1.877857845978460949e+00
1.704477626613092101e+00
1.861921376609370071e+00
1.918673989058052864e+00
2.449358369483298770e+00
3.208624433267527998e+00
3.145278219740165859e+00
2.575848045841214073e+00
2.451431286558289901e+00
2.985587472533456133e+00
3.822663935185057316e+00
4.079072024402826457e+00
3.440994292372180130e+00
1.959153651176290367e+00
-2.397208381111606001e-01
-2.261999901754076170e+00
-3.419443703141162416e+00
-3.296429307134507880e+00
-2.417830064218481123e+00
-2.036328144323424461e+00
-2.415066871824474326e+00
-3.082915324853987116e+00
-3.428101541397313046e+00
-3.306422637274740506e+00
-2.919637056375505413e+00
-2.434685434064254750e+00
-1.938484528542471441e+00
-1.851013334265266597e+00
-2.176524039447789605e+00
-1.954509791066328495e+00
-1.403543761228766673e+00
-9.785533188807056248e-01
-1.195995477684717256e+00
-2.414985188830207630e+00
-2.930186296143721059e+00
-2.342628389503677688e+00
-1.937850701759686656e+00
-2.249516836508368200e+00
-2.648190733406751818e+00
-2.565342499975442170e+00
-2.931462669398774867e+00
-3.236528959766922231e+00
-2.503215214905629260e+00
-1.763942801218721268e+00
-1.613461173046865316e+00
-1.634060864436624794e+00
-1.751062850937920690e+00
-1.802734261026186724e+00
-9.142388594920324296e-01
4.872851149298063067e-01
1.757753242003021965e+00
2.970605089579617442e+00
3.205182763781673216e+00
2.559030743407931574e+00
2.033281380520409964e+00
2.279118011534363220e+00
2.961118066403727767e+00
3.518167577980409355e+00
4.141209200201508622e+00
3.761106739694564549e+00
2.768957686818770636e+00
2.499864966909783881e+00
2.559793450836884254e+00
2.930690913382166141e+00
3.051410700400297493e+00
2.321068625063805513e+00
1.390813317465013021e+00
1.550534726714587253e+00
2.570395447643385012e+00
3.034326510287793877e+00
3.281675899607516378e+00
3.095031639860220896e+00
2.510475882563144356e+00
2.017369274397046830e+00
1.655797653724523366e+00
2.608820877546601302e+00
3.653764659673241599e+00
3.601517440530846770e+00
2.626088971332027455e+00
3.423960926401146132e-01
-1.582731531101192246e+00
-2.980561148220046697e+00
-3.877328529691716597e+00
-3.075448325816591666e+00
-2.326821716785320682e+00
-2.407063716235924744e+00
-2.911763916932725405e+00
-3.755459788788982678e+00
-3.631692053256396768e+00
-3.039686665878042593e+00
-2.766770228085696726e+00
-2.190671615270516348e+00
-1.862913610145795484e+00
-1.955127943581072447e+00
-1.771196041949861355e+00
-1.246664586553124732e+00
-8.788025459110171411e-01
-1.504097261712494582e+00
-2.487929153227656620e+00
-2.721259292438645616e+00
-2.795677330743173705e+00
-2.978585350274572274e+00
-2.714711798381036711e+00
-2.268847924134473004e+00
-2.459132374268404586e+00
-2.913177697107335984e+00
-2.995130668870295221e+00
-2.911752491538494247e+00
-2.019738139845395963e+00
-1.067765068547981144e+00
-1.549501374602880066e+00
-1.994514325593843784e+00
-1.708723281229271640e+00
-1.412857934385281178e+00
-6.000286532641254666e-01
7.400061011206555683e-01
2.301668743495384639e+00
3.423148660437535185e+00
3.090844076361545234e+00
2.390243444834045050e+00
2.199755370421354606e+00
2.276615075480706629e+00
3.188333259799616570e+00
3.971227448188721088e+00
3.972008165100688437e+00
3.657102033048953871e+00
2.557423981438634808e+00
1.888401413435315090e+00
2.311150521762716181e+00
2.924844856406084048e+00
3.092540351261654497e+00
2.117953429407765320e+00
1.351918354367113828e+00
1.495528584043863463e+00
1.890625488146808308e+00
2.834813170382949998e+00
3.555714535298472256e+00
3.442695529111546193e+00
2.854570818194519077e+00
2.326052860752958029e+00
2.600544427061565411e+00
3.512776563247711703e+00
3.985383847819454317e+00
3.394056079761137212e+00
2.021116915344751686e+00
2.276688255167691466e-03
-2.034674253225518648e+00
-3.397782145627914030e+00
-3.797923622411538247e+00
-3.068344688332574677e+00
-2.455957522030665974e+00
-2.555154388730782600e+00
-3.198547654443982591e+00
-3.781482955354767750e+00
-3.378200946198929078e+00
-3.110161198523385462e+00
-2.791106461441978048e+00
-2.062635096955146796e+00
-2.146569619538822415e+00
-2.237986395974286502e+00
-1.869414574879050939e+00
-1.147114806789617525e+00
-5.733061316677705577e-01
-1.385715860643192521e+00
-2.488742739366705869e+00
-2.844097422395257979e+00
-2.644735964339040901e+00
-2.256075371741445679e+00
-2.457663280674282191e+00
-2.680745924665825175e+00
-2.576350703649041396e+00
-3.034518556640584563e+00
-3.271489883166801782e+00
-2.412061254867114091e+00
-1.881763495720689461e+00
-1.850625505255677483e+00
-1.639735582317439988e+00
-1.856304734589545813e+00
-1.598395882559639825e+00
-8.781369668132761319e-01
-2.894498968620731194e-01
1.305007696069441447e+00
2.735090617057828855e+00
3.000179868208910250e+00
2.709334983686907616e+00
2.181419772767843934e+00
2.279470854382616984e+00
2.824918926623697146e+00
3.519330193875616075e+00
3.997362555697225428e+00
3.673909566885102063e+00
3.052303293958338326e+00
2.611386516765093369e+00
2.560416918056048541e+00
2.591725045221400237e+00
2.796376798529002006e+00
2.522628782125925895e+00
1.551514508351569566e+00
1.654064478361699120e+00
1.968180270783006280e+00
2.040534204744546720e+00
2.594831551286580940e+00
2.737017413695574497e+00
2.697978683178327675e+00
2.245040138567499621e+00
2.011347207959055083e+00
2.861391352144368572e+00
3.462936485324721314e+00
3.689662390792219249e+00
3.154952577371711087e+00
1.454482079743196987e+00
-5.103192600878885266e-01
-2.425084808981412543e+00
-3.540492292357269033e+00
-3.279678925610407969e+00
-2.351450751702854891e+00
-1.947733236350492225e+00
-2.463592764346258956e+00
-3.129073781575268054e+00
-3.396326807100644274e+00
-3.168358414849795857e+00
-2.784477238019527512e+00
-2.476765944831633259e+00
-1.987001390793802891e+00
-1.716470480598459414e+00
-1.749687023531834917e+00
-1.564370332670851571e+00
-1.221466657097666664e+00
-1.047131069727398334e+00
-1.838352287259256146e+00
-3.274866970457612325e+00
-3.517756267768947787e+00
-2.489012910516348320e+00
-1.633279335534369325e+00
-1.911259199629159689e+00
-2.788778394462168908e+00
-3.038514957776223824e+00
-2.997632190440938871e+00
-2.916798265555817338e+00
-2.151748354911653838e+00
-1.302578023452553246e+00
-1.275367095682827134e+00
-1.753574416629313237e+00
-1.998639752999222363e+00
-1.685677425659832807e+00
-8.309651859277330521e-01
5.852437905772207571e-01
2.150699067336594439e+00
2.988118707275538632e+00
3.134152655585010105e+00
2.698304749561303950e+00
2.031745192378553444e+00
2.322280661895650411e+00
3.020105880567915069e+00
3.534328640010500067e+00
3.898984386625440113e+00
3.483949831870270852e+00
2.853094517570478938e+00
2.436892192007951596e+00
2.620415304959283098e+00
3.247120771400500594e+00
2.936046590754487706e+00
2.115192892059885921e+00
1.536113938733958628e+00
1.678813532761653127e+00
2.733541135405549660e+00
3.540303861155476461e+00
3.507509577756533936e+00
2.870310991709921655e+00
2.367789492966319020e+00
2.007868372223410525e+00
1.846084033048748463e+00
2.635557001666259502e+00
3.472502790398865891e+00
3.425487589523689813e+00
2.225529140313557086e+00
1.563220062079464512e-01
-1.820312555080437988e+00
-3.227777015268963101e+00
-3.543336882218076855e+00
-3.186449907375103585e+00
-2.810959654278216480e+00
-2.594308393816390002e+00
-3.037026443369571282e+00
-3.625258431361731759e+00
-3.634521703419724581e+00
-3.252259737419527230e+00
-2.759647758930011907e+00
-2.136865874122414244e+00
-1.901745576304944674e+00
-2.189628732943782019e+00
-1.964612860366659053e+00
-1.158165102757237719e+00
-5.927202081617860552e-01
-1.317326149853887296e+00
-2.704693812803109054e+00
-2.916178169796072250e+00
-2.536348484425877903e+00
-2.449013625520509496e+00
-2.641012311849171290e+00
-2.699066118629244393e+00
-2.664626701567846645e+00
-3.198499966120083915e+00
-3.286652042218396463e+00
-2.805507285157465613e+00
-2.228282067173299907e+00
-1.521515240494363486e+00
-1.486595651858528822e+00
-1.762792034851173195e+00
-1.805067301834785809e+00
-1.307507353903403891e+00
-2.182985487378686085e-01
1.056246403658802624e+00
2.527211931846953252e+00
3.206485396886574968e+00
2.841254545533787645e+00
2.424889461358482823e+00
2.316637455360412101e+00
2.671539699586015892e+00
3.309629630591167437e+00
3.719207429927219088e+00
3.726599715682465508e+00
3.313947582401600922e+00
2.500327738493347773e+00
2.273523449456546608e+00
2.823199364848673287e+00
3.209905022045079104e+00
3.037040687198985012e+00
2.072388080772893826e+00
1.513793871347770992e+00
1.644428006866821113e+00
1.825079465641109788e+00
2.630119418812470133e+00
3.183703828954223880e+00
3.039145302643088797e+00
2.477653773327427089e+00
2.118303401340741132e+00
2.989786943842075662e+00
3.957994466950615298e+00
4.110439065789275759e+00
3.314105722065110449e+00
1.861234719381622327e+00
-1.577981886546009349e-03
-2.251446112139314781e+00
-3.348707201510141118e+00
-3.454667895205767891e+00
-3.023025919508134596e+00
-2.001542684356395263e+00
-2.217988349759949074e+00
-3.220505355519857282e+00
-3.529196529047245789e+00
-3.399907203418495616e+00
-2.959022336935142050e+00
-2.509469771635461033e+00
-2.182678871205158799e+00
-1.872260598144961374e+00
-1.879202413227135438e+00
-1.764181981831722812e+00
-1.171894459409348332e+00
-1.100863167265148101e+00
-1.908396123287869894e+00
-3.013062991333673057e+00
-3.417604411082376892e+00
-2.400374693354713873e+00
-1.553734852115095766e+00
-2.085816636955060144e+00
-2.863339827820166494e+00
-2.928382999541437659e+00
-2.949987819185043492e+00
-3.174663247258094234e+00
-2.345579979002899496e+00
-1.422943669795932120e+00
-1.417043809891182615e+00
-1.611818551997231896e+00
-2.181622637108067586e+00
-1.894404289992563051e+00
-7.167122097203231235e-01
2.528317828647166365e-01
1.844387146929438615e+00
3.041176206713172903e+00
3.115313763063116692e+00
2.737408818447503833e+00
2.130186264059757306e+00
2.352614568667517947e+00
3.172600719722702411e+00
3.724624293253467666e+00
3.969490235706135906e+00
3.502431310548789423e+00
2.684416149991548650e+00
2.444287553322517237e+00
2.763736542463267387e+00
3.111737889922481681e+00
3.082956970197417768e+00
2.250571644595154019e+00
1.342190960643495634e+00
1.701458236227585852e+00
2.762687838625955905e+00
3.315031652373685578e+00
3.232277042083959717e+00
2.927904802234607917e+00
2.516981444702677262e+00
1.866708372590220044e+00
1.776739868529127797e+00
2.674155386328101347e+00
3.547488639205622629e+00
3.759191909485435357e+00
2.783114763610767373e+00
6.164828887836337756e-01
-1.302772248535921662e+00
-2.731958266655002632e+00
-3.636608207364460110e+00
-3.242101669021510979e+00
-2.571452273182282422e+00
-2.384671988702546486e+00
-2.664953417501492616e+00
-3.405278297312263724e+00
-3.533799401643856974e+00
-3.038991911854918460e+00
-2.690710882660523939e+00
-2.355293095353039323e+00
-1.954064159597783901e+00
-1.895639920526092759e+00
-1.994241293766058298e+00
-1.503865774029463198e+00
-1.016973501348089393e+00
-1.342782944975876802e+00
-2.254510527890921434e+00
-2.983337792005116285e+00
-2.885902714621026099e+00
-2.519387154884490609e+00
-2.233457327678248561e+00
-2.233028788337807491e+00
-2.718729417907452373e+00
-2.929738844435885614e+00
-2.901259442957122126e+00
-2.716465250500247119e+00
-1.898489134759560271e+00
-1.244848406418454179e+00
-1.435427427606521311e+00
-1.769281824270374726e+00
-1.794918971990808076e+00
-1.404376651942627507e+00
-4.784930264019743862e-01
7.486094332425944353e-01
2.183851299973293969e+00
3.008201754223268409e+00
2.830397161054197142e+00
2.428917025535656471e+00
2.072442366209398923e+00
2.424088955494939857e+00
3.207496783326534651e+00
3.671085732525599887e+00
3.938414763244270311e+00
3.396674157508663416e+00
2.597236741197877397e+00
2.404473459037321348e+00
2.841609040964666377e+00
3.339548472449521910e+00
2.651532043806838157e+00
1.730151205615795940e+00
1.368129478206698835e+00
1.343338392075436039e+00
2.109563511741248121e+00
2.886143716614759658e+00
3.263665607742203267e+00
3.253572602642686551e+00
2.687278724458029622e+00
2.377713358601059479e+00
2.724772621971548237e+00
3.324031401587507428e+00
3.699096794101707442e+00
3.525036252000564474e+00
2.341320288536011596e+00
1.485271349963750431e-01
-2.188766828881792303e+00
-3.435477291370307995e+00
-3.391073035635386201e+00
-3.165778799519352482e+00
-2.569095101444033080e+00
-2.416409648154773659e+00
-3.345115722580781270e+00
-3.417722816944785524e+00
-3.431476568198385202e+00
-3.454051196837534476e+00
-2.505217124644241178e+00
-2.204975443472785290e+00
-2.157750749743280849e+00
-2.046971096570969095e+00
-1.874610253905562463e+00
-1.269812926409759957e+00
-1.207767649833055845e+00
-1.460448055141659651e+00
-2.424492600518956209e+00
-3.065153052685997359e+00
-2.233253608796360368e+00
-2.159757730015885446e+00
-2.492499704974348695e+00
-2.480565276059243818e+00
-2.770290394775996035e+00
-3.044304221797109467e+00
-3.269199591020372608e+00
-2.744880166021575807e+00
-1.920318280178459958e+00
-1.639025195791432132e+00
-1.636993052034363627e+00
-1.899680720346673901e+00
-1.911806403823230083e+00
-1.293864970009711568e+00
7.560829919300915414e-02
1.542901298247447706e+00
2.624281368350763977e+00
3.304712519658790537e+00
2.923698414590009786e+00
2.372123318184669039e+00
2.288546210228140421e+00
2.726539698609249385e+00
3.789713422353482297e+00
4.164660898581928450e+00
3.734789522690450614e+00
3.018808700372811238e+00
2.438167275956768965e+00
2.580856648563769173e+00
3.063637240775571868e+00
3.196535062226792068e+00
2.375807288229113912e+00
1.636058887481108615e+00
1.899601668517992170e+00
2.218084337609750989e+00
2.288074498555282332e+00
2.454625950943559065e+00
2.893229471873149716e+00
2.918526500006124902e+00
2.166423944049627792e+00
2.084926490539975141e+00
2.920150921728577043e+00
3.448431445577429422e+00
3.758435888111020251e+00
3.507428936035808853e+00
1.734726822826437864e+00
-5.655951705585633427e-01
-2.519394590558510227e+00
-3.560722360820637977e+00
-3.255599900512295086e+00
-2.656868867107405663e+00
-2.163302830660233766e+00
-2.350778362331276572e+00
-3.111628987648895617e+00
-3.310668042066447825e+00
-3.352927626618698476e+00
-3.026467515839412759e+00
-2.490108729249134623e+00
-2.315886337684186280e+00
-2.051893473350721919e+00
-1.759023035381555466e+00
-1.269575297281364978e+00
-1.024254061565192497e+00
-1.477741819833463532e+00
-2.320068922120749111e+00
-3.051766297502124914e+00
-2.865037260287408571e+00
-2.381029463611290087e+00
-2.068130979161198812e+00
-2.092748644577869133e+00
-2.769207320403199279e+00
-3.020406112710622093e+00
-3.037215003778846345e+00
-3.090051694714821107e+00
-2.288769476322866758e+00
-1.557134954644834757e+00
-1.535638535551864692e+00
-1.726245107627343289e+00
-2.107067975656837788e+00
-1.731288663773658421e+00
-5.758159658518988699e-01
4.724364616261786942e-01
2.024114730948121110e+00
3.094744211127583355e+00
3.036700953107092538e+00
2.829054199716852125e+00
2.234813573376853491e+00
2.304313115790173061e+00
3.111895106618358664e+00
3.662969150743882185e+00
4.149696374240003038e+00
3.676752035033733268e+00
2.807372294123570367e+00
2.418662225369832885e+00
2.500342572636638394e+00
3.109661114705334573e+00
2.963576505951707851e+00
2.174860728709965496e+00
1.553809420345146464e+00
1.655381061301099965e+00
2.578249036441810027e+00
3.203579990105200004e+00
3.450218778578070467e+00
3.050418855621606085e+00
2.337181208525558773e+00
1.887735865089804177e+00
1.744238425897420841e+00
2.741744930532184821e+00
3.594378130334423105e+00
3.397142637806181753e+00
2.390837282950960763e+00
5.622477334382192105e-01
-1.228608309622192252e+00
-3.213696890026631614e+00
-4.001980619133050254e+00
-3.144687175265605372e+00
-2.681458986465837580e+00
-2.358256382896424252e+00
-2.812047042329520075e+00
-3.658699963220646278e+00
-3.513062546172778688e+00
-3.409670898678830664e+00
-2.930483452883811957e+00
-2.154238323248801823e+00
-1.902224613868374492e+00
-1.878774972212526428e+00
-2.045894998829779432e+00
-1.527683709019611369e+00
-6.942472812883573319e-01
-1.136700110849329315e+00
-2.364949511355238787e+00
-2.775853985318331496e+00
-2.530775220779630796e+00
-2.710965755769362051e+00
-2.707992820106464471e+00
-2.601670801602521621e+00
-2.992719418201071679e+00
-3.030749812744921723e+00
-2.874619199813038151e+00
-2.755439906116751825e+00
-2.132247844203579490e+00
-1.606023631024465104e+00
-1.694115811760620760e+00
-1.846077368777272687e+00
-1.734414714233313282e+00
-1.329627672836187102e+00
-5.489971666995940858e-01
6.878447445124660220e-01
2.346892708084272083e+00
3.264334023376445515e+00
2.943543698657418606e+00
2.397351966640461018e+00
1.949121242181202529e+00
2.272199889259436389e+00
3.358655857782939513e+00
3.833230864556516959e+00
3.763681956201841317e+00
3.451078107070214340e+00
2.753113079331785507e+00
2.410750650004430895e+00
2.928914623575567866e+00
3.477170922959825994e+00
3.134499430008354182e+00
2.164954630800591140e+00
1.378772488303242394e+00
1.397111248165821218e+00
1.975023084315712829e+00
2.780237696364489253e+00
3.576233385095766160e+00
3.473474717968383807e+00
2.843151661057982338e+00
2.421833538321922497e+00
2.603631294339085134e+00
3.756075244448176864e+00
4.170568572769043136e+00
3.321971004856499210e+00
2.033729581773132900e+00
-1.261963519855950899e-01
-2.111122563336392588e+00
-3.363223004307605901e+00
-3.827374563179116063e+00
-2.903729640939094914e+00
-2.345426585434826183e+00
-2.682585167767760570e+00
-3.145461687203761958e+00
-3.709994509398145901e+00
-3.552750974775542137e+00
-3.143197057985789300e+00
-2.703494270385463860e+00
-1.993490448761359168e+00
-1.917849817291525261e+00
-1.968632718557468575e+00
-1.720746751558065668e+00
-1.284806194464915841e+00
-9.785054818690198664e-01
-1.848662832435075787e+00
-3.038280003631735671e+00
-3.323950489981972289e+00
-2.732278845407146495e+00
-2.011571700648072003e+00
-2.206777107535328408e+00
-2.513941623538654024e+00
-2.504460792804119151e+00
-3.079656715307170778e+00
-3.345430276569056005e+00
-2.437531340948871694e+00
-1.657894364075708449e+00
-1.604527777825766055e+00
-1.484417767667351340e+00
-1.782890724356922751e+00
-2.093334606048230739e+00
-1.123423886822072948e+00
1.403537683177962236e-01
1.517227897309063822e+00
2.949988561635155548e+00
3.228952441169614218e+00
2.743977723199972019e+00
2.231919663907218077e+00
2.213354610468802441e+00
2.749680420619641463e+00
3.583568505338010635e+00
4.115784128247948814e+00
3.626720085390277681e+00
2.935037904006939868e+00
2.384867752160292564e+00
2.462856637560576267e+00
3.045719104988901638e+00
2.776280362508583899e+00
2.265471516645900962e+00
1.867667363066785713e+00
1.824480978341227910e+00
2.231217539157837493e+00
2.710824380908599451e+00
3.296980149319977738e+00
3.092626006534250127e+00
2.762937294361507590e+00
2.189185846537306634e+00
1.661138061946536126e+00
2.723290613335739518e+00
3.404783385711002808e+00
3.639823138325255947e+00
3.200823263092440030e+00
1.045653356896558694e+00
-7.656088059898058518e-01
-2.538464823375984114e+00
-3.534364223431211371e+00
-2.856600541829578344e+00
-2.495416063714457344e+00
-2.300187108624288879e+00
-2.513117038648152057e+00
-3.313707522742060707e+00
-3.434455894860612091e+00
-3.114169940859975672e+00
-2.706772518076569600e+00
-2.219183641795023476e+00
-1.989545475008505981e+00
-1.994639957952323295e+00
-1.946779476096157868e+00
-1.553148731950869443e+00
-9.865748805772860397e-01
-1.274119621046218676e+00
-2.338758723063958822e+00
-2.784916597277167671e+00
-2.732362225412317436e+00
-2.676610914833295940e+00
-2.122200584869895046e+00
-2.007902962129793689e+00
-2.917814431391750229e+00
-3.120639729634674620e+00
-2.927336553476840741e+00
-2.956804726974761710e+00
-2.092285775870642794e+00
-1.499429406909351670e+00
-1.495947283866821298e+00
-1.562375405821437857e+00
-1.993714868920902328e+00
-1.704953320279765538e+00
-8.693903335281079059e-01
5.404398649603194826e-01
2.233989612260373736e+00
2.963555731160598228e+00
3.257449832086935171e+00
2.617235133920530643e+00
1.812702532935282607e+00
2.294495864151295361e+00
3.249598896780964363e+00
4.310480221976387583e+00
4.312881812022739680e+00
3.190388367350506460e+00
2.427347250685733648e+00
2.195424765038318071e+00
2.631631388670023775e+00
3.157432211592968496e+00
2.758659757500828036e+00
1.722831615106880765e+00
1.379884515509349541e+00
1.830989060439104144e+00
2.307433293902698246e+00
3.415254934217532679e+00
4.024291245508889503e+00
3.202862941414144071e+00
2.548992456221033098e+00
1.935176498825263991e+00
1.772784121298498938e+00
2.842931369248550055e+00
3.535583058761749164e+00
3.254443892252958381e+00
2.085343036839713449e+00
1.641940831279806723e-01
-1.799268373758764916e+00
-3.328639131811110374e+00
-3.552690785683694674e+00
-2.961656273469720713e+00
-2.647616914463819970e+00
-2.619807804019197661e+00
-3.180250481858871048e+00
-3.716388873775633428e+00
-3.514687541716751795e+00
-3.186199344389285759e+00
-2.710387794497225666e+00
-2.063948589724108995e+00
-1.944232452632707941e+00
-2.033949236528470372e+00
-1.710890307755738249e+00
-1.031263008138639137e+00
-6.804586338866788209e-01
-1.694053854279452320e+00
-2.723944126586545167e+00
-2.611708861328012610e+00
-2.859819710657249825e+00
-3.059630513457234358e+00
-2.514262889419310643e+00
-2.326281976742763824e+00
-2.703547496560006813e+00
-2.997420608188157587e+00
-2.938324061919639796e+00
-2.722517055863811208e+00
-2.051511650224941086e+00
-1.477475932135238423e+00
-1.612757804496792069e+00
-1.844127837825348726e+00
-1.893739689916888125e+00
-1.248304245379466382e+00
-1.796295414370998600e-01
1.088878259632440670e+00
2.622722060625374940e+00
3.287813181778521887e+00
3.096355002700228010e+00
2.561750936265525525e+00
2.206179790176146849e+00
2.613507694898586919e+00
3.483682542706998397e+00
4.167978263934748462e+00
3.975927318095612062e+00
3.254125884008645553e+00
2.477035785417870173e+00
2.197625871590504154e+00
2.758726463951477026e+00
3.238277734035165611e+00
2.867856426549219240e+00
1.740666860560047713e+00
1.387943670807326946e+00
1.683890509229346799e+00
1.776662911460527239e+00
2.687241407335108967e+00
3.317021579423471866e+00
3.130406679250004931e+00
2.773407050823788911e+00
2.209540508191783825e+00
2.759526146474197805e+00
3.836369032983995897e+00
3.925080939515246392e+00
3.158430816576844880e+00
1.776230078125151435e+00
-8.940795039378235387e-02
-2.118380347305936162e+00
-3.269526308610739562e+00
-3.398887457876313967e+00
-2.814849850500417805e+00
-2.040959289352577422e+00
-2.360430860064843817e+00
-3.164252759793243719e+00
-3.537022505862668531e+00
-3.343238523563640374e+00
-2.837652609769682588e+00
-2.592349159239482947e+00
-2.175941120594659495e+00
-1.890086563028045230e+00
-1.802619900134625697e+00
-1.457111882446787465e+00
-1.157344285557529995e+00
-1.115264588736270879e+00
-2.031699645126557652e+00
-3.206643855089799544e+00
-3.300266331474956960e+00
-2.547832384135916950e+00
-1.870922043070466279e+00
-2.122041822471814054e+00
-2.711708247446037667e+00
-3.031656721869176785e+00
-3.051909445260873710e+00
-2.901691637186836648e+00
-2.340493630102713496e+00
-1.210721397245626552e+00
-1.306034948390040196e+00
-2.130406401784121329e+00
-2.159147013290555250e+00
-1.794610906131188788e+00
-9.232537151215932658e-01
2.296653437381070972e-01
1.846955779970072209e+00
2.983075765313592864e+00
2.965606086715790290e+00
2.676465145488119646e+00
1.897405075967081078e+00
2.132652259158763997e+00
3.041853890634148350e+00
3.432018060760495537e+00
4.024461759425825846e+00
3.467481311811032363e+00
2.635199262232871931e+00
2.510658580098819481e+00
2.518448703640767672e+00
3.175305510552166588e+00
3.183114452099744973e+00
2.246057859135698997e+00
1.477796664952209849e+00
1.833565343821409899e+00
2.780168074614072005e+00
2.797127997233167740e+00
2.937914816224533876e+00
3.053488848629733354e+00
2.487723959839116983e+00
1.777020471997664774e+00
1.563128294649474892e+00
2.728387409276882281e+00
3.497128465121565277e+00
3.438229731907649800e+00
2.767438291173633491e+00
6.643441957463909198e-01
-1.142110316651776092e+00
-2.754095533119791384e+00
-3.655116762606295922e+00
-2.879938405719812078e+00
-2.475277602632767415e+00
-2.359808055693085826e+00
-2.699954092289682528e+00
-3.512595545427303900e+00
-3.368339693364431842e+00
-2.982780183690167952e+00
-2.644970043324529119e+00
-2.191097635380369724e+00
-1.960459227595209519e+00
-2.133165639008777426e+00
-2.207959928167263719e+00
-1.475579074079735209e+00
-8.977969674121543120e-01
-1.138102527581494883e+00
-2.193428027704517724e+00
-2.932203083425282131e+00
-2.378192113952522391e+00
-2.249857530689006957e+00
-2.631336457556786357e+00
-2.633821704579036194e+00
-2.734236545606627988e+00
-2.987678226680275717e+00
-3.280809594370195370e+00
-3.013372019667134527e+00
-2.201919601194500142e+00
-1.545679533531998828e+00
-1.355732526693460116e+00
-1.612327073711369074e+00
-1.774495020720161742e+00
-1.582536159211219040e+00
-6.359585564803833524e-01
8.345845570572144601e-01
2.117877754504180476e+00
3.088600936385851092e+00
3.032628504457795859e+00
2.312373836988869780e+00
2.070547566391249816e+00
2.463375883668183608e+00
3.411207446588229608e+00
3.986409748899969685e+00
3.668402731286388718e+00
3.108038576723011204e+00
2.469676457312588003e+00
2.332259253331956828e+00
2.979235526565584546e+00
3.185036266829186058e+00
2.687603505948971794e+00
1.914221459423249616e+00
1.373004016060763499e+00
1.743914415739988844e+00
2.348966869789648193e+00
3.138591234727587498e+00
3.731996969531921948e+00
3.157525550350235299e+00
2.617022112900722064e+00
2.359493409573829137e+00
2.510240377117386235e+00
3.590469713301585486e+00
4.005851840392258723e+00
3.226449501061404046e+00
1.881456125121710343e+00
5.557400392027611602e-02
-2.066252578419682351e+00
-3.427210813215349816e+00
-3.487842615822982495e+00
-3.228843102139157484e+00
-2.598673880677412562e+00
-2.455357523246373130e+00
-3.397968734672493607e+00
-3.620083828984952845e+00
-3.472789222331113645e+00
-3.288689752009311462e+00
-2.518970734865888961e+00
-2.003826838423213186e+00
-1.811909089603773504e+00
-1.881337329840572892e+00
-1.727113545930331062e+00
-1.106450913419698479e+00
-1.107951032127186819e+00
-1.933968259691584590e+00
-3.074517471256531742e+00
-3.117406455978354973e+00
-1.746737951995069649e+00
-1.404388826332797269e+00
-2.546947246061617598e+00
-3.135944843794767678e+00
-3.013107667525765976e+00
-3.432944654813114838e+00
-3.493037961689275495e+00
-2.377480628475890256e+00
-1.680327638953670766e+00
-1.464752366952119189e+00
-1.503705816605921619e+00
-2.232959382564159156e+00
-2.057681231905760022e+00
-1.056118228428149397e+00
6.793428660367784033e-02
1.881728202905131209e+00
2.875140245679402184e+00
2.943442972837643445e+00
2.845020694652442561e+00
2.085581973309807768e+00
2.152683637706676478e+00
2.962914498813001174e+00
3.386142712348799488e+00
3.775167858931328446e+00
3.633319806666423180e+00
3.320088106532633088e+00
2.806073375123773417e+00
2.302337632631721753e+00
2.924355966943860352e+00
3.197472016030940001e+00
2.501655567892878462e+00
1.884832700078657552e+00
1.776325750247372159e+00
2.005515088159407711e+00
2.216646730875840188e+00
2.763687358650578130e+00
3.091700332980914290e+00
2.843841486792777928e+00
2.129616594422561349e+00
1.809717001061229569e+00
3.083979050836988645e+00
4.094242051055198672e+00
4.054563492685958614e+00
3.162758639967400143e+00
1.152274592908445250e+00
-6.249673003842524110e-01
-2.330971261446027398e+00
-3.471039369436297761e+00
-3.205011019065821198e+00
-2.601001920271666989e+00
-2.122442792618131069e+00
-2.361017298551469690e+00
-3.067428525975882447e+00
-3.367532721391905959e+00
-3.233056679673994793e+00
-2.821859204435422708e+00
-2.376838899743527467e+00
-1.961884450926722145e+00
-1.772580095873927730e+00
-1.703764427414863558e+00
-1.512182512893480490e+00
-1.077398811976742143e+00
-1.076300154020678690e+00
-2.282865061202916657e+00
-3.247993307288719933e+00
-3.013084391550411745e+00
-2.346000793721534361e+00
-2.025261931624090739e+00
-2.330201996079565241e+00
-2.819666021815065982e+00
-3.122787823299878252e+00
-2.979156357749981332e+00
-2.651275811837320528e+00
-2.224770395729448236e+00
-1.631811463159522635e+00
-1.479349970348338594e+00
-1.664479007684660949e+00
-1.953028862746940320e+00
-1.759928632367960599e+00
-7.014485710134892305e-01
5.289642721858374141e-01
1.898401998643723054e+00
2.894336817311711663e+00
2.969607417659124948e+00
2.514839436338480727e+00
1.986742250871944115e+00
2.343741747752608351e+00
3.282820864018885398e+00
3.809568642543360362e+00
3.900732301084318454e+00
3.327381069659518076e+00
2.662680831206518661e+00
2.481861944309224466e+00
2.584815963137771178e+00
3.128030532793823149e+00
3.057888460226418026e+00
1.942617444315849928e+00
1.230160916607657473e+00
1.613442934114619254e+00
2.866376194529256516e+00
3.682204389750415530e+00
3.335914879116397724e+00
2.790180853126319249e+00
2.364625346321679977e+00
1.927836943872234921e+00
1.875734407801654235e+00
2.708742740146268257e+00
3.715473250769145697e+00
3.433916416970788532e+00
1.937691069140845990e+00
2.793639355123178625e-01
-1.357846059694543861e+00
-3.102933573767008735e+00
-3.833679510419125691e+00
-3.302711657471085971e+00
-2.756665403516108448e+00
-2.539791867712444695e+00
-3.037517464739965423e+00
-3.792577386119263316e+00
-3.558220877546824923e+00
-3.070340380477027509e+00
-2.820024652756922823e+00
-2.229922053671685500e+00
-1.803311240126833637e+00
-1.797791397207804565e+00
-1.771815186919275087e+00
-1.636643917387937019e+00
-1.322642315503868460e+00
-1.553799615368467446e+00
-2.491248366041238782e+00
-2.716945594800339592e+00
-2.265475839414246462e+00
-2.133681390317196946e+00
-2.466569907394045469e+00
-2.721250970663445123e+00
-2.605114567905258305e+00
-2.744623395739696825e+00
-2.964268677540737418e+00
-2.705023226804291969e+00
-1.853762275033836282e+00
-1.162800877941538413e+00
-1.682388292769337657e+00
-2.140636634920075831e+00
-1.775074525484956478e+00
-1.299611730297054013e+00
-3.614169683421586399e-01
1.038009308378315732e+00
2.426743742986793961e+00
3.234836624854489084e+00
2.955087847180131622e+00
2.210055477680097802e+00
2.034568642828168628e+00
2.582690448089667079e+00
3.343650734680673420e+00
3.899442508953389286e+00
3.881373674433429510e+00
3.414786250634687104e+00
2.686521917830643869e+00
2.331761156577247363e+00
3.012882183942299452e+00
3.417991467961909891e+00
2.877658862309460552e+00
1.985113766006798564e+00
1.454027265581521178e+00
1.853790886027775642e+00
2.173454635728734985e+00
2.398280043406209927e+00
3.065031132138212211e+00
3.276447917932657994e+00
2.786991920866832562e+00
2.318808455886279596e+00
2.681481317377323315e+00
3.607664734923832217e+00
4.113760838351584681e+00
3.496411879223783714e+00
2.026566243742164097e+00
1.509198195815852905e-01
-2.072054535416075094e+00
-3.305559312384718229e+00
-3.639965415599375476e+00
-3.224493738015958844e+00
-1.933706779668066034e+00
-2.279854228067955013e+00
-3.323580915033854222e+00
-3.467228343582209327e+00
-3.555176522096323843e+00
-2.984162443388870933e+00
-2.515633572877058466e+00
-2.230837046708131766e+00
-1.742409783907332699e+00
-1.799748445475485958e+00
-1.728496964425981997e+00
-1.384855474092746563e+00
-1.024133898761967920e+00
-1.579757831584133188e+00
-3.076005073955264013e+00
-3.387858246020436059e+00
-2.437075052375506701e+00
-1.898216613458766577e+00
-2.656769026717992421e+00
-3.040997970706055042e+00
-2.356556331036764984e+00
-2.699333271467829753e+00
-3.251680978183243642e+00
-2.552316730600327599e+00
-1.690228458394051003e+00
-1.511843751913766631e+00
-1.791958741523970611e+00
-1.913803852034895225e+00
-1.630321751601949698e+00
-9.590291041096976610e-01
1.135436653031056536e-01
1.568072446967889721e+00
2.773220527236542665e+00
3.163821777996838058e+00
2.710364708113122578e+00
2.009517736119865283e+00
2.275038183619810805e+00
2.924577651689154401e+00
3.528435551889937294e+00
3.998724021617366287e+00
3.453723341736778529e+00
3.001103975567616544e+00
2.736064978313132112e+00
2.435355806622361285e+00
2.947097314162383963e+00
3.024964192204659952e+00
2.160660845106974648e+00
1.681215325575184050e+00
2.071219852182523358e+00
2.552845919796440821e+00
3.091989603981426082e+00
3.250928290975273249e+00
2.613330841240279145e+00
2.529869530861764026e+00
2.043975749441206968e+00
1.717216320714013200e+00
2.873449535971793090e+00
3.512520796846846594e+00
3.778816612842906597e+00
2.738239817564776413e+00
4.410165454025030130e-01
-8.069727603646466019e-01
-2.454103969909760430e+00
-3.600728667001265482e+00
-2.987469134654719305e+00
-2.655647199918623080e+00
-2.579276872312135538e+00
-2.623837588008202104e+00
-3.329562998948613295e+00
-3.505293733481949392e+00
-2.934393707931947759e+00
-2.842147732968174356e+00
-2.402422095978102412e+00
-1.743993489842827538e+00
-1.899802680252161702e+00
-1.548149638231602898e+00
-1.166857538908653291e+00
-1.142844240294840441e+00
-1.221008611553773493e+00
-2.388797426337711194e+00
-3.148665102392420145e+00
-2.758356719470765661e+00
-2.385411503810185962e+00
-2.370155413682289325e+00
-2.473850117440558272e+00
-2.546146165671943962e+00
-3.127449406417862399e+00
-3.188264215323718620e+00
-2.536376010901316924e+00
-2.256620321958460629e+00
-1.637235015281153228e+00
-1.439133664256885936e+00
-1.891146707100086255e+00
-1.706898495970358809e+00
-1.455624744094933476e+00
-8.197565714100363277e-01
7.522092121107746276e-01
2.173190655547899919e+00
3.004050612493067707e+00
3.081492528722159729e+00
2.371054364446131935e+00
1.980785808576661200e+00
2.390186785353842325e+00
3.118640464210138852e+00
3.934731608338516207e+00
4.146219490352446968e+00
3.447330451261262141e+00
2.606322944194118474e+00
2.310242471661005936e+00
2.746124649111563620e+00
3.130526898309375472e+00
2.708588582960642643e+00
1.873392987648969665e+00
1.408596554540921808e+00
1.596986801252903154e+00
2.168922244155941925e+00
2.980135959466543305e+00
3.390304985727680798e+00
2.962092160909274074e+00
2.472750851151227725e+00
2.245457996439136572e+00
2.489679482093980489e+00
3.206874389380824919e+00
3.621694265389539424e+00
3.406935499728859451e+00
2.239022726693705501e+00
3.306346244867777173e-01
-1.712948539752944033e+00
-3.265556160168468836e+00
-3.548616768275590694e+00
-3.246927088925851912e+00
-2.686402323832409955e+00
-2.362541555783827629e+00
-3.152280194601746466e+00
-3.587763215571190933e+00
-3.422807698005672528e+00
-3.172759831959340637e+00
-2.574295541739230142e+00
-2.267396715665384921e+00
-1.988499946274187247e+00
-1.722960005022876162e+00
-1.435866006029266506e+00
-1.051478759410713559e+00
-1.502018435715260614e+00
-2.134976099488009815e+00
-2.611638275733004555e+00
-3.237300713604988722e+00
-2.855504961507441486e+00
-1.848475299656514359e+00
-2.085382692326643639e+00
-2.834936780084974739e+00
-2.864702659323243861e+00
-3.157105954521010283e+00
-3.229677858492987497e+00
-2.311496890335451138e+00
-1.513749411975691128e+00
-1.239792634618047451e+00
-1.499328557791232308e+00
-2.035548043845636812e+00
-2.046479125362669738e+00
-1.216327880608169654e+00
2.668965425981451034e-02
1.349857294549331455e+00
2.612519800102071965e+00
3.163149625355553773e+00
2.861960662280034651e+00
2.258211620076282067e+00
2.163074504358621919e+00
2.658466846311789311e+00
3.507188014164402734e+00
4.305256902783106909e+00
3.715232457817911005e+00
2.808292378210533347e+00
2.478270393635927604e+00
2.071754781297033610e+00
2.594444758924645988e+00
3.151832185485992088e+00
2.537902495630177224e+00
1.782379483108225360e+00
1.601854717128160299e+00
1.778321179145103459e+00
2.049720438616343010e+00
2.671220096074700123e+00
3.071088208912490458e+00
3.031854083998973159e+00
2.505282833632230588e+00
2.065684031410252697e+00
2.887057622664363166e+00
3.647131692564413719e+00
3.993333879546007825e+00
3.504451384421404025e+00
1.515824327540603811e+00
-3.585896506912242820e-01
-2.280746844361477343e+00
-3.522086712264175912e+00
-3.217839007068396207e+00
-2.651698881867833979e+00
-2.106604881804267304e+00
-2.277244899767361552e+00
-3.066365537054800861e+00
-3.443561422185188015e+00
-3.250898674169775848e+00
-2.883412784939223705e+00
-2.649510404953764553e+00
-2.139850983300949139e+00
-1.791398714928133851e+00
-1.747296413212117594e+00
-1.513016124147730901e+00
-1.128148808501316713e+00
-1.111308733661727777e+00
-2.092516788905801839e+00
-2.969253030996817699e+00
-2.981694728614166845e+00
-2.528583981118648349e+00
-2.077755863892127852e+00
-2.311848327999877828e+00
-2.715993095391664891e+00
-2.991328271006794104e+00
-3.250514198825120271e+00
-3.124002852746624814e+00
-2.458684053326823271e+00
-1.595726852252213224e+00
-1.374742405464949524e+00
-1.637826252521676018e+00
-1.903414518517899445e+00
-1.882816848591454928e+00
-1.070223360725189643e+00
4.165834523121648147e-01
1.917306538007170769e+00
2.857351845187053208e+00
3.263620530489208083e+00
2.621420706875932538e+00
1.744864963973402183e+00
2.180864701836275010e+00
2.917689177348278484e+00
3.684018268070616831e+00
4.104953913124954390e+00
3.587006075352525691e+00
3.059330049385885708e+00
2.458183111768068585e+00
2.572488193429056214e+00
3.262009502081242740e+00
3.046213483914507414e+00
2.187904866692941486e+00
1.193787214526079943e+00
1.398895076631525347e+00
2.580638257870191854e+00
3.284742479093929912e+00
3.626904048630145372e+00
3.062890554329210868e+00
2.243656933764919259e+00
2.011414354239927871e+00
1.910686373215516376e+00
2.610998350504843302e+00
3.598877003592103385e+00
3.391964605590436665e+00
2.128548188157270094e+00
4.273542308036133441e-01
-1.544240389756143195e+00
-3.080513249743886739e+00
-3.523946097397121058e+00
-3.252844613323927714e+00
-2.551777799143040149e+00
-2.217059776355118306e+00
-2.883192118728422404e+00
-3.607065320491373406e+00
-3.566197529222251195e+00
-3.003516932049021371e+00
-2.566678535754398638e+00
-2.170366896062937645e+00
-1.876049364021521004e+00
-1.927654154915854789e+00
-1.872190875605787452e+00
-1.567457681080505649e+00
-1.043099020940456478e+00
-1.249352165205539045e+00
-2.527617622838080447e+00
-3.221563936959861429e+00
-2.700154706402537741e+00
-2.000751685735055574e+00
-2.109461989642297919e+00
-2.404609678889992885e+00
-2.610915870660882376e+00
-3.115912210858316822e+00
-3.072762508911779822e+00
-2.655037217825941376e+00
-2.093446861315575447e+00
-1.414735023153198323e+00
-1.431002503870323128e+00
-1.760219303861837226e+00
-1.853885114806511636e+00
-1.540690551507064576e+00
-5.559165188271191216e-01
1.007685819212388534e+00
2.421874869335096214e+00
3.150759363759262577e+00
3.122494954110079046e+00
2.335244552926106998e+00
2.018250429157003367e+00
2.601754089974706030e+00
3.401181040432776026e+00
3.916777530105183924e+00
3.700956190587075589e+00
3.310077704214410055e+00
2.650556214163907853e+00
2.370278165239910084e+00
3.044059307781874502e+00
3.224416487720152436e+00
2.848839206325039175e+00
2.066057075952507205e+00
1.383950482062825449e+00
1.486000228608095775e+00
1.974487665017925275e+00
2.894693411034531039e+00
3.365890917401240134e+00
3.150188248222158371e+00
2.649312823306437359e+00
2.222646280720611323e+00
2.847958933975900386e+00
3.784133493821944416e+00
4.194098981342292198e+00
3.586294659233551396e+00
1.843746237866816573e+00
-1.182914300533410845e-01
-2.086467895671025641e+00
-3.341670017515098401e+00
-3.450474912505123282e+00
-3.049711035836596196e+00
-2.504787961659072248e+00
-2.526825577850711380e+00
-3.316073097199039310e+00
-3.706713090205886019e+00
-3.395163002092919768e+00
-3.141124726744191520e+00
-2.625802523839596780e+00
-2.101048086687761884e+00
-2.049444084717618519e+00
-1.959357863976919578e+00
-1.654621349124338447e+00
-9.171667300262057454e-01
-1.084059954659744918e+00
-2.343415190341864296e+00
-2.891492924934031095e+00
-3.172776633913526378e+00
-2.832439895573668487e+00
-1.853652674282102675e+00
-2.005026286166329275e+00
-2.846476604009442912e+00
-3.182629477634927095e+00
-3.160742049247706742e+00
-3.184551015165445698e+00
-2.506713143285223211e+00
-1.556968808839199081e+00
-1.400256253617478297e+00
-1.509192868375107688e+00
-2.038619737818224475e+00
-2.154919301827895151e+00
-1.201347097223820271e+00
8.147686497166395370e-02
1.805615838772460346e+00
2.957820362001053027e+00
3.108459818841496691e+00
2.670755015651502084e+00
1.861453856079352986e+00
1.981577333357098070e+00
2.868447427054523047e+00
3.733698861570987848e+00
4.194501382392793687e+00
3.723587883959413869e+00
3.079659534007237465e+00
2.715568320304755812e+00
2.506343534970543185e+00
2.679865126632048788e+00
2.812782050814945922e+00
2.402964000333462469e+00
1.809240016715552901e+00
1.734855024889111030e+00
2.184181539456859333e+00
2.595283648911220986e+00
2.781701752652449677e+00
2.911556115356089602e+00
2.723458177441898886e+00
1.973169784140997640e+00
1.954798671892868045e+00
3.037209201911986511e+00
3.561244763667228419e+00
3.582350645536674261e+00
3.175882110179610862e+00
1.519559236326220475e+00
-6.388164870907671045e-01
-2.467041621368717852e+00
-3.223849804272465480e+00
-3.018904439313144561e+00
-2.611324811916756250e+00
-2.162913235342847518e+00
-2.420384256823542746e+00
-3.101152463038642448e+00
-3.456070151370211896e+00
-3.273025059770928724e+00
-2.674911995309810830e+00
-2.329927918905520201e+00
-1.955865327871516346e+00
-1.854107226298054467e+00
-1.857107153044044612e+00
-1.341973900091484762e+00
-1.189277091948123921e+00
-1.473950484494514157e+00
-2.334697441355686465e+00
-3.109445241721734199e+00
-2.813871430919540728e+00
-2.462255191398977860e+00
-2.267385974950316463e+00
-2.203225787246046341e+00
-2.644926468381051610e+00
-3.199024586213687904e+00
-3.172092031087156538e+00
-2.688025197462919902e+00
-2.313592143704787496e+00
-1.539399675776679466e+00
-1.110457211105140729e+00
-1.683014989831286945e+00
-1.958963402166910228e+00
-1.684281253959634350e+00
-7.842501099704564105e-01
7.858651231902178402e-01
2.097112946185782700e+00
2.889275791055727183e+00
3.077525740532323084e+00
2.437230402243146798e+00
1.946642674365808956e+00
2.289421742206783517e+00
3.063048481617040686e+00
3.989242147528828664e+00
4.029464081768617589e+00
3.181783417807126479e+00
2.615962019990555998e+00
2.346398175596786206e+00
2.691352127034733588e+00
3.181904200849044351e+00
2.776163834028773980e+00
1.844371204809069242e+00
1.375738168198020528e+00
1.891707438009011755e+00
2.633954622517040711e+00
3.509724175177776573e+00
3.825092564205970991e+00
2.724558175541229588e+00
2.171411927454058421e+00
2.193583587360295351e+00
2.028835782324968307e+00
2.844923320275734913e+00
3.804338276156784104e+00
3.526942633095624835e+00
1.953499086276716312e+00
-1.884759787214251858e-02
-1.717127363144875352e+00
-3.326358949679740995e+00
-3.785230063362472919e+00
-3.143497897469595070e+00
-2.760467077761416199e+00
-2.617872166595964778e+00
-3.151420965950128217e+00
-3.863856732746394407e+00
-3.670400160664017086e+00
-3.363698525792365501e+00
-2.814999960977871751e+00
-2.053715989872536340e+00
-1.971692202215151069e+00
-1.928549285379732359e+00
-1.655764009593525987e+00
-1.400339813568559189e+00
-1.335419116474648948e+00
-1.909180480656835543e+00
-2.591325667674420519e+00
-2.727985754755858583e+00
-2.472301406728581341e+00
-2.284839677162097793e+00
-2.286513712815061439e+00
-2.389291185024786213e+00
-2.682124258368917769e+00
-2.802750784011813323e+00
-2.853956932005691893e+00
-2.662656719311017550e+00
-1.572101073325350207e+00
-1.141954652088781330e+00
-1.683714443366624236e+00
-1.659924704236143356e+00
-1.768904552871269020e+00
-1.438012314319975449e+00
1.387078029979360583e-01
1.398285514386180317e+00
2.479043387585796676e+00
3.201836570064939380e+00
2.758566928412650388e+00
2.197356296693674160e+00
2.055819040629877748e+00
2.691581410171896227e+00
3.771069701658976925e+00
4.123923959545415130e+00
3.779445490733384538e+00
3.095428558596526880e+00
2.580986911353541302e+00
2.433250806597749172e+00
2.753604800625789828e+00
3.318595201731781685e+00
2.753495364732293282e+00
1.736686187880226662e+00
1.625089613143706035e+00
1.759875932760872397e+00
2.002918997241507792e+00
2.520811717914887673e+00
2.982324226863202199e+00
3.059739337607942478e+00
2.567664168648393641e+00
2.318999661743888385e+00
2.976394590542686736e+00
3.862717923080278837e+00
4.115173624974453048e+00
3.451982818361611471e+00
1.998473759170860120e+00
-1.683712797938330397e-02
-2.120150536052760604e+00
-3.322630655433293168e+00
-3.392977669409793950e+00
-2.865618447323480922e+00
-2.173168480741518138e+00
-2.401854192711609048e+00
-3.270502453245237362e+00
-3.402870244444138770e+00
-3.224313995712512426e+00
-3.027171407058851127e+00
-2.655390809817376851e+00
-2.222172314368712875e+00
-1.814766392794471273e+00
-1.774619352248589799e+00
-1.489624076949519926e+00
-1.031865222778593383e+00
-1.486841767983062779e+00
-2.562929497643960275e+00
-3.166956704737006412e+00
-2.861809488192698758e+00
-2.262577765531758711e+00
-1.938395861623089633e+00
-2.268162053051718363e+00
-2.853333406209878742e+00
-2.858432733940611037e+00
-2.974783486486513695e+00
-3.006916963618130545e+00
-2.188852181300982913e+00
-1.462820604244490674e+00
-1.271678388410826255e+00
-1.420035555645173364e+00
-1.923595226636256372e+00
-1.999250875559412055e+00
-1.039050200450248207e+00
3.691118155021122504e-01
1.851979419814213212e+00
2.888157609886170984e+00
2.977010759570032139e+00
2.509649955587799131e+00
1.941768442918379245e+00
2.269183325565687692e+00
3.126028664963833137e+00
3.691266449710721709e+00
4.177121526691568221e+00
3.683059980830616809e+00
2.852109589995373451e+00
2.609588569622637078e+00
2.658847200561297530e+00
2.997984092483488183e+00
2.831091118589319500e+00
2.235254537667256791e+00
1.511115683532904930e+00
1.627179023682813641e+00
2.845169699641934447e+00
3.248472895381454784e+00
3.277181881742211811e+00
2.987290437291812761e+00
2.267217654546028971e+00
2.088164467135984026e+00
1.883029546696554757e+00
2.555503738032532279e+00
3.739815732961033756e+00
3.716354870045886383e+00
2.602088289783893504e+00
5.279385347537299822e-01
-1.301847138308354301e+00
-2.650834991289737541e+00
-3.753526638822918038e+00
-3.317076320090009744e+00
-2.550992822791315895e+00
-2.647292548429704073e+00
-2.805889038376701006e+00
-3.342798715054574377e+00
-3.611706027471744740e+00
-3.027845533920335619e+00
-2.786700526881737527e+00
-2.477465155854068790e+00
-2.000280318184634698e+00
-2.075833816133320742e+00
-1.846737166047834222e+00
-1.357128831414232017e+00
-1.174876301191168704e+00
-1.500305768949399710e+00
-2.469620911704548227e+00
-2.987251754492407763e+00
-2.577694403850478988e+00
-2.141017980759902795e+00
-2.310530785782722418e+00
-2.611608671714222840e+00
-2.703921835653889438e+00
-3.098881323115405984e+00
-3.030034289700410000e+00
-2.388654368526862193e+00
-2.099082727143177785e+00
-1.455206521118073137e+00
-1.285481011879614499e+00
-2.081171131015703502e+00
-1.975384621009840247e+00
-1.499703773098987725e+00
-7.489778396613497868e-01
1.002330587717059407e+00
2.266088357465338543e+00
2.909969976637050593e+00
3.008618650794267158e+00
2.329817244807958154e+00
2.057333997028991668e+00
2.485375326842512500e+00
3.262720075742904235e+00
3.772194014627376468e+00
3.781066450207351881e+00
3.587072798558613052e+00
2.878983469509903692e+00
2.363932865106708636e+00
2.766120912078708027e+00
3.178444104448710839e+00
2.775391423457654216e+00
1.991943313756972866e+00
1.544660823629245172e+00
1.626830446707981270e+00
2.351181422713932712e+00
3.175955770275722845e+00
3.380355507416991312e+00
2.970182641971092163e+00
2.523596928878937273e+00
2.368173569456327510e+00
2.477560677321242188e+00
3.468163136570292959e+00
4.167912205954745986e+00
3.366319800970223319e+00
2.227853588698420317e+00
3.889384955511134834e-01
-2.026929648345561219e+00
-3.357867018465736653e+00
-3.612067891769894956e+00
-3.296133620387666774e+00
-2.615436663789666216e+00
-2.433080971089040645e+00
-3.293213515509792355e+00
-3.697439573259305057e+00
-3.364716680135733551e+00
-3.282170530304393985e+00
-2.748808466921931259e+00
-2.209969768824902481e+00
-1.986708776651715302e+00
-1.786923865736899764e+00
-1.823988986704266679e+00
-1.435158530851465830e+00
-1.345148742976139511e+00
-2.038528061287195214e+00
-2.777368934287982150e+00
-2.981194456987817709e+00
-2.282935937823844075e+00
-1.988464133677652290e+00
-2.424691013743840440e+00
-2.806553956772761538e+00
-2.904373780045892861e+00
-2.850515042748206884e+00
-3.223270949047377432e+00
-2.758973107184452989e+00
-1.624408687411481811e+00
-1.483098226015039600e+00
-1.506931437016000519e+00
-1.695719138090376665e+00
-1.828469890158265887e+00
-1.052185809384965420e+00
-4.941966593859947743e-02
1.335510181090562298e+00
2.685679600340434625e+00
3.089242193831686301e+00
2.780531458699902370e+00
2.144416830955128361e+00
2.127140663730166636e+00
2.853301601448486213e+00
3.602160561041069187e+00
4.077575309415342630e+00
3.864829207016082346e+00
3.118206650349865328e+00
2.424681537120312758e+00
2.281033449375450495e+00
2.699341691155118461e+00
2.966241246006477539e+00
2.728526534492598188e+00
2.030060801327348230e+00
1.600831441177316572e+00
2.159145975313666366e+00
2.600035264111042022e+00
2.405374815710393133e+00
2.778894315517641989e+00
3.110901154054708240e+00
2.301819032335142623e+00
1.901118329451709776e+00
2.663053454058852854e+00
3.445344536164745897e+00
3.907947911817231557e+00
3.455748155978298541e+00
1.712475162254067707e+00
-3.715215211410853868e-01
-2.405284419620125291e+00
-3.666824450570887350e+00
-3.346698038288590027e+00
-2.552434863733173298e+00
-2.082787357777840853e+00
-2.262869645885436487e+00
-3.248017398716648074e+00
-3.566150994622407921e+00
-3.207157934122187193e+00
-3.060985747939048984e+00
-2.624932736802447764e+00
-2.186484268010365106e+00
-1.834172370077090441e+00
-1.624076658859468614e+00
-1.787708480187746751e+00
-1.435519517979074511e+00
-1.256653095337872061e+00
-2.166004176309395124e+00
-3.014885030854959957e+00
-2.923051254123605336e+00
-2.257433782881374196e+00
-2.038337539404657672e+00
-2.424618494808921554e+00
-2.748804375572993841e+00
-2.932825459394428957e+00
-3.070672993239386805e+00
-2.997077567381621233e+00
-2.396514788647994720e+00
-1.429083580295258393e+00
-1.252734025340345614e+00
-2.074753349847812345e+00
-2.122102020462947713e+00
-1.214750783556302061e+00
-7.292755881977761589e-01
2.009177939640711674e-01
1.928275343985319745e+00
2.956997332897622233e+00
3.018573930951021111e+00
2.338534434995111155e+00
1.752463215562582999e+00
2.320849843893872055e+00
3.347420246108281816e+00
3.873295021297565199e+00
3.694428465648920579e+00
3.288120551387336832e+00
2.992208891454350983e+00
2.543435269740995874e+00
2.537163040547485870e+00
2.916100710667219875e+00
2.723116991298103251e+00
2.121915520853316028e+00
1.551685844147750126e+00
1.704659794312210375e+00
2.606920831871215150e+00
3.260676031767524741e+00
3.478074594796119356e+00
2.978961973649790540e+00
2.357060870511631823e+00
2.313049500729095875e+00
2.094819133281203172e+00
2.806414015216168067e+00
3.957074296855210171e+00
3.217078618683423930e+00
2.032657846649551292e+00
8.185367748092399198e-01
-1.331968583534538508e+00
-2.951242867000741565e+00
-3.619979305810899994e+00
-3.570857440705585084e+00
-2.789612017828539514e+00
-2.334559634758279767e+00
-2.919368960328340368e+00
-3.545427814762074359e+00
-3.382831950415390310e+00
-3.184911269285428670e+00
-2.854718197147305236e+00
-2.228814568984716082e+00
-1.945349712731301972e+00
-1.879566011339454779e+00
-1.894644456780121056e+00
-1.437083646097113920e+00
-8.459509692388597069e-01
-1.324800498092692624e+00
-2.262751464065029250e+00
-2.821278556213328681e+00
-2.728774696539620237e+00
-2.370286312580767607e+00
-2.390438577497848271e+00
-2.315272240448317920e+00
-2.476333950162787012e+00
-3.061492949710479028e+00
-2.977402743967558330e+00
-2.607516439770196648e+00
-2.203364472950954056e+00
-1.400398221881767213e+00
-1.365135405753885145e+00
-1.816225952150074985e+00
-1.742815698749709874e+00
-1.555508973451259491e+00
-5.501710567281774544e-01
1.089091556274293771e+00
2.311095896175202835e+00
3.281781273293555845e+00
3.178206737988564345e+00
2.340794399223165900e+00
2.151663029370271207e+00
2.484589317088550242e+00
3.420696148143513415e+00
4.031000132484633625e+00
3.689666896507696858e+00
3.396595479512868110e+00
2.716595059281302404e+00
2.163843841807448598e+00
2.864845142981511827e+00
3.352348965992927976e+00
2.819933232195431572e+00
2.022722061048971565e+00
1.540214049236038552e+00
1.623469674707576527e+00
1.934016261423205263e+00
2.523378168380522979e+00
3.312714374333503020e+00
3.276704778124773121e+00
2.563235590037768130e+00
2.365982470898552847e+00
2.745774333485757612e+00
3.358689258255559196e+00
3.937108349609579339e+00
3.546438030371343419e+00
1.948363671324587987e+00
-1.199197876157298559e-01
-2.065462874647448377e+00
-3.247872100593178324e+00
-3.411095794577245766e+00
-2.966937686548988928e+00
-2.390869342425744559e+00
-2.359166929216839126e+00
-3.064518086832416000e+00
-3.534842212997658883e+00
-3.396957331564194771e+00
-3.095269286230688088e+00
-2.658953033423316903e+00
-2.243563228233022233e+00
-1.881924679316510085e+00
-1.670629148102028561e+00
-1.612712833195253159e+00
-1.367443708189702400e+00
-1.551864946323402661e+00
-2.225129389395947399e+00
-2.937346169229180681e+00
-3.337709371016486681e+00
-2.605305813705918183e+00
-1.821549535917860840e+00
-2.149560177516744996e+00
-2.792524211909423570e+00
-3.064785402675516579e+00
-3.104930001363940040e+00
-3.100074710125898303e+00
-2.484807032839782881e+00
-1.716187899814032303e+00
-1.448696249149874049e+00
-1.543014725560991174e+00
-2.164481892388987916e+00
-2.133620332984604850e+00
-1.107131626647354317e+00
1.538589894623494381e-01
1.669325599520063319e+00
2.826582356449007349e+00
3.283174931589116774e+00
2.761134913280266723e+00
1.982829480709298542e+00
2.079683709750468790e+00
2.707349591425725954e+00
3.811826938366141171e+00
4.206981259731215061e+00
3.561437831251290209e+00
3.027534525439638191e+00
2.412541469430436791e+00
2.518283951040663382e+00
3.152436377200603879e+00
3.203574782776112961e+00
2.661557677811063005e+00
1.543549880716643896e+00
1.494867593168599296e+00
2.429284906675213573e+00
2.650281174630058523e+00
2.762828389103519910e+00
2.909817616979924804e+00
2.619897701502811760e+00
2.106607321855038073e+00
1.955698236740421425e+00
2.517124128446521780e+00
3.273852026077806787e+00
3.666024495494217827e+00
2.880354898304004152e+00
9.861975314090782874e-01
-8.594253943244618554e-01
-2.487579236528629334e+00
-3.621868042106389574e+00
-3.347432084124667639e+00
-2.472216294810787307e+00
-2.332091897020992732e+00
-2.538121201685513029e+00
-3.036279166164091325e+00
-3.530374050503356287e+00
-3.124296063088247255e+00
-2.712791160374569799e+00
-2.528702781649275089e+00
-2.077466950892985054e+00
-1.885715415991516153e+00
-1.781675911233153498e+00
-1.432890269571714725e+00
-1.055451044707227837e+00
-1.294083593461808901e+00
-2.478755366654658232e+00
-3.250981522673878743e+00
-2.799325347496057326e+00
-2.323625046656641491e+00
-2.386206183918563983e+00
-2.450777970348193335e+00
-2.576887985402672943e+00
-2.963500584155752460e+00
-3.034843293223756788e+00
-2.574192506420720505e+00
-2.151075209206680938e+00
-1.392690840988273671e+00
-1.005707081213875309e+00
-1.941576995156937491e+00
-2.104016219029666512e+00
-1.549762656487434942e+00
-9.705157765582796969e-01
7.197230692006535424e-01
2.069632811909733583e+00
2.832290605613480672e+00
3.113215650380727784e+00
2.253877631072412679e+00
1.861682513287348462e+00
2.271357038563282860e+00
2.949069556562233352e+00
3.550858003812858321e+00
3.797220122094043582e+00
3.844601865522047746e+00
3.068400593266824572e+00
2.216060390447865736e+00
2.683462204279182028e+00
3.381565450072545165e+00
2.768522896401219402e+00
1.929242296380181187e+00
1.576290314258651293e+00
1.449784749419991581e+00
2.422500298453607037e+00
3.368272964340031095e+00
3.439140553043407600e+00
3.116327168416535009e+00
2.536037602777335032e+00
2.495112334939290744e+00
2.406534615526631171e+00
2.832847812208102223e+00
3.759065176483508797e+00
3.213408026462384992e+00
2.024785765587208353e+00
3.809735945671999247e-01
-1.771722946277177080e+00
-3.158440574833092818e+00
-3.616566198318357017e+00
-3.158304790637477932e+00
-2.484451133715389837e+00
-2.427237612631614194e+00
-3.100758910531850709e+00
-3.693531223265268171e+00
-3.535004950588936712e+00
-3.137451213990469334e+00
-2.579704583903345672e+00
-2.112173727234793130e+00
-1.925608369904837192e+00
-1.925264271364122592e+00
-1.865941239954664210e+00
-1.422898474703574667e+00
-1.286819006628424189e+00
-1.531225591283388310e+00
-2.182311003591536291e+00
-2.824503716731753045e+00
-2.327282292916477591e+00
-2.062095482617808173e+00
-2.679186390932057904e+00
-2.689475171343947313e+00
-2.544333956590412615e+00
-3.004030958920942851e+00
-3.006829862145194543e+00
-2.363350267595547560e+00
-1.795195902556561363e+00
-1.392120920868412881e+00
-1.458698985804978143e+00
-1.718959181710941309e+00
-1.693037908484815057e+00
-1.310918006738654773e+00
-2.926597999651292525e-01
1.086253362422938906e+00
2.511605527055120746e+00
3.177300864327885055e+00
2.792135805502630408e+00
2.279069542135294224e+00
2.018503393151544589e+00
2.635793306029287297e+00
3.670533858167945418e+00
4.033350164884129896e+00
3.814888008666596164e+00
3.039706950625284509e+00
2.426392586155583064e+00
2.479927686769912487e+00
2.809367321549927965e+00
3.030697288565343150e+00
2.674954190812719013e+00
1.983366505441291006e+00
1.580215337748541948e+00
1.692809005562281754e+00
2.060297090452110957e+00
2.565322764947787881e+00
2.977183117566191140e+00
2.837112090575780066e+00
2.352551492969433777e+00
2.081587337796554582e+00
2.821505123314114627e+00
3.799669863885178689e+00
3.867932519506209754e+00
3.335086524615310299e+00
1.822605075211573666e+00
-1.584579227857751960e-01
-2.034906157333263188e+00
-3.422590201594867931e+00
-3.145254320596262865e+00
-2.482316925318948098e+00
-2.247436276526492360e+00
-2.323161207631848413e+00
-3.131216816091973332e+00
-3.418387809493578899e+00
-3.173451691495648319e+00
-2.940135186091807906e+00
-2.356369412025382637e+00
-2.087998121625971759e+00
-2.137588147200626842e+00
-1.935921325910862745e+00
-1.597811378889801626e+00
-1.341428350177822582e+00
-1.315798694866066487e+00
-1.847470917900332132e+00
-2.871295350797386625e+00
-3.239855337140451930e+00
-2.456548042600845694e+00
-1.792107280122525070e+00
-2.112235867866260275e+00
-2.597443525523555063e+00
-2.769512233324169070e+00
-2.972689506597759657e+00
-2.829513275817657991e+00
-2.124736343874984001e+00
-1.562001403244892117e+00
-1.469808059359600350e+00
-1.548969741481619478e+00
-1.798381525741858056e+00
-1.826455275172426562e+00
-1.067350543862192858e+00
1.967559607438280622e-01
1.827130567772447645e+00
3.017262715045478938e+00
3.065963306999678117e+00
2.612314086684262904e+00
2.028663553229824945e+00
2.100424267225495356e+00
2.862538423667230880e+00
3.478784109758048082e+00
3.956447363785088989e+00
3.686238485595517478e+00
2.819572153167079875e+00
2.414251561501103094e+00
2.643415315292868772e+00
3.259646247896518911e+00
3.321758558124031424e+00
2.410923241767323422e+00
1.552003503677413798e+00
1.706619741001476953e+00
2.479301049912086441e+00
2.947219954100121164e+00
3.118948691549081165e+00
3.087379714076698534e+00
2.606599884988658467e+00
1.803413884065705908e+00
1.607133620465333479e+00
2.596552487534829368e+00
3.615986681322961083e+00
3.601093147626063029e+00
2.614401768454173158e+00
8.528650575210834361e-01
-1.334735623523389147e+00
-2.965254346614996095e+00
-3.366953572485469337e+00
-3.109865119485774265e+00
-2.555679343150379257e+00
-2.159246590099242802e+00
-2.710948766340714133e+00
-3.361805699027358596e+00
-3.407463850110417969e+00
-3.263288023457037390e+00
-2.787880924121722170e+00
-2.248017238737965329e+00
-1.990421333509845070e+00
-1.980276704517150765e+00
-2.102125171766581868e+00
-1.494801140795371186e+00
-8.677067684133652481e-01
-1.393277464317199232e+00
-2.206503014786559635e+00
-2.656961599895461212e+00
-2.614640249601262401e+00
-2.648729386441995182e+00
-2.758975150382569019e+00
-2.372659853989556922e+00
-2.652901752642670363e+00
-3.207178260729252273e+00
-3.042570692134765054e+00
-2.797361784320501865e+00
-2.273982368270657251e+00
-1.499124465733613576e+00
-1.403031384499305645e+00
-1.817694571811274029e+00
-1.629901573845630613e+00
-1.329053219527963847e+00
-8.314769042558610712e-01
8.286843671880577133e-01
2.307435135919671421e+00
3.146697612930892340e+00
3.185625086861815891e+00
2.485136582159308105e+00
2.439078301808385252e+00
2.621319697314792752e+00
3.093286379626416505e+00
3.788504100555694087e+00
3.810867894363838104e+00
3.378998831884911791e+00
2.748685632110746013e+00
2.567072202577519224e+00
2.733638608673510273e+00
3.103687764896887025e+00
3.058007480390941168e+00
1.828242012342315093e+00
1.217086401345959246e+00
1.505272717221827428e+00
2.029204096827696091e+00
3.039942942670386561e+00
3.471771855601950119e+00
3.135529659677947389e+00
2.619791147076951265e+00
2.206451572134505490e+00
2.403328941860372048e+00
3.300677209986900618e+00
4.022008246938526099e+00
3.466104888835597198e+00
2.128051980307642310e+00
3.639270721528786723e-01
-1.991849299825777964e+00
-3.444080027757184581e+00
-3.617312897821989726e+00
-3.391952527012013885e+00
-2.602104376876006153e+00
-2.458071768404034518e+00
-3.464135620936240834e+00
-3.677862411121907815e+00
-3.457766272888417092e+00
-3.445270494395396899e+00
-2.696443894614379833e+00
-2.053672375449224319e+00
-2.001253801545295197e+00
-2.020839333152181005e+00
-1.915449684258272889e+00
-1.282889335914135565e+00
-1.063311605530726123e+00
-1.904545625128723385e+00
-2.888516165221278520e+00
-3.072263107879322774e+00
-2.303706579866803494e+00
-2.151797193547499987e+00
-2.603208055126080112e+00
-2.574155232826968565e+00
-2.873307622391297667e+00
-3.088192915215839829e+00
-2.954264470515269192e+00
-2.562116139519449387e+00
-1.549594666956867872e+00
-1.350956779162487909e+00
-1.785254916031433492e+00
-1.883813887666562881e+00
-1.846012585769517100e+00
-1.118323543495288064e+00
8.048544725384521037e-02
1.352898815799209231e+00
2.655436922294907909e+00
3.185504600699642808e+00
2.688901345050262126e+00
2.147850148959872474e+00
2.155075502340320970e+00
2.691173568236671088e+00
3.679112599000175177e+00
4.122814338325630601e+00
3.897243982978750410e+00
3.456158682348879463e+00
2.666148539255033700e+00
2.400175616518536170e+00
2.920112034070237339e+00
3.122301928528613324e+00
2.422527278463240119e+00
1.815123035760808134e+00
1.737989072781694011e+00
1.824365316087383615e+00
2.415904885358918897e+00
2.541220046441377001e+00
2.671885906069380479e+00
3.243707967123342417e+00
2.463009387823537288e+00
2.039355328132573142e+00
2.847273916615962186e+00
3.364576972085377093e+00
3.930331269321703402e+00
3.479003411048038785e+00
1.461530862148597620e+00
-6.560219918282133023e-01
-2.409454231334592578e+00
-3.327052166863551985e+00
-3.272598308581698312e+00
-2.710005931906821264e+00
-2.058150182891572921e+00
-2.357449468632924372e+00
-3.082059750440693247e+00
-3.253123933595759354e+00
-3.279392101477268007e+00
-2.824976239513009801e+00
-2.356025187577914792e+00
-2.180967292258427559e+00
-1.901667956111642521e+00
-1.856406329978747216e+00
-1.356596539140680679e+00
-9.836732889294950155e-01
-1.427853733068674469e+00
-2.232137706284282874e+00
-3.237099362039209005e+00
-3.158348161187111813e+00
-2.326878007806335358e+00
-1.931322980519510457e+00
-2.118090415532702053e+00
-2.509621922045026210e+00
-2.587543358283521222e+00
-3.065772956279736228e+00
-3.033636364767037907e+00
-2.121456890125756445e+00
-1.707121098175058860e+00
-1.505244186601290224e+00
-1.715602021127026866e+00
-2.071654448862889630e+00
-1.585252636797823467e+00
-8.096471084878102964e-01
2.452291277079461373e-01
2.022964996435271612e+00
3.103995707680931915e+00
2.897581401470757712e+00
2.536476299410653557e+00
2.035831776622543110e+00
2.286910251484770562e+00
3.125625022209704618e+00
3.286506423981518932e+00
3.712012896989324240e+00
3.640673371410526382e+00
2.846815041508301558e+00
2.531394825927844483e+00
2.703813514914265248e+00
3.281071808809905566e+00
2.837279392487921381e+00
1.789320737551936213e+00
1.611342214052995603e+00
1.901965618859153384e+00
2.643434111265413833e+00
3.326277745792835194e+00
3.498730125644156974e+00
3.019726958318778465e+00
2.250684185170633178e+00
1.976793998935212571e+00
1.997908390092684838e+00
2.779825924935297010e+00
3.710818122844516065e+00
3.366597378779718319e+00
2.176363036231893311e+00
3.871833057750166951e-01
-1.673083477644204065e+00
-3.083769101866929763e+00
-3.624821954000557955e+00
-3.434740046767752020e+00
-2.899175209813206422e+00
-2.614148640468456630e+00
-3.005509457225700842e+00
-3.628638533711901815e+00
-3.613246655168790067e+00
-3.270873699839456084e+00
-2.809787698962831648e+00
-2.146033858127571303e+00
-2.015408390960669482e+00
-2.040940931222777976e+00
-1.727888113702582773e+00
-1.177525911226360966e+00
-7.160424184169259521e-01
-1.422654086124347073e+00
-2.345369730815767717e+00
-2.711206397001798329e+00
-3.129429748079168405e+00
-3.017786688275889251e+00
-2.541622338446039908e+00
-2.328111484373263984e+00
-2.827001213368737886e+00
-3.149519168608982955e+00
-2.697920423010780500e+00
-2.699625774695785019e+00
-1.967984031255147981e+00
-1.092989292001498303e+00
-1.611015545909037172e+00
-1.682264615511910311e+00
-1.689708310310182204e+00
-1.737888624584954522e+00
-5.092965059972389685e-01
1.041230141651179331e+00
2.307910610364109161e+00
3.110570468351025575e+00
3.018370168251473196e+00
2.442618518693350005e+00
2.103811274662426456e+00
2.435913881122077296e+00
3.434288224925365896e+00
4.233489116271551111e+00
4.041309488374242420e+00
3.228633954733907352e+00
2.497954013256483474e+00
2.441154901194124260e+00
2.803454929378039751e+00
3.096173059240910241e+00
3.067728476863560871e+00
2.134956954481470159e+00
1.229021438652934561e+00
1.288978491432017037e+00
1.794939973698194802e+00
2.699008635899061481e+00
3.383140799118821374e+00
3.198507024275593746e+00
2.874586322482057366e+00
2.620589856366511317e+00
2.789482900524070885e+00
3.634445150781891343e+00
3.785380507827380558e+00
3.247519995727744302e+00
2.218971833400866345e+00
9.128841251337505014e-03
-2.057539938827252612e+00
-3.271574572685857607e+00
-3.682365169756236067e+00
-3.059945626747792247e+00
-2.369304795228301508e+00
-2.341767441169210873e+00
-2.990205110992312232e+00
-3.441166043550313081e+00
-3.512087604097793747e+00
-3.535240228345920332e+00
-2.874979462215136561e+00
-2.230324279022513512e+00
-2.016934916812981538e+00
-1.859468324347605561e+00
-1.698475642188846724e+00
-1.160176931347701723e+00
-1.189281515019962043e+00
-2.047559502908843587e+00
-2.618373375108664636e+00
-2.730727208532119921e+00
-2.420239694989893220e+00
-2.085890999133911627e+00
-2.350284252072919688e+00
-2.812493525204551315e+00
-2.928933531402545754e+00
-3.160537277967581549e+00
-3.267175454944685864e+00
-2.366422235943368868e+00
-1.497626671918312447e+00
-1.327787232293229369e+00
-1.428432402015122449e+00
-1.967797040405480979e+00
-1.879708591302241549e+00
-8.820294247454497638e-01
1.102589873979780283e-01
1.571189169693962162e+00
2.879351351056876673e+00
3.223546947283109532e+00
2.961885545471309999e+00
2.318091350902804937e+00
2.206517070235324951e+00
2.781290602895242881e+00
3.638410675590079801e+00
4.207426016930591928e+00
3.787114491156921670e+00
3.105293686453575397e+00
2.409107204058358320e+00
2.304346850100108313e+00
3.028113528462221371e+00
3.131783328279591938e+00
2.657441432749343857e+00
1.835877828054732541e+00
1.422576076949388257e+00
2.165278609519133646e+00
2.690251957067499422e+00
2.679588368161861300e+00
2.770166625816865569e+00
2.800519037076589779e+00
2.138002206283202700e+00
1.797769132399968495e+00
2.658276051698798437e+00
3.107173287481086010e+00
3.420786541545058679e+00
3.137096993654350463e+00
1.055161120355417204e+00
-8.664601573526318212e-01
-2.431446079440087171e+00
-3.588494483082004916e+00
-3.361631997597950949e+00
-2.672180296615225270e+00
-2.112360441906256714e+00
-2.398558403056854527e+00
-3.256334029537859998e+00
-3.491061326387772557e+00
-3.309927233394222679e+00
-2.918507766473732445e+00
-2.509712998869733092e+00
-2.117997757582816387e+00
-1.930890029198086610e+00
-2.061940190218932045e+00
-1.532486147255705200e+00
-8.397121058623966405e-01
-1.235213469777489026e+00
-2.227106130126877304e+00
-2.827635927253961512e+00
-2.941036687580453446e+00
-2.694795558396307467e+00
-2.124504062624950507e+00
-2.290458786538053015e+00
-2.857205238462891206e+00
-2.728916482102680341e+00
-2.893123377449009936e+00
-2.940348264692471236e+00
-2.194335980818096221e+00
-1.468822763176082180e+00
-1.190992625087238910e+00
-1.766986686382122640e+00
-1.973139260901127123e+00
-1.433990447759098119e+00
-1.005865468399330442e+00
3.958662878114207473e-01
2.098627902907180598e+00
3.002277684224822440e+00
3.299031476063080781e+00
2.583986225396935676e+00
2.103270051912436323e+00
2.570661753659718940e+00
3.170055066577774916e+00
3.770032300841139605e+00
3.901962879260901573e+00
3.477192848487627330e+00
2.875609306326623038e+00
2.445057753321335792e+00
2.643193397961018931e+00
3.000129470610367832e+00
2.713021244770117857e+00
1.908779525819480849e+00
1.526418562462798612e+00
1.762630992685688014e+00
2.214186534183114397e+00
3.033496389917543112e+00
3.626112701926520465e+00
3.331614442549719168e+00
2.727185089691205988e+00
2.225902175685302797e+00
2.180070339354042819e+00
3.002597240825766622e+00
3.708127348136057932e+00
3.229111199229452556e+00
2.087015788137756900e+00
4.791665187767932821e-01
-1.737299677111716623e+00
-3.330775507724691664e+00
-3.668287314320920700e+00
-3.369763394063466144e+00
-2.753352439963796083e+00
-2.502292640538147150e+00
-3.075927399067321488e+00
-3.660740630187699018e+00
-3.643773603349396151e+00
-3.277961700294881542e+00
-2.800991034940881974e+00
-2.228058135121363303e+00
-1.842137103574025936e+00
-1.755498140656239325e+00
-1.662262597037281076e+00
-1.363457575784533971e+00
-1.145409260544535401e+00
-1.737187348691532573e+00
-2.736116802300387896e+00
-2.988826503208684926e+00
-2.540141571188179181e+00
-2.300032458866978935e+00
-2.497313722122961543e+00
-2.496077252792501699e+00
-2.828565154562835193e+00
-3.413779256685267605e+00
-3.185607177522251199e+00
-2.730552282776304907e+00
-1.915301676688530685e+00
-1.261080333331525694e+00
-1.697910452993036001e+00
-1.950220038128533950e+00
-1.917482133719411896e+00
-1.392838772841621608e+00
1.041334966742790691e-02
1.432089881229759332e+00
2.798440307908975466e+00
3.457325284490421424e+00
3.079701517277428913e+00
2.430500953959619181e+00
2.213622753547716648e+00
2.939570150791318337e+00
3.889548145812276481e+00
4.230678555789458173e+00
3.856486333112046250e+00
3.106792285082883076e+00
2.400165725389118876e+00
2.056534806234858515e+00
2.630560345686037138e+00
3.340687092717748552e+00
2.813661983531541733e+00
1.761072753751485864e+00
1.612188496427533924e+00
1.877892709744626965e+00
1.951074047400219058e+00
2.473076551740970075e+00
3.054291784513404551e+00
3.107678278361667878e+00
2.592627631818273493e+00
2.075586118162132898e+00
2.734724098681998061e+00
3.624461655336654875e+00
3.841863247629036859e+00
3.422645190963261363e+00
1.816727386659706234e+00
-2.441094454616909992e-01
-2.370874285389720004e+00
-3.698564560213900787e+00
-3.288192088626299192e+00
-2.693369463231395144e+00
-2.282289422919965283e+00
-2.294564566853672716e+00
-3.098012512054193479e+00
-3.421153462575037718e+00
-3.368370901543773499e+00
-3.065360975707018820e+00
-2.491323369093385587e+00
-2.172626657891621793e+00
-1.947072868118913114e+00
-1.779265926010949128e+00
-1.455105285024312467e+00
-1.374486647823527585e+00
-1.568343771160041866e+00
-1.739567468890017565e+00
-2.679221161093214842e+00
-3.353882746906064138e+00
-2.599370609189436188e+00
-1.815938209838650952e+00
-2.156678409028608190e+00
-2.642121843241292733e+00
-2.578418144605332696e+00
-2.916923925293226194e+00
-3.137725485279079241e+00
-2.354635407460939245e+00
-1.479895491935804941e+00
-1.250817292939202297e+00
-1.591774877890610451e+00
-1.903522743582610532e+00
-1.702709244453684878e+00
-1.010215473788423024e+00
2.182085329655134576e-01
2.032310304352773489e+00
3.235295379542864502e+00
3.101280942833703591e+00
2.606670918130991943e+00
1.976247796353031161e+00
2.116079415357908999e+00
3.182897948950450306e+00
3.744641246406446022e+00
3.996405874116153001e+00
3.671008309356082133e+00
2.929006280810424023e+00
2.500461159389281374e+00
2.562441704928481112e+00
3.234775443486235691e+00
3.094478310748938199e+00
2.253116750584050365e+00
1.620593210067486023e+00
1.594108313375923514e+00
2.416672103594739163e+00
2.874231055549067548e+00
3.197096182501920847e+00
3.158155284621205539e+00
2.531866167523911582e+00
2.025234213966495389e+00
1.662845539601348399e+00
2.609639337163209838e+00
3.371532178082805586e+00
3.065353003295601120e+00
2.557350036112250535e+00
6.602142060150875125e-01
-1.212163413697168401e+00
-2.682301579042349893e+00
-3.872398210165421517e+00
-3.224805575742125008e+00
-2.476446083897187567e+00
-2.534104588978113970e+00
-2.799968333400426168e+00
-3.328114882547645870e+00
-3.534323703010278983e+00
-3.216159016553438388e+00
-2.798482529593262491e+00
-2.365297389792187843e+00
-1.789690835981543104e+00
-1.828652590333355032e+00
-1.933538536162955346e+00
-1.364911389636640493e+00
-9.323288065378106948e-01
-1.259002242281554995e+00
-2.501920851606326046e+00
-2.877265358379380800e+00
-2.573264590709900546e+00
-2.821565876538647544e+00
-2.534010097279863150e+00
-2.470000015269964599e+00
-2.673905909855289309e+00
-2.860426228875256882e+00
-3.079388465841687683e+00
-2.583505928735374546e+00
-2.074302510445122039e+00
-1.396345434607755287e+00
-1.335509931125894223e+00
-1.807893638021903726e+00
-1.590971495574688310e+00
-1.484797474871277778e+00
-6.360156185516887550e-01
7.565296235655758483e-01
2.216084051625323958e+00
3.476978128882382446e+00
3.100615131859396634e+00
2.446943972272601187e+00
2.160078402909113127e+00
2.480186058124032922e+00
3.482843009118788302e+00
3.867213780599673356e+00
3.965691461041985555e+00
3.423800062625140139e+00
2.501239596161984213e+00
2.155001538100967728e+00
2.429015098703906528e+00
3.215371182380057924e+00
3.169061821561696579e+00
2.135914844755449238e+00
1.307511736900023980e+00
1.463984998110678726e+00
2.015046955962415343e+00
2.541010877072981344e+00
3.510885502709911066e+00
3.438605175371549638e+00
2.708764468329642572e+00
2.429099912005701523e+00
2.321179758326918474e+00
3.404399988505405705e+00
4.047364807567356948e+00
3.247404780814875824e+00
2.272323285354910460e+00
2.405978436290734102e-01
-2.119927331638537638e+00
-3.427783552604038331e+00
-3.908724622290212114e+00
-3.262428787940198749e+00
-2.257329344353422140e+00
-2.272611251065182802e+00
-3.096251063975657747e+00
-3.741778938843414615e+00
-3.672927033913601313e+00
-3.281105924398395324e+00
-2.893866978907498222e+00
-2.283925328066152449e+00
-1.911850170316656605e+00
-2.012300276458855119e+00
-2.066477535706545243e+00
-1.673970826291683478e+00
-9.664151488836932868e-01
-1.378128512782789805e+00
-2.822342784941885618e+00
-3.257293661983824862e+00
-2.757899710886066114e+00
-2.431948868942936492e+00
-2.337664005955470525e+00
-2.407675360230743689e+00
-2.593918202541582563e+00
-2.719902745095990504e+00
-2.903813222507687808e+00
-2.645473210374802431e+00
-1.638309732535131680e+00
-1.281600665326131150e+00
-1.606040535281089143e+00
-1.728791444714586678e+00
-1.591213377170377585e+00
-8.827013319061449703e-01
-1.875512781511634586e-02
1.314476816370927503e+00
2.885094192031471216e+00
3.143406826496308426e+00
2.607702436941744750e+00
2.096920135694118947e+00
2.118355473898687169e+00
2.860756240047423571e+00
3.581041810491230493e+00
4.023800183478124737e+00
3.902327675177103661e+00
3.267822784025674832e+00
2.494705631420227832e+00
2.437390883694390276e+00
3.209982554687178524e+00
3.237083500221901389e+00
2.677417574024349989e+00
2.012101184508201079e+00
1.534993001318827543e+00
2.211057606005264020e+00
2.706382995654992296e+00
2.514145019569404838e+00
2.831449834251868136e+00
2.973002790157898367e+00
2.277084571851145434e+00
1.787882008179688453e+00
2.371353839331572289e+00
3.261233126793143811e+00
3.664347474095885460e+00
3.183886142954591048e+00
1.434037499306122232e+00
-5.971640312422605845e-01
-2.286875793218927200e+00
-3.312279510416770822e+00
-3.113300098966486740e+00
-2.583005502191551006e+00
-2.132226554305621136e+00
-2.306884260610358783e+00
-3.242063678500844315e+00
-3.371667581672271208e+00
-3.126403172199894165e+00
-2.897675735041274514e+00
-2.360197421626633041e+00
-2.107365405275325454e+00
-1.893504693818023998e+00
-1.941120309260232268e+00
-1.650461874779314497e+00
-9.653002592443715724e-01
-1.372122823770326239e+00
-2.147490886613523386e+00
-2.868662826621020123e+00
-3.088153995837987331e+00
-2.383245805099600823e+00
-2.098924081435307176e+00
-2.235830042622612090e+00
-2.553702296781318992e+00
-2.790799039892827071e+00
-2.786108313474385589e+00
-2.749739629957983489e+00
-2.043336655081105846e+00
-1.510181510745829847e+00
-1.582062545637750617e+00
-1.808923139616340769e+00
-2.165853226757289640e+00
-1.750280631102198337e+00
-8.150918505112323409e-01
4.166251061506187625e-01
2.135400024160656773e+00
3.136316122350591762e+00
3.161977894427295599e+00
2.682873333609419930e+00
2.108988212245196614e+00
2.317905340917525869e+00
3.147489799059639548e+00
3.880012417252369783e+00
4.137665375645582344e+00
3.427081822544982170e+00
2.551712117473480923e+00
2.465142890348928084e+00
2.629678578275731482e+00
2.840664304884330971e+00
2.640213864053732706e+00
1.787204467071643599e+00
1.369435602009077213e+00
1.668849288338448478e+00
2.409745715128091881e+00
3.440218128168954781e+00
3.848970276172538618e+00
3.136573932611657511e+00
2.296565031483182917e+00
1.928533132950543072e+00
2.038989173543303668e+00
2.798216226615490410e+00
3.386652466505549075e+00
3.205182197726321736e+00
2.156674838450959530e+00
3.309895349543525711e-01
-1.695969488332088160e+00
-3.315046981793707825e+00
-3.657660471868575680e+00
-3.455426302575232977e+00
-3.105427353962807224e+00
-2.423791629044174556e+00
-2.930550367005093637e+00
-3.617393028400050614e+00
-3.480740240708773747e+00
-3.357178825262728150e+00
-2.690122681155896256e+00
-2.101248933027525911e+00
-1.948983704065805567e+00
-1.834395015781196792e+00
-1.979870780882044601e+00
-1.516036486696786367e+00
-9.013122084955110802e-01
-1.477849779903541494e+00
-2.610953085401730878e+00
-2.872938857905364074e+00
-2.244330589617572702e+00
-2.316490311254566503e+00
-2.722790807622583298e+00
-2.371026104358421982e+00
-2.631178736442159938e+00
-3.176530560184420260e+00
-2.860019842449862182e+00
-2.511534575363696398e+00
-1.915162385877603901e+00
-1.356181035919510780e+00
-1.548454635800125878e+00
-1.729705666354287352e+00
-1.866117745286101082e+00
-1.549400747251098664e+00
-2.738931479883202069e-01
1.208105592427460850e+00
2.527823193621673514e+00
3.200893340583935487e+00
2.943865392418735905e+00
2.421519014145624205e+00
2.158179739888795190e+00
2.546771645895628655e+00
3.455507478655149622e+00
4.029728124275303358e+00
3.888082751145780058e+00
3.083033483883835579e+00
2.303186869957399630e+00
2.431910321965647714e+00
2.869796602194527146e+00
3.098686949720820039e+00
3.003439324542859890e+00
2.126788187821760712e+00
1.398822892702219711e+00
1.477276474777010185e+00
1.873648683885093424e+00
2.663994165750939835e+00
3.385759866175160671e+00
3.323873046190081393e+00
2.754070669653432724e+00
2.369549970298803654e+00
2.908983783516509103e+00
3.851777651422334969e+00
4.006286263594320829e+00
3.461627657967136340e+00
2.088081899790917628e+00
-7.931037346330782611e-02
-2.047287830225851923e+00
-3.357205758099239823e+00
-3.611808143220491374e+00
-3.007971146539700324e+00
-2.353657832456757859e+00
-2.389696112267581274e+00
-3.115267118048222095e+00
-3.426802737429073709e+00
-3.459895999546797718e+00
-3.289753394189255165e+00
-2.689858867543136078e+00
-2.318135815289453561e+00
-2.054521229115219505e+00
-2.050744878416991490e+00
-1.917915418877644829e+00
-1.267108611578885213e+00
-1.062337456544372394e+00
-1.600186769371145346e+00
-2.644591746143131417e+00
-3.110851673956069874e+00
-2.682741834093412603e+00
-2.408767779949283039e+00
-2.463820530575785650e+00
-2.672788277843642479e+00
-2.705872639688310599e+00
-2.907200193836238622e+00
-3.155666486106946778e+00
-2.472107407261274759e+00
-1.705334089697574163e+00
-1.458658923952557807e+00
-1.496802483020216901e+00
-2.042141417264241365e+00
-2.015901976202933987e+00
-8.489002218754926332e-01
3.171556500869787687e-01
1.688438924945321773e+00
3.092972712887622766e+00
3.214643158207314499e+00
2.683498453054029120e+00
2.104809818051367909e+00
1.990410012748195845e+00
2.911188533339268414e+00
3.760443395954345291e+00
4.069495137739868262e+00
3.755673153023615374e+00
3.048875229840149359e+00
2.616003440560030313e+00
2.562704474130928389e+00
3.014885027092068626e+00
3.003113311906297156e+00
2.158615488568844665e+00
1.472760124504991719e+00
1.598370223790767097e+00
2.379203746487631665e+00
2.955227324311002768e+00
3.260348339344822044e+00
3.012199056459032853e+00
2.475324319599701450e+00
2.172413044816786876e+00
1.745073109337728745e+00
2.253166549208088121e+00
3.188149156041345744e+00
3.329571128165956573e+00
2.871937082264091945e+00
1.091058789960893449e+00
-1.087194225420589522e+00
-2.589207443152202082e+00
-3.635617962573108208e+00
-3.449214259128076776e+00
-2.752217289977872294e+00
-2.558582249372336914e+00
-2.538262696229701909e+00
-3.242588982886726257e+00
-3.690996975466819041e+00
-3.003617955548764318e+00
-2.755246951854068982e+00
-2.325666658321433822e+00
-1.724309948102620504e+00
-1.965576876622046276e+00
-1.800110205820635079e+00
-1.542926873651445208e+00
-1.301810674794052991e+00
-1.388201981234679971e+00
-2.392551968243423310e+00
-2.812163956200359305e+00
-2.971954803248129551e+00
-2.711737555292482504e+00
-2.074752052139482217e+00
-2.305411638989515399e+00
-2.630626642056180575e+00
-2.961984891186103752e+00
-2.870728298313719673e+00
-2.572200158783520596e+00
-2.413733105377538823e+00
-1.494698124595132072e+00
-1.468238405622897425e+00
-2.116689465356894395e+00
-1.869322549293806812e+00
-1.380373252632430159e+00
-5.433163727890670813e-01
6.727208802235176144e-01
2.158248057017272625e+00
3.309380613396356807e+00
3.262843462071974621e+00
2.676470127475640393e+00
2.231659200994983827e+00
2.441398409715285212e+00
3.220550222137258611e+00
3.836180024775065256e+00
3.970455230742521380e+00
3.340973916818309686e+00
2.488657864622108473e+00
2.186006177603763589e+00
2.378926022491704373e+00
3.028803508142706047e+00
3.149973234993630467e+00
2.029665357611567522e+00
1.392744744461332118e+00
1.718594258740627989e+00
1.996916251881275306e+00
2.707158398694601509e+00
3.331845409660557866e+00
3.116032378120759727e+00
2.859320210894441328e+00
2.498489370952726052e+00
2.431998542789759910e+00
3.238745255817537583e+00
3.649329505553080555e+00
3.154181269452796421e+00
2.047023501979011062e+00
3.896060771136919954e-01
-1.492612566533317420e+00
-3.270242301468706092e+00
-3.975214629678887501e+00
-3.435271638195986466e+00
-2.675642311586896582e+00
-2.450083927547021201e+00
-3.049494106245507652e+00
-3.574952716111306383e+00
-3.511084906402355266e+00
-3.321389284045161538e+00
-2.913973247886176843e+00
-2.273217737984977393e+00
-1.868642780767356237e+00
-1.928401985477742553e+00
-1.864935894162965457e+00
-1.473490329231104123e+00
-1.239761865510599526e+00
-1.572292927176510258e+00
-2.437769540715469141e+00
-2.633997049060369910e+00
-2.195289924697734651e+00
-2.393414828005985484e+00
-2.780246170056662525e+00
-2.652811482127920950e+00
-2.554317476763368067e+00
-2.928548603439121933e+00
-3.122856978356838287e+00
-2.667525824871512352e+00
-1.978973108020814831e+00
-1.530483561853641206e+00
-1.654148838724179837e+00
-1.969633469497691136e+00
-1.868594636549691046e+00
-1.193060333487020452e+00
6.494435170729850881e-02
1.405439371812567950e+00
2.586254936890980183e+00
3.382309837106338257e+00
2.862110180584401142e+00
2.123669731311601083e+00
2.405423671398088548e+00
2.750475037345093909e+00
3.496451730171251882e+00
4.095081765759237769e+00
3.676617290729319976e+00
3.255033181516099994e+00
2.569311084622496466e+00
2.288209299675162178e+00
2.664083094227223558e+00
2.980160472028092311e+00
2.979920578346600735e+00
1.876108517671554177e+00
1.644254992231503731e+00
2.341569653287116637e+00
2.511714781455413714e+00
2.807656991864202922e+00
2.770007364295906882e+00
3.051064648730287931e+00
2.505578435425380945e+00
1.680964660514209674e+00
2.911542308251339861e+00
3.398989763948102372e+00
3.596430456593534775e+00
3.553025306899345814e+00
1.419864309855375151e+00
-3.547191428725362528e-01
-2.298386463958995929e+00
-3.951324027074601286e+00
-3.422452803654975284e+00
-2.837694158910183173e+00
-2.467327592835082850e+00
-2.267293113937074445e+00
-2.974810352253325352e+00
-3.328999254423751442e+00
-3.191898451069315801e+00
-2.985625627128909887e+00
-2.420876978002646229e+00
-1.989379513486853490e+00
-1.833258486772265439e+00
-1.679964681323450559e+00
-1.507393445156610445e+00
-1.190195141873378271e+00
-1.078495075336467268e+00
-1.835806960499275053e+00
-3.124416301905933224e+00
-3.322808369858878397e+00
-2.407633801216744640e+00
-1.791662641370101783e+00
-1.927199525709251127e+00
-2.568228338190309046e+00
-2.669694442042684912e+00
-2.889192600160776614e+00
-3.159761222858523233e+00
-2.058038901036089996e+00
-1.606089890141707333e+00
-1.584272595064428302e+00
-1.345118012843708133e+00
-2.145626037585256718e+00
-1.841813508093190110e+00
-7.573616973040535605e-01
3.079512460969022758e-01
2.232983452843917860e+00
3.192503426040453007e+00
3.342649248110123761e+00
2.888270602614180671e+00
1.904447809087334686e+00
2.224113090230066092e+00
2.788347251641725144e+00
3.446748529883947754e+00
4.287260184263599783e+00
3.726782459678691151e+00
2.997095162507061872e+00
2.517532003225185999e+00
2.347853505443267874e+00
3.177206913439347247e+00
3.159461628622218576e+00
2.031825977805983285e+00
1.215178900066509415e+00
1.496589190258662549e+00
2.483143584499055923e+00
2.980470295824604321e+00
3.326376885845171660e+00
3.200514256882431852e+00
2.599720909143927727e+00
2.201785095468541176e+00
1.864774070201873135e+00
2.642103276115084221e+00
3.689546756269052707e+00
3.434238763504170233e+00
2.361680929177714994e+00
6.050093194463208590e-01
-1.391084559925340303e+00
-3.125541408851147729e+00
-3.924058154097681772e+00
-3.429344061827447998e+00
-2.754123548459922244e+00
-2.482203931221517834e+00
-2.791247833692343860e+00
-3.413020054739481779e+00
-3.500252159073267144e+00
-3.204548877672239726e+00
-2.802946926649528159e+00
-2.115570192404285343e+00
-1.751999935179817225e+00
-1.824920863633305190e+00
-1.567052848116308406e+00
-1.180885134973274297e+00
-9.454785601631140457e-01
-1.288866418903186428e+00
-2.328529478942418685e+00
-2.932620837672041958e+00
-2.882261098005772126e+00
-2.747176857200244182e+00
-2.722009433582562643e+00
-2.397191003303345003e+00
-2.397965797897590345e+00
-3.130055299431040439e+00
-3.014365076377574226e+00
-2.745443024203927607e+00
-2.257599011645769149e+00
-9.669296073730596630e-01
-1.310720969253711399e+00
-2.017501277737325349e+00
-1.647371143241104452e+00
-1.381680957902248874e+00
-3.662705963005730148e-01
1.116790947135363421e+00
2.499280160736993661e+00
3.445966041412074965e+00
3.007570283079013418e+00
2.298967630675737173e+00
2.156123459928815045e+00
2.481111401740306199e+00
3.268027667802577696e+00
3.893131314341208071e+00
4.123312768026080377e+00
3.674015938764285671e+00
2.589499349143081108e+00
2.039694006089495470e+00
2.409722668711532734e+00
3.083196601959474759e+00
3.140305265849089533e+00
2.117601243197356986e+00
1.394494880951069993e+00
1.756345556890086312e+00
1.947520497026935749e+00
2.103150111330926109e+00
3.150052545056670539e+00
3.625879193379017096e+00
2.737267903762802934e+00
2.255373233840896940e+00
2.668848738118014818e+00
3.371471155044109658e+00
3.841034251312669845e+00
3.065326997785291940e+00
1.778785760848637709e+00
5.345727328830216507e-01
-1.683130523922671262e+00
-3.683388157909920579e+00
-3.913128886977297327e+00
-3.058629473464887560e+00
-2.117291930620306406e+00
-2.050839276134403200e+00
-2.931758846483256686e+00
-3.445147090761627062e+00
-3.449961222990957310e+00
-3.369846256119282568e+00
-2.856685458703096980e+00
-2.242658215463272153e+00
-1.807811715729330970e+00
-1.645207617018195290e+00
-1.829338684299157691e+00
-1.549502225915490694e+00
-1.010988869473294693e+00
-1.500853967252606003e+00
-2.874653375008315415e+00
-3.248629971755679691e+00
-2.254909719143673552e+00
-2.047526368702638155e+00
-2.653100199635104683e+00
-2.617857088022395473e+00
-2.526106693870036057e+00
-3.017936006679775129e+00
-3.337287844451388708e+00
-2.643546744343029609e+00
-1.791718605038247425e+00
-1.637127849106680744e+00
-1.787547193290969672e+00
-2.163816621338986224e+00
-1.869907979633442796e+00
-9.031965691369547855e-01
-1.146820101799450597e-02
1.605986415492026476e+00
2.996905134441010254e+00
3.197681328551197133e+00
2.762638373806847625e+00
2.017240911691439376e+00
2.148043669709963410e+00
2.795625332074600067e+00
3.242772807508388588e+00
3.893749204679680442e+00
3.999229492794008856e+00
3.478635656995625158e+00
2.619458595810246315e+00
2.199749540269713588e+00
2.923791757237342637e+00
3.198100700822510856e+00
2.513046217025901807e+00
1.842390067837454737e+00
1.761533198482782447e+00
2.236823164218728621e+00
2.691634248159123555e+00
3.045089867376549186e+00
2.890890051412422945e+00
2.500670911701672328e+00
2.229426755202290611e+00
1.780731346456790654e+00
2.399502113434526684e+00
3.580507255583853965e+00
3.610409815548901946e+00
2.655575992989599676e+00
8.791880160453597881e-01
-9.833590317616627274e-01
-2.679931968424594579e+00
-3.899345215311992519e+00
-3.531339733587127494e+00
-2.784861025620866570e+00
-2.453575438799301178e+00
-2.537836296826659677e+00
-3.352327733606470073e+00
-3.626794863091169496e+00
-3.310542212383519534e+00
-2.907679625454681283e+00
-2.248454528319388857e+00
-2.056589127202808065e+00
-2.140870891841486046e+00
-2.048194537451442532e+00
-1.742463832171018412e+00
-1.062598913681383817e+00
-1.069380347849065993e+00
-2.124187782355635434e+00
-2.703592924967356481e+00
-2.686100924984062832e+00
-2.668192585852315002e+00
-2.182176537301602437e+00
-2.097010229660800640e+00
-2.770954185637258593e+00
-2.942932345075455647e+00
-2.848757919501625047e+00
-2.744280237198954087e+00
-2.095287785678602077e+00
-1.380155002614743776e+00
-1.394229768182845497e+00
-1.756578959859306677e+00
-1.729504927100196321e+00
-1.413394069218252946e+00
-6.702860524785863028e-01
6.412078876057938359e-01
2.200470390303931545e+00
3.340461800568245820e+00
3.233884444393289925e+00
2.443782666869883435e+00
2.094470984976555705e+00
2.427893165006190568e+00
3.240079477985775558e+00
4.023751022046669235e+00
3.967783226895992943e+00
3.182004522391807644e+00
2.534287797685220056e+00
2.133964980829912594e+00
2.466318567450728416e+00
3.246803135736113788e+00
3.000037024061540603e+00
2.068784134433808042e+00
1.541183073576671836e+00
1.659596628755909187e+00
1.925312943078629324e+00
2.530449548006306948e+00
3.605449758274950955e+00
3.501783030229723259e+00
2.613946782503046684e+00
2.303994153820858148e+00
2.327731156067133433e+00
3.017606206723901341e+00
3.794675437034896959e+00
3.423257737526989253e+00
2.155850680756079107e+00
3.803138350003387735e-01
-1.800470046067160101e+00
-3.356645092474425773e+00
-3.637880155376757241e+00
-3.285895173915442058e+00
-2.568316793583044433e+00
-2.299157671928445001e+00
-3.001337823018674911e+00
-3.507650944293952744e+00
-3.529636197206250436e+00
-3.288044103473784840e+00
-2.769268274812925146e+00
-2.249059012188356022e+00
-1.865615115035079041e+00
-1.863225688611227948e+00
-1.992135982045680542e+00
-1.774165805515282690e+00
-1.493393009144821759e+00
-1.822771549581799544e+00
-2.676160907378464682e+00
-2.833150674730976704e+00
-2.186772374200763647e+00
-2.111875954262144361e+00
-2.427485706224868700e+00
-2.375699912459527052e+00
-2.620011222342665924e+00
-2.975815680754618331e+00
-2.885717054721055774e+00
-2.596355263808087344e+00
-1.965897568206771862e+00
-1.366397138513647302e+00
-1.377944164445526365e+00
-1.774210377486570955e+00
-1.886982843007739774e+00
-1.217765182765738752e+00
3.075412648868302776e-02
1.516355780181495971e+00
2.802629145906109898e+00
3.354079762154714039e+00
2.927919349908004509e+00
2.239844576926525832e+00
2.148997479826889823e+00
2.615473782073894693e+00
3.558218396285810048e+00
4.027858765415999187e+00
3.629298494190515978e+00
2.944949150783430003e+00
2.252605433833270610e+00
2.614333991822913372e+00
3.158794785987741882e+00
3.071635436124406482e+00
3.145541653751546374e+00
2.316717313487432595e+00
1.486314940061907119e+00
1.960497509400120908e+00
2.176029248687046724e+00
2.356962500942551664e+00
3.264379359456074159e+00
3.417840808297262445e+00
2.479682438191482596e+00
2.138111090123790969e+00
2.760419549229795599e+00
3.476260378336413659e+00
3.787718252376244266e+00
3.357422828022054162e+00
1.868433286748903743e+00
-4.746862232520503433e-01
-2.491293360522397471e+00
-3.607841715537976945e+00
-3.580460225957536213e+00
-2.725689466714027009e+00
-2.268573102305083911e+00
-2.282530996059613848e+00
-2.906236434663387325e+00
-3.506214747704967216e+00
-3.390310073980843164e+00
-3.169306343851214791e+00
-2.591140271649344573e+00
-2.067025217798259984e+00
-1.730759212750258458e+00
-1.647370864695829384e+00
-1.900151316948601066e+00
-1.299109498266480589e+00
-1.051985373570309967e+00
-1.994334509673997724e+00
-2.852414862374777371e+00
-3.239794819383642555e+00
-2.715833982817355441e+00
-1.780861727524204241e+00
-2.032177000706218539e+00
-2.873518993616499095e+00
-2.793683923781007383e+00
-2.977689847757925889e+00
-3.216049947685927002e+00
-2.121224979108359054e+00
-1.461374631755396170e+00
-1.646988287836759879e+00
-1.920434287484806601e+00
-2.106552803573825905e+00
-1.689608669679327102e+00
-9.547048763520855630e-01
3.982790337863741925e-01
2.107597162748780839e+00
3.205531888599755241e+00
3.355053383955558299e+00
2.696348937071224139e+00
2.115554012177420340e+00
2.178794669173453435e+00
2.956740531013300366e+00
3.715889115037662283e+00
3.936823953885830285e+00
3.573795152157257071e+00
2.652781128472974093e+00
2.235793695211396592e+00
2.546093917783893268e+00
3.122721093856512642e+00
3.208281839257421275e+00
2.288555839000794290e+00
1.500197713507799735e+00
1.521581295456325034e+00
2.273019108838727931e+00
