3003 0.00333
-2.789293542912168124e-05
-2.748168191098333119e-05
-2.705545079590406866e-05
-2.655697086883385545e-05
-2.608966207626895533e-05
-2.576898051885637652e-05
-2.553353765399303060e-05
-2.531954211930963078e-05
-2.509985982612468895e-05
-2.485117585090304939e-05
-2.460083022077521635e-05
-2.430971307852214050e-05
-2.392680845234938832e-05
-2.353059447003464378e-05
-2.320778498372470298e-05
-2.294042075543562713e-05
-2.267506815377288702e-05
-2.241825404273691452e-05
-2.222685179287846316e-05
-2.212855835550502900e-05
-2.202215158256801071e-05
-2.177690660579186649e-05
-2.148013071144808518e-05
-2.129952703063948781e-05
-2.123751681704484856e-05
-2.123005852466056979e-05
-2.124442049201993540e-05
-2.128784953205421204e-05
-2.138785023739531751e-05
-2.147715421539462291e-05
-2.146284126015190848e-05
-2.138649411162659564e-05
-2.131585471867377212e-05
-2.124314087652871076e-05
-2.113355594066190313e-05
-2.101056036991971068e-05
-2.102957730794066413e-05
-2.124444782460602337e-05
-2.145103547023437680e-05
-2.150959951834728267e-05
-2.148810193795795093e-05
-2.148741422508773199e-05
-2.155886382169566086e-05
-2.167126967054504264e-05
-2.176224993849710360e-05
-2.188032071301557654e-05
-2.209713144225983252e-05
-2.234844257977526783e-05
-2.257195380067852184e-05
-2.279777851060681932e-05
-2.303439341323205208e-05
-2.323349518522436059e-05
-2.332438156142965763e-05
-2.333702685559398528e-05
-2.345488057821928598e-05
-2.375939891075780011e-05
-2.410765035311238203e-05
-2.440956626277919646e-05
-2.472663457482445357e-05
-2.507138865753239751e-05
-2.538316026525155067e-05
-2.559705370408129810e-05
-2.572034485693518464e-05
-2.587673711673417121e-05
-2.608824547415835614e-05
-2.625683476828163319e-05
-2.643132308912195908e-05
-2.672093290831613449e-05
-2.704784458407960456e-05
-2.722426047466934909e-05
-2.720187488572534462e-05
-2.713400857849572025e-05
-2.715483865663364594e-05
-2.721053334235753749e-05
-2.723037400087683656e-05
-2.731426772660799980e-05
-2.757564534954931183e-05
-2.794149889879165910e-05
-2.825399874853034611e-05
-2.848072715679542805e-05
-2.871965155663801624e-05
-2.898922558335415416e-05
-2.916816488359318764e-05
-2.924957663845933711e-05
-2.940680603316953999e-05
-2.972024486488652562e-05
-3.008758591598896303e-05
-3.035602795487053382e-05
-3.045943175543636619e-05
-3.049316137528512133e-05
-3.053901180241688632e-05
-3.053904574053543713e-05
-3.050940485161434239e-05
-3.059372321536412494e-05
-3.082240201966726173e-05
-3.106497450499889212e-05
-3.119272092384048383e-05
-3.119109424530607156e-05
-3.113999014557057002e-05
-3.104253987709434953e-05
-3.081668993799672600e-05
-3.054305011606981812e-05
-3.042863662864781993e-05
-3.050346494367741612e-05
-3.060484115526491457e-05
-3.060196118191596781e-05
-3.049260094330337142e-05
-3.035397553747701754e-05
-3.022854904100176252e-05
-3.007415805337037296e-05
-2.993420541173795108e-05
-2.996771904509810735e-05
-3.020337038451604856e-05
-3.048974590718024548e-05
-3.068203455294220842e-05
-3.081341262440472810e-05
-3.099263694195352999e-05
-3.113546897236736834e-05
-3.112998470686407642e-05
-3.110492811147767166e-05
-3.120879666507064018e-05
-3.141094954845764342e-05
-3.161287254457066865e-05
-3.174762375170417681e-05
-3.180538746685966102e-05
-3.177217611116096667e-05
-3.158118771094929080e-05
-3.125888917806624408e-05
-3.096731529951590370e-05
-3.078953905703716638e-05
-3.063639531638150007e-05
-3.040377941190475076e-05
-3.012921003264679463e-05
-2.992737354094002119e-05
-2.981387064422492530e-05
-2.966875098322121132e-05
-2.937729756850833031e-05
-2.900278959524879476e-05
-2.869863603264920864e-05
-2.846421614028483245e-05
-2.818771896626985019e-05
-2.783424226445234295e-05
-2.747536775019202712e-05
-2.717704608889507444e-05
-2.687607418620507283e-05
-2.648371639341836299e-05
-2.605922780319728461e-05
-2.569784480861729618e-05
-2.535352550520866667e-05
-2.491628915720748257e-05
-2.440767962131499015e-05
-2.398501666349736239e-05
-2.373063385540480715e-05
-2.355996031539984179e-05
-2.338089968028724301e-05
-2.320910967767612172e-05
-2.308101520408845423e-05
-2.294681582753827013e-05
-2.272119306851396698e-05
-2.243401742089456668e-05
-2.220998816603394783e-05
-2.206285450274848706e-05
-2.188873648927329251e-05
-2.170954667587171068e-05
-2.168425277388224724e-05
-2.180783730288329085e-05
-2.188025534684422501e-05
-2.180500790664158437e-05
-2.170425267499797415e-05
-2.172691527406935295e-05
-2.181133857700119129e-05
-2.183035642048663326e-05
-2.188735563108619699e-05
-2.212693416014049238e-05
-2.246547726558938702e-05
-2.272008482357695062e-05
-2.286976022754208564e-05
-2.310064531607976341e-05
-2.351888111326330848e-05
-2.396647733925341114e-05
-2.427038810771909531e-05
-2.451329980598444840e-05
-2.488427506793348219e-05
-2.535735431682985128e-05
-2.571705119579602368e-05
-2.588003857450613769e-05
-2.602699704865033865e-05
-2.630609384554167082e-05
-2.661420693223719402e-05
-2.683686758556296024e-05
-2.702355908174478255e-05
-2.723473997937920455e-05
-2.740381415086546013e-05
-2.742451140262824966e-05
-2.730151535741217974e-05
-2.716612593121624071e-05
-2.713468986577969677e-05
-2.713271565911066783e-05
-2.706851428423874962e-05
-2.704939179922269868e-05
-2.713658519358038730e-05
-2.720392564318242768e-05
-2.711460193984133996e-05
-2.687142039339117050e-05
-2.661516905751760027e-05
-2.642812582303817116e-05
-2.629167002551060860e-05
-2.625446842468126920e-05
-2.637816450268304515e-05
-2.656810931591566444e-05
-2.667272157315884052e-05
-2.668870605753028181e-05
-2.672699806158922040e-05
-2.685816789681603768e-05
-2.706683793484865877e-05
-2.732526014130840053e-05
-2.766637894025204670e-05
-2.811272114395242961e-05
-2.857091011327141737e-05
-2.892475254379992599e-05
-2.921151243813353409e-05
-2.952324370876862505e-05
-2.980253893861621489e-05
-2.996178709191061958e-05
-3.004218315693930999e-05
-3.009358165180170969e-05
-3.004163167064422994e-05
-2.974497197636024291e-05
-2.923384268703686277e-05
-2.886825214386805964e-05
-2.898068802708574776e-05
-2.936345351208651010e-05
-2.952239665678243840e-05
-2.939665629650038554e-05
-2.928104649444097720e-05
-2.907385210590068551e-05
-2.835771146116049956e-05
-2.732882976863392662e-05
-2.676782070645800015e-05
-2.699107112243710529e-05
-2.766856346755960865e-05
-2.852202800860664309e-05
-2.940638489930432598e-05
-2.992261912477202473e-05
-2.973649699125958978e-05
-2.927641107117043553e-05
-2.941271531430809374e-05
-3.042978511925714346e-05
-3.195266084708919070e-05
-3.375692241353724863e-05
-3.587446081103476604e-05
-3.786365084454160440e-05
-3.881928258873486488e-05
-3.829875452360912455e-05
-3.682012881544391057e-05
-3.570394948184561827e-05
-3.667754359657269094e-05
-4.120480147678915904e-05
-4.931713723592344006e-05
-5.905759796198955543e-05
-6.824852533323676521e-05
-7.644889971586433521e-05
-8.417983821833211432e-05
-9.127592079129223592e-05
-9.712903565655343202e-05
-1.015213287915751081e-04
-1.033304612024021441e-04
-9.947868452286375137e-05
-8.818299520262291077e-05
-7.307641174163537786e-05
-6.056243974879507036e-05
-5.102739921040599545e-05
-3.638445715671064916e-05
-1.067370524675156953e-05
1.971062660770843831e-05
4.288097771353658591e-05
5.833165947919502947e-05
7.642247210961082603e-05
9.878224492996380654e-05
1.156536682156210046e-04
1.246172697818595206e-04
1.300800231577305089e-04
1.251972434723151045e-04
9.857285299812236262e-05
5.872213856107604934e-05
3.434607420442763615e-05
4.603458773570400441e-05
8.545565803820429030e-05
1.267840022160641761e-04
1.466566493623590772e-04
1.276683530339324892e-04
5.951941741208114723e-05
-4.987818577823177987e-05
-1.686603762606445501e-04
-2.594607159097996898e-04
-3.036630638505877092e-04
-3.055685002204836182e-04
-2.843779564302422336e-04
-2.598216812328339015e-04
-2.433060987061363002e-04
-2.396521504980821517e-04
-2.425222570528731345e-04
-2.356240324827847785e-04
-2.031738835404914626e-04
-1.367651172967504199e-04
-3.668577623207387619e-05
9.199679791558750290e-05
2.268010498171294789e-04
3.248265391232502846e-04
3.667174509254947173e-04
3.779935904306805546e-04
3.839066984370954243e-04
3.801817018563861581e-04
3.709445176843655404e-04
3.875377391340779172e-04
4.336026181457299151e-04
4.485901548770702203e-04
3.641562882026107306e-04
1.888872062056667412e-04
-8.251669954412624666e-06
-1.894161912259237444e-04
-3.532351178363626583e-04
-4.724673552352797921e-04
-5.048767247924996950e-04
-4.740005714004411519e-04
-4.642570892053909416e-04
-5.069078749345238286e-04
-5.652740128482699154e-04
-6.212927879847685410e-04
-6.849363997165520968e-04
-7.393118758051098411e-04
-7.240377890628944173e-04
-6.118972619647428937e-04
-4.515650059592589828e-04
-2.930392235277121116e-04
-1.613316137045758640e-04
-7.681763095579335660e-05
-4.935432013794544540e-05
-6.490182601657995879e-05
-5.768367676976548949e-05
4.105818804683477577e-05
2.174737740469489969e-04
3.993335389031474011e-04
5.459055984563462860e-04
6.597961350508919475e-04
7.083752159900738284e-04
6.482281070372330686e-04
5.128744673224821127e-04
3.730755265144284120e-04
2.597494438743126136e-04
1.515483002706287754e-04
3.358462778102355869e-05
-7.410785027324985294e-05
-1.742893390494945052e-04
-2.936122901210722470e-04
-4.241993429725553536e-04
-5.143816388369449938e-04
-5.491957684643378884e-04
-5.697604517908269649e-04
-5.657387020647629706e-04
-4.848852525431583183e-04
-3.241618963061726217e-04
-1.436747781804081534e-04
-2.115323655127834890e-06
1.161718680058168232e-04
2.330896685935395451e-04
3.357920043085044670e-04
4.273153897537589952e-04
5.140716496555996660e-04
6.004134903319039308e-04
6.718859569069905984e-04
7.074045580941274629e-04
7.221594807228874906e-04
7.231887964053603218e-04
6.861671852929234795e-04
5.896838316317110041e-04
4.533302501745967487e-04
3.199994383171903337e-04
2.003034935157532845e-04
9.007159603115807555e-05
1.638365576316445863e-07
-4.331896572892838620e-05
-3.545027870188112071e-05
-1.043776270331075114e-05
1.783232705407412176e-05
6.158840375011058184e-05
1.200734936359049799e-04
1.746426167792991828e-04
2.143105233129093091e-04
2.441473388605620658e-04
2.506665412974948119e-04
2.323309238392703762e-04
2.299738687890864506e-04
2.655542309715548557e-04
3.046856218622175506e-04
3.039948344162170875e-04
2.674715333587331296e-04
2.183419167041200182e-04
1.549860606351775665e-04
5.158795666415346635e-05
-1.120628137236922813e-04
-3.166440426491893417e-04
-5.354483896273670458e-04
-7.513279306988225733e-04
-9.506230374818765930e-04
-1.161477799062876149e-03
-1.430926515172734450e-03
-1.756511411410381553e-03
-2.082451361586106029e-03
-2.372053302557906081e-03
-2.655198145289628091e-03
-2.967180669431135776e-03
-3.272997680743573203e-03
-3.490046980616260622e-03
-3.589561363344151868e-03
-3.596880520905835609e-03
-3.496944361360115969e-03
-3.261662951222407507e-03
-2.918650716148697699e-03
-2.528422610041493237e-03
-2.112874461451904728e-03
-1.618915735820902107e-03
-1.003230603503294568e-03
-3.093788076172406800e-04
3.770395907167981421e-04
1.010077275372263904e-03
1.626795805382254918e-03
2.285336801897233736e-03
2.970403850047650691e-03
3.619338521553493691e-03
4.200465866671328034e-03
4.709141371909339284e-03
5.120987015751623551e-03
5.390821074018325824e-03
5.487745027100782158e-03
5.411879486716472329e-03
5.182256037978799461e-03
4.840287116223942337e-03
4.452637667658351957e-03
4.067373361786065511e-03
3.675841834910092022e-03
3.239103167884370589e-03
2.748117165806565534e-03
2.219291529022096067e-03
1.656813451273158200e-03
1.084178340329326013e-03
5.708489226833636260e-04
1.921596041502807888e-04
-3.841197407379476369e-05
-1.686134692257707803e-04
-2.279107473187390689e-04
-2.200537925821808509e-04
-1.625634821623957388e-04
-6.973781282219606540e-05
9.320973350467772725e-05
3.795726929847932510e-04
7.451307663895720195e-04
1.072203295527205877e-03
1.314541797325831677e-03
1.511418381292222888e-03
1.681334838184695736e-03
1.782277350028158231e-03
1.793919552200488616e-03
1.733135075633252279e-03
1.580489160867277858e-03
1.312078337633394058e-03
9.779322334126081852e-04
6.453090631045010602e-04
2.764434296738534319e-04
-2.543005772607434393e-04
-1.026351756499340167e-03
-1.981415331479022442e-03
-2.984222363953068554e-03
-3.971951287352654299e-03
-4.957558200294745129e-03
-5.947175479071717917e-03
-6.942490153606708896e-03
-7.951941037364018694e-03
-8.934547401454918936e-03
-9.762707323346921096e-03
-1.035075233353802138e-02
-1.077103434238867001e-02
-1.112973712745448686e-02
-1.139041909425477471e-02
-1.141678268482888489e-02
-1.118134675930412651e-02
-1.077047104234711040e-02
-1.021188648475077412e-02
-9.461117704845353749e-03
-8.491076398009689621e-03
-7.354088440542264939e-03
-6.144241618057847028e-03
-4.927023932148217114e-03
-3.766077692695044606e-03
-2.696681744946022655e-03
-1.678242723692082968e-03
-6.529080830088063213e-04
4.000629930499707788e-04
1.471172944352818791e-03
2.564784611447594020e-03
3.711562376488141725e-03
4.916909554985467862e-03
6.132122388786229172e-03
7.307149854990592844e-03
8.424801587397249755e-03
9.457515982649714742e-03
1.035233959245485114e-02
1.105331763203377601e-02
1.154248162758642407e-02
1.185690405200873557e-02
1.202165577535824377e-02
1.199113526785469848e-02
1.166105794057470911e-02
1.096271890698923696e-02
9.906909795051084197e-03
8.515705486564018392e-03
6.841204749644470666e-03
4.998612139383773988e-03
3.084314054699541230e-03
1.121945688390083278e-03
-8.587647796793170191e-04
-2.740627832526983370e-03
-4.404523720457158807e-03
-5.824237386833745929e-03
-7.004771231202226549e-03
-7.902969048025846460e-03
-8.481826368833959504e-03
-8.742058648594428633e-03
-8.615136436964291808e-03
-7.997549145001106238e-03
-6.890863475526710566e-03
-5.379488755958994166e-03
-3.538334061887038213e-03
-1.419514688187583935e-03
8.958832338921125880e-04
3.306485241784820964e-03
5.730949448773711707e-03
8.114206687781195387e-03
1.041147083405146757e-02
1.254931235646741632e-02
1.445975005566389748e-02
1.608391096801389114e-02
1.733414311603547961e-02
1.814308906820630285e-02
1.848635240409902958e-02
1.838043435742621121e-02
1.784910664572343306e-02
1.689277157064088611e-02
1.554652663554494454e-02
1.390141731689652563e-02
1.208959291049089071e-02
1.025999910775214803e-02
8.535171729590911374e-03
6.966902890332574670e-03
5.526251115316281950e-03
4.185821066537565548e-03
2.946685463993455739e-03
1.818334370668221386e-03
8.640156851847462759e-04
2.058821921736423474e-04
-4.072193789433789599e-05
1.391817644153156813e-04
6.290216118044139951e-04
1.244164218658355822e-03
1.830160414353943681e-03
2.318188049361322427e-03
2.665446751668352262e-03
2.840225793918046363e-03
2.857926940068024509e-03
2.717965921612812245e-03
2.360177726768042210e-03
1.697354836466523961e-03
6.604956003479807306e-04
-8.074993449132788614e-04
-2.771931607324930411e-03
-5.256169252279277102e-03
-8.229677022980153717e-03
-1.163640881290509306e-02
-1.540015653994804973e-02
-1.939478321382232320e-02
-2.341802309446596592e-02
-2.730537319953973974e-02
-3.098406145126888014e-02
-3.434743355241161311e-02
-3.722197358950403434e-02
-3.944956635060372502e-02
-4.094034583836936303e-02
-4.163495364702117507e-02
-4.148419865397972445e-02
-4.052378070341343397e-02
-3.887542649135579398e-02
-3.668838986205595620e-02
-3.407607051793889313e-02
-3.108571522504017387e-02
-2.779252209950480029e-02
-2.433946410179496991e-02
-2.091397896896001959e-02
-1.773653599292541322e-02
-1.497552158959400762e-02
-1.268935388403934390e-02
-1.086252954061020515e-02
-9.547063007427870548e-03
-8.872236116463453823e-03
-8.806239842574748247e-03
-9.199269749973412735e-03
-1.001123323458477654e-02
-1.122855541400872431e-02
-1.271857857920380939e-02
-1.428485185005627135e-02
-1.577597207143818792e-02
-1.702666352021356758e-02
-1.779422584642446903e-02
-1.788838934641967526e-02
-1.723868633501389816e-02
-1.586896189272818392e-02
-1.387039086804362636e-02
-1.132684157331660842e-02
-8.272739335240753000e-03
-4.693653471796591266e-03
-5.575872546207707699e-04
4.145397368805331210e-03
9.394700180536784059e-03
1.515326606610465504e-02
2.135761681460111860e-02
2.785898540815857569e-02
3.446757734811153884e-02
4.105044427887092479e-02
4.752964390987220178e-02
5.387276876522632124e-02
6.006364713735702632e-02
6.603572698888203474e-02
7.166699100594400851e-02
7.682023498337429979e-02
8.135377285164729910e-02
8.514775604527620445e-02
8.815343408082995658e-02
9.033753940204328203e-02
9.164210804901637419e-02
9.206434822081305258e-02
9.164893694486836440e-02
9.034969133836583122e-02
8.800929289990190585e-02
8.454430404441699853e-02
8.004493928417309723e-02
7.471380337806210470e-02
6.873334327648228381e-02
6.210899610590447234e-02
5.477856627575609233e-02
4.679570475500407362e-02
3.829441707906792308e-02
2.946002096324308595e-02
2.050209610439421640e-02
1.165140265291652634e-02
3.206336289071732432e-03
-4.538136143005873542e-03
-1.139782188236902402e-02
-1.728841683413003677e-02
-2.211158606820483319e-02
-2.580939130437626128e-02
-2.851376903951043443e-02
-3.045145148884439296e-02
-3.183236774147457648e-02
-3.285935409614039460e-02
-3.370522172452901366e-02
-3.449412189365667902e-02
-3.536875114032794060e-02
-3.656827471020956954e-02
-3.833938661720597690e-02
-4.085071847729245670e-02
-4.418877587868430545e-02
-4.830104442504330742e-02
-5.309436737697452446e-02
-5.855696904237510381e-02
-6.469210532330173236e-02
-7.140844776498210533e-02
-7.840464584553795413e-02
-8.534525086693109386e-02
-9.215361848311545701e-02
-9.881098481482951390e-02
-1.051219269183196608e-01
-1.108254099219957850e-01
-1.156784291351139610e-01
-1.194878627739120736e-01
-1.221243906834788145e-01
-1.234701974573307326e-01
-1.233761494594984992e-01
-1.217023082161719505e-01
-1.184147154408394798e-01
-1.135494533423587471e-01
-1.071289425718300742e-01
-9.920550052813062458e-02
-8.991197657872902760e-02
-7.938140489023683133e-02
-6.766154013935467282e-02
-5.482766311572170870e-02
-4.106201050932387769e-02
-2.660570985047316928e-02
-1.175034363724420522e-02
3.211082682248242795e-03
1.798776949369955067e-02
3.227364975356614846e-02
4.577440862202921540e-02
5.821114754089210669e-02
6.942932854608725723e-02
7.942859821407106946e-02
8.817641408228006628e-02
9.548614932450666393e-02
1.010981342718195591e-01
1.048401618216259351e-01
1.067085863705992815e-01
1.068148814531669072e-01
1.052558664567151553e-01
1.021716379448986411e-01
9.785429470863712953e-02
9.260441825776266622e-02
8.660671051737298121e-02
7.993142058225467805e-02
7.267863383064335214e-02
6.513883542268375515e-02
5.769151585728655995e-02
5.070351238844299224e-02
4.450383109868294440e-02
3.937094515086229235e-02
3.554878341357069899e-02
3.317444353564318049e-02
3.223560055103456140e-02
3.257999490167470813e-02
3.396698008938211361e-02
3.611775820627333849e-02
3.873220642004381042e-02
4.159799702116755149e-02
4.456994889459599957e-02
4.742396681999436203e-02
4.982403585370388799e-02
5.138901675474143171e-02
5.182974018572237412e-02
5.094993134693830139e-02
4.852588612136299329e-02
4.430536096916252997e-02
3.817287847399109674e-02
3.036290223070364086e-02
2.133561640589911115e-02
1.136297458676976263e-02
4.776976803604216643e-04
-1.115216998378774568e-02
-2.310608893316058732e-02
-3.496299412362083997e-02
-4.641777500859275984e-02
-5.725003394847302807e-02
-6.727160081305397221e-02
-7.626547121331386792e-02
-8.401292230453748233e-02
-9.032584259780418456e-02
-9.501935667852604017e-02
-9.786409216602358352e-02
-9.868829133370179973e-02
-9.750100992001453637e-02
-9.437659351168327382e-02
-8.937640013886834212e-02
-8.257160231506312231e-02
-7.409158356836213766e-02
-6.413184202940995504e-02
-5.283692120912703710e-02
-4.034386934908074096e-02
-2.689110578539010560e-02
-1.283574074996758456e-02
1.378732203986561718e-03
1.529226045360113605e-02
2.843210897992131531e-02
4.043235060086398935e-02
5.109832363558262230e-02
6.030538786790290429e-02
6.796070568925817457e-02
7.393988177732432887e-02
7.808232550930073457e-02
8.023049214968458465e-02
8.031117573230450724e-02
7.838006580099260434e-02
7.455247261501034284e-02
6.905733403331974773e-02
6.216572096559227351e-02
5.412071822373422381e-02
4.516635934392654317e-02
3.545460563953972688e-02
2.516707579663467892e-02
1.461574378470421182e-02
4.183607813549546951e-03
-5.703267308525971843e-03
-1.463343478796430390e-02
-2.221528187688830494e-02
-2.814068685838170061e-02
-3.220023819526206255e-02
-3.429240779891921942e-02
-3.449093670999429234e-02
-3.297031075805404582e-02
-2.997865937465858666e-02
-2.583305683594042113e-02
-2.087474900794032695e-02
-1.541940018558174766e-02
-9.775687849040256422e-03
-4.309128038130387479e-03
6.305940017815356942e-04
4.663346753078387481e-03
7.390059851886098159e-03
8.581469536354014577e-03
8.194898947193440808e-03
6.233997200406854976e-03
2.545735529136370495e-03
-3.082807103437969903e-03
-1.058263082794829411e-02
-1.956035003300806221e-02
-2.961774898337843007e-02
-4.051149981405885447e-02
-5.184383389462775271e-02
-6.299441650370253554e-02
-7.347358300146815402e-02
-8.309829649722516587e-02
-9.176743317058261296e-02
-9.922901120819811738e-02
-1.052500945997848492e-01
-1.096354603562120500e-01
-1.120904808709378836e-01
-1.123055407528383426e-01
-1.101171778986574784e-01
-1.056340631707835820e-01
-9.902093528869650163e-02
-9.035761094950353622e-02
-7.975395641612542663e-02
-6.740521868135064543e-02
-5.358652690296909077e-02
-3.845943719129520794e-02
-2.217388764190472011e-02
-5.066812399054949206e-03
1.245118620928183269e-02
2.995734558588659599e-02
4.700849645102152946e-02
6.302804983830072316e-02
7.745982234785840637e-02
8.999227313236021764e-02
1.004971333571702680e-01
1.089653398703544357e-01
1.153038986945075506e-01
1.193943346422998847e-01
1.212347673300559897e-01
1.208232282761351473e-01
1.181461359016532237e-01
1.132148641143814471e-01
1.062422401494686336e-01
9.759993462307597900e-02
8.764232442734942730e-02
7.670129294549661580e-02
6.504122091409544892e-02
5.299761701650076984e-02
4.094863298207658542e-02
2.928448382685766918e-02
1.852190082155816264e-02
9.158842920835014514e-03
1.586108477584274997e-03
-3.977733123021621325e-03
-7.390483813389885602e-03
-8.555697992412245392e-03
-7.613365586330233907e-03
-4.828284007974322986e-03
-5.090756118455675924e-04
5.009217480232328566e-03
1.133062573328465217e-02
1.795663907773624793e-02
2.443808345909031718e-02
3.041809442207469780e-02
3.563871347217489882e-02
3.975925910122317386e-02
4.230305535338622913e-02
4.290502905040020909e-02
4.132792624787425678e-02
3.752127141500801594e-02
3.163145054939243278e-02
2.388899517550462440e-02
1.447228731329639612e-02
3.433620913496550180e-03
-8.986329182197945464e-03
-2.228227116971418648e-02
-3.590179631685749828e-02
-4.937884019117144696e-02
-6.245733364104305574e-02
-7.494556083031977955e-02
-8.653949599095207834e-02
-9.687944065838043073e-02
-1.056712668169392799e-01
-1.126262697033814514e-01
-1.173103281713149260e-01
-1.193233721865839952e-01
-1.185380138807391043e-01
-1.150367291275727205e-01
-1.089095450666419385e-01
-1.002541097148118981e-01
-8.934241910298697242e-02
-7.656269152186775950e-02
-6.218178438931157986e-02
-4.627350702905885793e-02
-2.903996193428207140e-02
-1.100561328228378578e-02
7.275617087413829495e-03
2.535874633241616202e-02
4.273262439404936636e-02
5.874297929408427155e-02
7.288493579547587753e-02
8.502821412382824406e-02
9.511436312873312870e-02
1.029422745967078778e-01
1.082986530099342287e-01
1.110744121421197161e-01
1.112071768206495948e-01
1.085964348695049875e-01
1.032446313536939109e-01
9.540852446974296130e-02
8.554055129530088730e-02
7.407801736352909172e-02
6.141302045682176663e-02
4.803868029821253827e-02
3.440685618111041788e-02
2.081215902841095089e-02
7.564003531973290638e-03
-4.857638029269362168e-03
-1.587980166907057220e-02
-2.509509133021136512e-02
-3.227328951205219593e-02
-3.719689465742461593e-02
-3.964742983606901749e-02
-3.959877831096917516e-02
-3.735903034314470850e-02
-3.328943262165307698e-02
-2.764876336150638367e-02
-2.080561643905561378e-02
-1.325321821121564284e-02
-5.427478789677970053e-03
2.338069252228759491e-03
9.635591742748753769e-03
1.597952252586817487e-02
2.099285011390217628e-02
2.440098068041784279e-02
2.600384866698653499e-02
2.564770356323372441e-02
2.309114003444359339e-02
1.797606187899856989e-02
1.013015657928129608e-02
-9.523295687634593940e-05
-1.205647217933113191e-02
-2.523362325781670218e-02
-3.915723969309185121e-02
-5.318050348493858631e-02
-6.671131497191776227e-02
-7.949270585182163784e-02
-9.138663104382110935e-02
-1.022041931820497074e-01
-1.116649617093554703e-01
-1.193437583031373844e-01
-1.247728917182925751e-01
-1.275166020133039202e-01
-1.273602476781459936e-01
-1.243260788260478200e-01
-1.184845566718637777e-01
-1.100078261111060440e-01
-9.914616380184310129e-02
-8.619520044369777256e-02
-7.139554264441067000e-02
-5.485230300727093194e-02
-3.678792862646305256e-02
-1.758879027610116969e-02
2.259015933346095358e-03
2.219100191826895926e-02
4.159743348652977790e-02
5.984666264955352394e-02
7.651212008080374161e-02
9.132967415317493065e-02
1.039976259093327027e-01
1.141814158973149390e-01
1.216107876234752694e-01
1.262714796404015849e-01
1.282622059557916305e-01
1.275064166252993791e-01
1.238302315978503237e-01
1.173435699366059681e-01
1.085285865392933008e-01
9.779924063365329212e-02
8.550326770373518903e-02
7.215709171593344406e-02
5.830081159055470336e-02
4.436817978181802069e-02
3.063658135219397838e-02
1.742238072002920760e-02
5.208686607644871618e-03
-5.499815407630067633e-03
-1.423275199655488210e-02
-2.059903824795749835e-02
-2.429956048141386840e-02
-2.527544485323393250e-02
-2.373102561524924672e-02
-1.987707991303365451e-02
-1.404579466764329689e-02
-6.806292703359815947e-03
1.277622749987154154e-03
9.798658562295479296e-03
1.839495259655421142e-02
2.660292209408254491e-02
3.395249573525122022e-02
4.005245666656725989e-02
4.453223345261687199e-02
4.700874580089932364e-02
4.712477815290930933e-02
4.466974720199157894e-02
3.964776156421796066e-02
3.228411443979664619e-02
2.281279184484063041e-02
1.129853082583781414e-02
-1.958539171689630421e-03
-1.623751919381214229e-02
-3.085141847706198565e-02
-4.539309216397782037e-02
-5.960620468262513294e-02
-7.321889618829385826e-02
-8.597395229077189893e-02
-9.767392133022895218e-02
-1.079755540850039636e-01
-1.163468165311641184e-01
-1.222849824214128078e-01
-1.254936674236826200e-01
-1.258531017806528707e-01
-1.232551409929783653e-01
-1.176744530421368479e-01
-1.092683793368232625e-01
-9.829205191204733183e-02
-8.503987543685682937e-02
-6.975534333265634435e-02
-5.260892156139071463e-02
-3.384642374558043815e-02
-1.393987709269036909e-02
6.462210441413849399e-03
2.668768276126446196e-02
4.607834794093158132e-02
6.409020018676545027e-02
8.033371023303936820e-02
9.446597362734557302e-02
1.062106428979328332e-01
1.153899397987293157e-01
1.218373452597011630e-01
1.253105597555545792e-01
1.256020593288668108e-01
1.227130667534190589e-01
1.168255749775055224e-01
1.082149690081896098e-01
9.726093646798748826e-02
8.450395565959187283e-02
7.047849107120959800e-02
5.557120040707801134e-02
4.021828689983059785e-02
2.494317665692993846e-02
1.022791861928222697e-02
-3.498690682768180581e-03
-1.579668812296057198e-02
-2.618981087365242905e-02
-3.430240629707834166e-02
-3.983351681116799325e-02
-4.250722430924477185e-02
-4.231724220758331656e-02
-3.960465296059412915e-02
-3.479752870752596261e-02
-2.819306523072191706e-02
-2.010035867560858516e-02
-1.103244888193376759e-02
-1.551847734889489185e-03
7.873635658838157997e-03
1.680250995459583660e-02
2.473417753128931071e-02
3.114840091873229133e-02
3.565669685185644117e-02
3.800298213730966823e-02
3.799373369365389302e-02
3.552845591447342105e-02
3.052195830234424867e-02
2.293882715962022867e-02
1.301134099939900077e-02
1.106837438288582349e-03
-1.247331654776210989e-02
-2.726338366790290180e-02
-4.253640066236784312e-02
-5.773903134057811748e-02
-7.267244746886632190e-02
-8.705635258790068998e-02
-1.003898183939986172e-01
-1.122099907239171718e-01
-1.221017960730150370e-01
-1.295724673692364159e-01
-1.341228139153173571e-01
-1.355345581325259896e-01
-1.338609180426132972e-01
-1.291353304703354299e-01
-1.213851169512532302e-01
-1.107995918769563853e-01
-9.776630536560075579e-02
-8.258807799938719385e-02
-6.535870784231671837e-02
-4.633272399008436793e-02
-2.598571021183549226e-02
-4.865545220933552469e-03
1.642157500826244704e-02
3.721533326999237890e-02
5.681360731491558874e-02
7.465541164047125033e-02
9.040374463274225558e-02
1.039145528145292985e-01
1.150316353089879534e-01
1.233786789367323777e-01
1.287013642291883198e-01
1.310224343596548546e-01
1.303355084698579747e-01
1.264867756253785780e-01
1.194662062965003851e-01
1.096770895933680268e-01
9.770000147690012515e-02
8.410216002641844601e-02
6.938835857647875083e-02
5.400646494960153338e-02
3.840688659584372971e-02
2.295332055142244518e-02
8.131497279997169231e-03
-5.460898113027723953e-03
-1.732974848053609601e-02
-2.701279539246462941e-02
-3.416515687948062235e-02
-3.849535918449042970e-02
-3.985740925629892989e-02
-3.839701544203747569e-02
-3.436765548341089160e-02
-2.819280436478728558e-02
-2.032843966566760807e-02
-1.116617021269367821e-02
-1.191306112806129721e-03
9.095001913841422800e-03
1.916582996717441922e-02
2.848512617492370350e-02
3.653307196139807256e-02
4.283363496251084424e-02
4.699298199537157994e-02
4.862646747219066812e-02
4.746410499652831128e-02
4.340965144623357835e-02
3.664217291884870609e-02
2.755198151929092940e-02
1.637700497904536964e-02
3.375022305931557956e-03
-1.091753527049769447e-02
-2.586202203406118977e-02
-4.095609911847425400e-02
-5.592064465770066328e-02
-7.053861410553249889e-02
-8.452109993720118009e-02
-9.748313831577959387e-02
-1.089843032634562336e-01
-1.185581338259260320e-01
-1.256885324175867069e-01
-1.299533456956292465e-01
-1.311167083720409521e-01
-1.290709171967266422e-01
-1.237948603187614960e-01
-1.153629178455774090e-01
-1.040135395732487839e-01
-9.009655004226856112e-02
-7.389088148360846431e-02
-5.555791427032671925e-02
-3.539108998947658458e-02
-1.396438706932262921e-02
8.053966818331512872e-03
3.000329522357542827e-02
5.119738835060479165e-02
7.090000608979707408e-02
8.848795482870525086e-02
1.036594979549015499e-01
1.162624808871846049e-01
1.261043627012595758e-01
1.329885885343415897e-01
1.367969358781303546e-01
1.374353967843298663e-01
1.347295356770208119e-01
1.286584280420128290e-01
1.195483579826022158e-01
1.079492389837808097e-01
9.441152787734673202e-02
7.938617545095037753e-02
6.340646594258042557e-02
4.706220743921991218e-02
3.081795999223332569e-02
1.505662787190364428e-02
2.039698804345767237e-04
-1.315897619124511975e-02
-2.443057388035050834e-02
-3.320061773958343093e-02
-3.923522561194471570e-02
-4.237182723469198192e-02
-4.256593327481027200e-02
-4.004494083976845031e-02
-3.518303670728447491e-02
-2.834551528991722733e-02
-1.993499239756522934e-02
-1.046393035629641401e-02
-5.202317733946988827e-04
9.443123400012866028e-03
1.906334825308805131e-02
2.785128198031875529e-02
3.516805652355500800e-02
4.042363004240302760e-02
4.335746164385977791e-02
4.389737957637811216e-02
4.183410586805869080e-02
3.683818787290330660e-02
2.884671106417771580e-02
1.826244969399355017e-02
5.604315043189023876e-03
-8.657542428703379062e-03
-2.403563898734960985e-02
-4.001262191466890134e-02
-5.610174211875887385e-02
-7.194980331356162773e-02
-8.717947926270057379e-02
-1.014031085918564307e-01
-1.142640889505782964e-01
-1.252945182128313018e-01
-1.339742845841326857e-01
-1.398046945138730068e-01
-1.424662040676825114e-01
-1.418195372599750925e-01
-1.378213068510621697e-01
-1.305894453551662004e-01
-1.203330260507409349e-01
-1.073822351048166479e-01
-9.203511175874494465e-02
-7.446859582773317221e-02
-5.500688050869683571e-02
-3.408983744434061075e-02
-1.220853936158361464e-02
1.007115905023363116e-02
3.209997818177941220e-02
5.317443707587345830e-02
7.264957241263975130e-02
8.997004142275200067e-02
1.048237883309046520e-01
1.170030260852139847e-01
1.261670860168646879e-01
1.320639009080817883e-01
1.346182828393900910e-01
1.338446582192539536e-01
1.297891535860922485e-01
1.226000602020631824e-01
1.126017304473003466e-01
1.002085798736943867e-01
8.599388724489746838e-02
7.057223493008456250e-02
5.440796979619882956e-02
3.791269161817593936e-02
2.153924648635084649e-02
5.860299215706499774e-03
-8.530096178090841585e-03
-2.113826633294941040e-02
-3.150140036735910726e-02
-3.914965009639793242e-02
-4.368288964513249856e-02
-4.502559946131957924e-02
-4.342238431551052186e-02
-3.911880910951268109e-02
-3.238901760671069469e-02
-2.375231617634171802e-02
-1.385602436291169526e-02
-3.236014605509210645e-03
7.658905908506229154e-03
1.836692153283103063e-02
2.836694926404751196e-02
3.708190540644892841e-02
4.400449124694134212e-02
4.875277143213359310e-02
5.104786013466777739e-02
5.065241441305054493e-02
4.738772743744803367e-02
4.133304488852450331e-02
3.278892026318293296e-02
2.203710950327832097e-02
9.352558495342533015e-03
-4.853000081564819677e-03
-2.006625059246477591e-02
-3.577900307461182733e-02
-5.154187600357624383e-02
-6.698833259890729641e-02
-8.177873230865878584e-02
-9.555948365289382296e-02
-1.079100082174417052e-01
-1.183110795331973747e-01
-1.262555952328691111e-01
-1.313294336893348346e-01
-1.332373977478835125e-01
-1.317939105176360315e-01
-1.269753138096700318e-01
-1.189480458398634588e-01
-1.079352060482233755e-01
-9.420756290773453501e-02
-7.803954041899562044e-02
-5.966712987412275265e-02
-3.943024283392914525e-02
-1.780454604489309367e-02
4.579479300270839458e-03
2.700471100404585115e-02
4.877004465914246134e-02
6.913792194348113151e-02
8.745292623014024047e-02
1.032713800589621228e-01
1.163455671255749641e-01
1.265307427609574376e-01
1.336385769004168889e-01
1.374984954637996082e-01
1.380144460158101993e-01
1.350995595438102270e-01
1.287473690930872605e-01
1.191770934187494357e-01
1.068798417708386184e-01
9.246434498787972633e-02
7.654196194689366628e-02
5.972006967305057423e-02
4.253604240955186772e-02
2.548437529262784218e-02
9.038475094132239138e-03
-6.329194329963909287e-03
-2.007427604340636385e-02
-3.165265229152520315e-02
-4.059820895075193226e-02
-4.659776521537357247e-02
-4.952788402672549106e-02
-4.941337095734201629e-02
-4.644293370563494505e-02
-4.091922338383941621e-02
-3.323866200864294962e-02
-2.387280435812448587e-02
-1.333015104149034777e-02
-2.189701538999869971e-03
9.013821487073716415e-03
1.982036934932022640e-02
2.972729895016667026e-02
3.821686661419931852e-02
4.485452665077872131e-02
4.928510451364252060e-02
5.112410072973950365e-02
4.999731348054700653e-02
4.570644285392514578e-02
3.836756829464783164e-02
2.830616363617963552e-02
1.579570635899675210e-02
1.175227220132185743e-03
-1.496026640137148103e-02
-3.181646446203085371e-02
-4.869752186326661847e-02
-6.522760004845755410e-02
-8.106379540235628123e-02
-9.578115942924791959e-02
-1.089680612180113778e-01
-1.202148201415892403e-01
-1.291090659453148493e-01
-1.351680877230247158e-01
-1.380464568817504067e-01
-1.376295661106659851e-01
-1.339210637876178667e-01
-1.270251867349110886e-01
-1.171082190159398601e-01
-1.045492912989267470e-01
-8.968839204996162384e-02
-7.257921045708742858e-02
-5.337876005189928774e-02
-3.251566789316641393e-02
-1.058970535140476774e-02
1.183763336244740560e-02
3.419442516950086525e-02
5.571009061669503909e-02
7.561317354081353859e-02
9.326402496432467659e-02
1.083161989696051763e-01
1.205999113400819667e-01
1.298136885198681589e-01
1.356885132980213959e-01
1.381321554930522999e-01
1.372381918288275438e-01
1.331021896450466369e-01
1.257891546643693514e-01
1.156012114692235304e-01
1.030291648528931653e-01
8.863311258230614775e-02
7.287314366826062872e-02
5.617546965261278891e-02
3.911581710473212292e-02
2.221252716156327592e-02
5.953529026054359130e-03
-9.149738873457873012e-03
-2.258075863848760939e-02
-3.379061661397372851e-02
-4.229750352358756932e-02
-4.766847403881881162e-02
-4.974957676970709342e-02
-4.874717712464944619e-02
-4.492738919361251998e-02
-3.857875820122935034e-02
-3.011562610192128342e-02
-2.011827108404987477e-02
-9.158417424315603780e-03
2.285900280991725545e-03
1.371097755447174028e-02
2.454008734609058537e-02
3.410231193207273470e-02
4.179074487110198688e-02
4.710685656511545694e-02
4.964662625022284864e-02
4.923630858429007412e-02
4.596014580586293280e-02
4.007246485828735993e-02
3.170261146814445929e-02
2.091324176367517773e-02
8.020809220280391422e-03
-6.485999297537844294e-03
-2.205065125889064254e-02
-3.816282663092630117e-02
-5.442079574824350285e-02
-7.048184241391147742e-02
-8.602432582346467016e-02
-1.006244979935548983e-01
-1.137945162288645368e-01
-1.250015489889735321e-01
-1.336712268085350486e-01
-1.392869782260349742e-01
-1.414338534034537687e-01
-1.399408620676014792e-01
-1.348686381656115929e-01
-1.263791109814759450e-01
-1.147366490902101410e-01
-1.003245765744477380e-01
-8.355085583113819325e-02
-6.464993272036459460e-02
-4.382322349950610457e-02
-2.150496239009042423e-02
1.647743453433788904e-03
2.483758539693811315e-02
4.726078577461798741e-02
6.815607711968277305e-02
8.688943511151853150e-02
1.031025492853564068e-01
1.166424751568866242e-01
1.274046902065789355e-01
1.351633613620519536e-01
1.396226601962687608e-01
1.406186461799042720e-01
1.380917185101760702e-01
1.320613029522435256e-01
1.227165895699122017e-01
1.105081670214592693e-01
9.607026396175442906e-02
8.003876048769585638e-02
6.302213843635644241e-02
4.556145140277950700e-02
2.813954031754629936e-02
1.125015901276425236e-02
-4.574674778894549480e-03
-1.871227368131285138e-02
-3.056059149912926376e-02
-3.967988451630760638e-02
-4.582389281083324578e-02
-4.890588577550943755e-02
-4.896188764251353104e-02
-4.618798287350860121e-02
-4.083746015157515424e-02
-3.322403272728920859e-02
-2.382757580474458362e-02
-1.319487946023707899e-02
-1.898037907764143356e-03
9.521066593142293866e-03
2.058658953838387456e-02
3.080568623390093561e-02
3.964297279353257847e-02
4.655424135757704751e-02
5.111805514872543033e-02
5.307882535848371802e-02
5.224012071886907638e-02
4.833660278366250923e-02
4.117276225981834903e-02
3.098645500175847139e-02
1.831837487228252931e-02
3.694259958556629555e-03
-1.230805525726564979e-02
-2.895543355816545053e-02
-4.560779833238079450e-02
-6.194324061069887005e-02
-7.766076726107737360e-02
-9.237818306683147351e-02
-1.057553426738711416e-01
-1.173850156308142711e-01
-1.267775681556347622e-01
-1.333819281257409006e-01
-1.367903389226704791e-01
-1.368261092037259541e-01
-1.334264951332624349e-01
-1.267029747837611908e-01
-1.168531384847555782e-01
-1.041748595788090509e-01
-8.898360464566766603e-02
-7.147095254863851388e-02
-5.189333759627815651e-02
-3.059257804002087425e-02
-8.094620312339645754e-03
1.489830142972093513e-02
3.765981789067168045e-02
5.940484972606883962e-02
7.941281465190373756e-02
9.709584419618703943e-02
1.121414981346699619e-01
1.244210485863178062e-01
1.336869236213124590e-01
1.397293069502600071e-01
1.423881355351456213e-01
1.415166707236357180e-01
1.371206867048492539e-01
1.294336317594629859e-01
1.188765337283777535e-01
1.058936940601803434e-01
9.100463589863261316e-02
7.471812089277118929e-02
5.751616167267947083e-02
3.999489088383856306e-02
2.271180668032182770e-02
6.202485163660193673e-03
-9.042783190212481600e-03
-2.257691306379027568e-02
-3.391479402850149788e-02
-4.263680157298728457e-02
-4.834331753198867210e-02
-5.082416703573163635e-02
-5.017441201176115612e-02
-4.665218450839480474e-02
-4.061880147547138054e-02
-3.241987617494287294e-02
-2.250012182509925768e-02
-1.147617278964418314e-02
-1.335542983428492714e-06
1.133263188309707216e-02
2.203146974865429625e-02
3.152420452123517319e-02
3.920573491535885025e-02
4.460430289090493161e-02
4.736279509019065276e-02
4.716168381868523357e-02
4.376658369102539442e-02
3.737569267681315616e-02
2.843092069469283986e-02
1.711557312019998042e-02
3.629877816522401011e-03
-1.145496197183230869e-02
-2.738252381105370920e-02
-4.357491727711624435e-02
-5.970627489808488092e-02
-7.546251182314055173e-02
-9.049237354231576269e-02
-1.044868017416241135e-01
-1.171268781682456572e-01
-1.279506918874361854e-01
-1.363272416470049930e-01
-1.417092952118141069e-01
-1.437974565473163491e-01
-1.424628685369002945e-01
-1.376856484996269170e-01
-1.295328920087306102e-01
-1.182471483285182923e-01
-1.041887028758952949e-01
-8.759526402398840061e-02
-6.869083933368062833e-02
-4.786886520675913415e-02
-2.560828036356882845e-02
-2.441042861173841911e-03
2.093411018673523027e-02
4.364833770882243363e-02
6.488030270817937706e-02
8.401495094879476988e-02
1.006954782493609812e-01
1.147134373374797262e-01
1.257955269647755003e-01
1.337062676991958299e-01
1.383535216186259909e-01
1.396658030982283194e-01
1.375394311711187478e-01
1.319594536409634533e-01
1.231472893682696440e-01
1.115089703451207226e-01
9.759511754489320901e-02
8.204761910245238210e-02
6.547525953020011391e-02
4.841724507173229830e-02
3.129790158007486611e-02
1.455230583767971354e-02
-1.250120580681821818e-03
-1.547711949973443885e-02
-2.756403354030225253e-02
-3.712327561911919066e-02
-4.383950720124937112e-02
-4.748119941279923401e-02
-4.799915978092082758e-02
-4.548563630843649452e-02
-4.022852455739561739e-02
-3.269277401816917533e-02
-2.340420525263023702e-02
-1.283253572996326079e-02
-1.426890534321549131e-03
1.025377383059907117e-02
2.160752580290305203e-02
3.203334654364164286e-02
4.098767826555340527e-02
4.801286999462520133e-02
5.271257188800521770e-02
5.485076766118993086e-02
5.422659315443203315e-02
5.053118967197144790e-02
4.357975857142506321e-02
3.361938409496728619e-02
2.122839071329122793e-02
6.910406927310722147e-03
-8.872575130629218113e-03
-2.544475357158398551e-02
-4.211067856624377964e-02
-5.843919782159704562e-02
-7.416354981377155930e-02
-8.896067468442017678e-02
-1.024246187300873190e-01
-1.141144768343941712e-01
-1.235570515518853718e-01
-1.302221305516716721e-01
-1.336613357465188390e-01
-1.337015494702502860e-01
-1.303832277365447323e-01
-1.238154929534516918e-01
-1.141177433350000492e-01
-1.015334756646178588e-01
-8.638293845686857708e-02
-6.882757298399055923e-02
-4.907517757845458739e-02
-2.761110206342852133e-02
-5.098946911493429379e-03
1.778411067156554504e-02
4.039623215489931973e-02
6.197826682376762070e-02
8.175201763407714817e-02
9.916063817146773818e-02
1.139482173132161935e-01
1.260144321935177114e-01
1.350825909610526843e-01
1.408112214179198241e-01
1.430234675398176225e-01
1.416271734924292036e-01
1.366111003444107908e-01
1.281741964530657141e-01
1.168168988596223895e-01
1.031283286301038077e-01
8.764838758265543206e-02
7.094543088038920975e-02
5.355988769043422415e-02
3.599576155103698105e-02
1.870687414060075160e-02
2.163920041489684250e-03
-1.308252602330575200e-02
-2.647688218333354299e-02
-3.750470579750736499e-02
-4.578701531113025386e-02
-5.098659612158085164e-02
-5.290879103574205183e-02
-5.170232547592905348e-02
-4.762222978874808277e-02
-4.100891520785283212e-02
-3.234969932867606812e-02
-2.225288486633335630e-02
-1.137819152705805970e-02
-2.162660849991070427e-04
1.080220129844479578e-02
2.120240053363971200e-02
3.040720172160818816e-02
3.776434477553308744e-02
4.280346294915260419e-02
4.512291973552327862e-02
4.442123158132762345e-02
4.077438047602967297e-02
3.452552859899755966e-02
2.586879790827651890e-02
1.476595226281627454e-02
1.484409347192936412e-03
-1.332740413191483252e-02
-2.897153068759909106e-02
-4.491038325885313848e-02
-6.092534794730634917e-02
-7.678949721862202149e-02
-9.215382949572527294e-02
-1.066606160800886438e-01
-1.198188956383076376e-01
-1.310445829037449605e-01
-1.396849825045397842e-01
-1.452395319228015902e-01
-1.474615429186724724e-01
-1.461822290959371717e-01
-1.413801437388526316e-01
-1.331423086688510449e-01
-1.216741279895122985e-01
-1.072775427859540137e-01
-9.020928536147608534e-02
-7.079236664455183792e-02
-4.942627420331782012e-02
-2.657854827307561812e-02
-2.856206637782621877e-03
2.094295168737007884e-02
4.390419101826976978e-02
6.528690808613503427e-02
8.457256442689131681e-02
1.013841081350134316e-01
1.154584263375260239e-01
1.266253877399220462e-01
1.347852803275362277e-01
1.397324425707136275e-01
1.412255721958797505e-01
1.391923943122469476e-01
1.337230423907859178e-01
1.250290634466610928e-01
1.134415742336998684e-01
9.952714871069903713e-02
8.399001199487343694e-02
6.742353319947635981e-02
5.031572550380230407e-02
3.312592267780586908e-02
1.637000463204762654e-02
6.139532867868560716e-04
-1.355444607774878782e-02
-2.551716555444654908e-02
-3.477715999096226557e-02
-4.100812288039414055e-02
-4.403981680833363166e-02
-4.396182327706609633e-02
-4.107966172768499208e-02
-3.573017879174220091e-02
-2.824126971109849546e-02
-1.901452286204640546e-02
-8.546657881460920786e-03
2.617121829969028864e-03
1.403337041218599354e-02
2.532563242326067027e-02
3.590331003452274655e-02
4.503990635840068174e-02
5.216906644396455267e-02
5.695162832388835777e-02
5.916642799353508120e-02
5.857779537348700022e-02
5.494809696771815050e-02
4.814754571269356381e-02
3.830177473909795322e-02
2.578962805001498715e-02
1.105566310864711937e-02
-5.331057476691968174e-03
-2.260866088064094823e-02
-4.010923761483751321e-02
-5.736054101442896597e-02
-7.390356416339288748e-02
-8.932521375130371422e-02
-1.032839797399641713e-01
-1.153295189689674677e-01
-1.248962758463014466e-01
-1.315310032427535747e-01
-1.350348804348813492e-01
-1.353243100398788257e-01
-1.323155533787903904e-01
-1.260083958280870942e-01
-1.165483133935679982e-01
-1.042221626567993581e-01
-8.932974178772443152e-02
-7.209783827878384066e-02
-5.277491925506406362e-02
-3.172674950326000165e-02
-9.494245209099421920e-03
1.322488070993260885e-02
3.565619566732856210e-02
5.704857037862515884e-02
7.674693389527538490e-02
9.429105765541430373e-02
1.094479013313373050e-01
1.219455932622384720e-01
1.313688718221281138e-01
1.373649100511927790e-01
1.397666070499358204e-01
1.385465296693706994e-01
1.337204147351843675e-01
1.254821681434316327e-01
1.142891162378732312e-01
1.006827992191951376e-01
8.519177202456798548e-02
6.834849581614402259e-02
5.072918245001606374e-02
3.290607508150247135e-02
1.538916099289258307e-02
-1.330543881245866648e-03
-1.672468489294529417e-02
-3.022798677571049072e-02
-4.133571730792994642e-02
-4.963047083163445866e-02
-5.481256318283625473e-02
-5.680284843651799837e-02
-5.572856609055470284e-02
-5.186040895414615465e-02
-4.557882598255760115e-02
-3.731213303969004025e-02
-2.746471523726829941e-02
-1.651564261701982117e-02
-5.038079903412527073e-03
6.461214947004221415e-03
1.745482321197542805e-02
2.732388384953370747e-02
3.549286440884347194e-02
4.154874460180101037e-02
4.518450911978271617e-02
4.602448949473834927e-02
4.377709612920351739e-02
3.851884192761347719e-02
3.061752879795324664e-02
2.030609575638272699e-02
7.680118818889249480e-03
-6.760542259759648280e-03
-2.224181721416169585e-02
-3.820716939201142942e-02
-5.435739037500858517e-02
-7.040871609566712319e-02
-8.587440578794623691e-02
-1.002694881258419518e-01
-1.132161202157218050e-01
-1.242650942221578542e-01
-1.328232112052636082e-01
-1.383191131136481677e-01
-1.405314833612170966e-01
-1.393914850791478366e-01
-1.347611365059591393e-01
-1.266358617289944366e-01
-1.152896831759490509e-01
-1.011932121260381290e-01
-8.458927567645656287e-02
-6.560486388722841511e-02
-4.464514844294188017e-02
-2.224164008428337197e-02
1.008903568171199555e-03
2.443519075231120885e-02
4.722649926157771599e-02
6.853747192658325715e-02
8.781728502875145448e-02
1.047429368579335940e-01
1.190106963729163636e-01
1.301943315465355910e-01
1.380274058299195417e-01
1.426370483479261486e-01
1.440706744234634962e-01
1.420969124733903188e-01
1.365347413754680050e-01
1.276046566389876791e-01
1.158271096638311820e-01
1.017214914408906407e-01
8.583595974015327534e-02
6.874814530871886653e-02
5.107559714474356471e-02
3.331436527364772804e-02
1.583148510257893077e-02
-7.517706648282600646e-04
-1.566912178872080855e-02
-2.829131515031773486e-02
-3.824838829357687930e-02
-4.528034150008580783e-02
-4.911430673481237408e-02
-4.982223728912287680e-02
-4.767823222652289167e-02
-4.289485684900759543e-02
-3.576410844872354028e-02
-2.666661191139859874e-02
-1.612433571065706797e-02
-4.737851855306863050e-03
6.923173157154945655e-03
1.831895136030771767e-02
2.883761872595421230e-02
3.778334373485375125e-02
4.468543588726809485e-02
4.928404431792014068e-02
5.141993529779490674e-02
5.096555644742565422e-02
4.758102566809278150e-02
4.096352414448563295e-02
3.127296344776934328e-02
1.912686846430763574e-02
5.121394806113798576e-03
-1.037601862788952931e-02
-2.680596632050034553e-02
-4.352291352308085282e-02
-6.009945352397656065e-02
-7.618579340728086347e-02
-9.138345859275261163e-02
-1.051928090754819523e-01
-1.171194520462684324e-01
-1.266863442694215192e-01
-1.334414094748783974e-01
-1.370645940859012979e-01
-1.373291630592488322e-01
-1.341944244703794642e-01
-1.277420740862006132e-01
-1.180825393348282765e-01
-1.054667528031614787e-01
-9.022025950499494573e-02
-7.265826844499108372e-02
-5.302033300602882609e-02
-3.162897412371686034e-02
-9.033036075977066148e-03
1.411143885731860025e-02
3.701415056436826306e-02
5.891437020589508633e-02
7.918696702966553091e-02
9.728685504923385852e-02
1.127829821655114556e-01
1.252551462512666580e-01
1.344760631556417285e-01
1.404802594903690749e-01
1.432782568554656077e-01
1.426936068316131678e-01
1.384942007103439898e-01
1.308493093625692494e-01
1.202398683184595085e-01
1.071321264830958492e-01
9.203414232710938059e-02
7.548057334948429786e-02
5.804479794708559959e-02
4.026087041689919294e-02
2.264244210179708339e-02
5.735945346994314464e-03
-9.949088421065920007e-03
-2.386747635956301336e-02
-3.553674867057694808e-02
-4.446998813816441243e-02
-5.022519577780522326e-02
-5.270720745571818439e-02
-5.204839726322463278e-02
-4.850092936218063783e-02
-4.238707159064235980e-02
-3.415948750005622092e-02
-2.440168738462787645e-02
-1.358191428634050561e-02
-2.131750650891053693e-03
9.419294016428091457e-03
2.036845384301260928e-02
3.001388672776131306e-02
3.791662917098043845e-02
4.373251283424198915e-02
4.708105372742051736e-02
4.754970095915380529e-02
4.498002649448065021e-02
3.952409768078315316e-02
3.123561306242784649e-02
2.023316232430473482e-02
6.975447345504942435e-03
-7.908865126569773057e-03
-2.385581946385039245e-02
-4.036182772325294654e-02
-5.693800174597501290e-02
-7.322270218168608347e-02
-8.890659829611460840e-02
-1.036377574338136903e-01
-1.168447269872574801e-01
-1.278521641009986443e-01
-1.362367814980358083e-01
-1.416317538165478840e-01
-1.436956777093008342e-01
-1.422190135941425460e-01
-1.372168411543094879e-01
-1.289256723019017725e-01
-1.174872017529336871e-01
-1.031446947619793636e-01
-8.627033568958886178e-02
-6.721324489646292311e-02
-4.632043959269419725e-02
-2.384702030334169900e-02
-3.840118556862560299e-04
2.315121267553698486e-02
4.595935667190634982e-02
6.740300794437946441e-02
8.692238660462899003e-02
1.039329168115792762e-01
1.181387558877846078e-01
1.294447085471870096e-01
1.375489518711058012e-01
1.420942892557800208e-01
1.429150091652325871e-01
1.402287972578151465e-01
1.343152570542665569e-01
1.252490139058392848e-01
1.132072814812896677e-01
9.875874505967796591e-02
8.277637541451884906e-02
6.584570358692506953e-02
4.833064989536785261e-02
3.071883903566143686e-02
1.350118927663751869e-02
-2.797326577244099027e-03
-1.769398535803991604e-02
-3.060696553729694638e-02
-4.090261130530597339e-02
-4.818917485794801947e-02
-5.224251260619861004e-02
-5.310234662807010453e-02
-5.092792560615937159e-02
-4.593505399955891827e-02
-3.851380651534336980e-02
-2.906119404005551993e-02
-1.812948878141902240e-02
-6.431876727018981908e-03
5.370751195457646593e-03
1.675750663731445309e-02
2.723912756348394887e-02
3.619715102268818152e-02
4.316407335973253961e-02
4.789489560055207318e-02
5.019280549587747803e-02
4.982552516765113154e-02
4.652602252734349547e-02
4.021028449259674703e-02
3.096433070847029109e-02
1.905305567155689273e-02
4.959989901682904274e-03
-1.067308367497283791e-02
-2.708740863332554510e-02
-4.373838189191876780e-02
-6.023913869499785551e-02
-7.610603081710806683e-02
-9.090266441137705156e-02
-1.042850907243106640e-01
-1.158894684108385670e-01
-1.251568315116902974e-01
-1.315419225789412894e-01
-1.347740008073863849e-01
-1.346628965356781171e-01
-1.310883816642296196e-01
-1.240463996821524612e-01
-1.137512284824288844e-01
-1.006219807319224807e-01
-8.493754839638459342e-02
-6.689524336667908300e-02
-4.679442120435249597e-02
-2.509162659868921855e-02
-2.351495473920040252e-03
2.085941335119325529e-02
4.382018342542188388e-02
6.574026088893777930e-02
8.590333305234361394e-02
1.037399896632186097e-01
1.189366768817675390e-01
1.312306177324780165e-01
1.403757146586019910e-01
1.461838735486301610e-01
1.484937039298408756e-01
1.472068547214480105e-01
1.422662304827006230e-01
1.338803803529773351e-01
1.225376750077535881e-01
1.087514126018002264e-01
9.300355536658445887e-02
7.581554547566478341e-02
5.783093115419263991e-02
3.964370444956141076e-02
2.173895929986822961e-02
4.599759544495270192e-03
-1.125884834856723769e-02
-2.527386500312350792e-02
-3.699344412505922719e-02
-4.603796213186867742e-02
-5.206831639442997817e-02
-5.492371911765938503e-02
-5.463478595282216660e-02
-5.146424806136853936e-02
-4.574273901463429826e-02
-3.778022583423090025e-02
-2.801464589672271813e-02
-1.706462773785415166e-02
-5.638187085527457745e-03
5.712472036433464441e-03
1.652409501053427390e-02
2.620815690396876077e-02
3.414398594528639252e-02
3.987940219275906001e-02
4.310699069893682289e-02
4.342880399902896565e-02
4.054616186760717778e-02
3.462092524245519859e-02
2.614695096669265861e-02
1.545099956451754207e-02
2.559398382776831120e-03
-1.217464654324173015e-02
-2.791847958939755112e-02
-4.400196641530888797e-02
-6.021571596271966392e-02
-7.639140897150376031e-02
-9.199234001002976058e-02
-1.064412156831909956e-01
-1.193618293580994000e-01
-1.303724857245835145e-01
-1.389327397335726744e-01
-1.444218208725160935e-01
-1.465074534513860771e-01
-1.450855900126307163e-01
-1.400691048963139118e-01
-1.315137930208168937e-01
-1.196998135183276052e-01
-1.051177399278793584e-01
-8.808957170658580915e-02
-6.874449356456367732e-02
-4.742587991415926629e-02
-2.464094977879482604e-02
-9.955239749888018276e-04
2.283437916072234702e-02
4.606207564357068379e-02
6.781134412909133047e-02
8.747690581386294295e-02
1.047734011486651517e-01
1.194807734132071614e-01
1.312289452748997831e-01
1.397172979873431697e-01
1.449336660954851919e-01
1.467517723297872834e-01
1.448876455172374289e-01
1.392594303416798407e-01
1.301789583161235275e-01
1.182447292890437263e-01
1.040231539525751370e-01
8.806447010748921778e-02
7.096419650278977531e-02
5.334697729907417196e-02
3.577852850162070025e-02
1.866751147633398736e-02
2.532303776817004456e-03
-1.198833776217639834e-02
-2.434231377439266888e-02
-3.416029077000433400e-02
-4.123069482575845990e-02
-4.531826655472011994e-02
-4.638719723487498559e-02
-4.461735107988038657e-02
-4.012148521484083796e-02
-3.314177748589649392e-02
-2.415202482768480374e-02
-1.375487359081700028e-02
-2.575233681038730741e-03
8.817546796915615853e-03
1.986187951404001090e-02
3.000769297765350230e-02
3.867920192516629413e-02
4.536519322320738123e-02
4.974474468796000193e-02
5.164915449080004911e-02
5.093312470314692586e-02
4.723441245861117327e-02
4.022451303798281474e-02
3.014891816192036625e-02
1.772432746322097699e-02
3.554224190265751863e-03
-1.206319912186136836e-02
-2.864825032248341161e-02
-4.546069671432696746e-02
-6.198835692690000260e-02
-7.797654705230618044e-02
-9.312723692973995382e-02
-1.069790770451994472e-01
-1.190372139469645513e-01
-1.288309316395615800e-01
-1.358747035419073657e-01
-1.397444057912310966e-01
-1.401496739937947988e-01
-1.370765018112879985e-01
-1.306682212168247814e-01
-1.210324000577139014e-01
-1.083752917033095620e-01
-9.298380736999786733e-02
-7.518968079832340223e-02
-5.535372026881216906e-02
-3.387042386923099641e-02
-1.125577061134417668e-02
1.189250124189063923e-02
3.483478456295024256e-02
5.680923574643527429e-02
7.710605287093034999e-02
9.507184385995035014e-02
1.104086888799138827e-01
1.229810849950508517e-01
1.325449596266906616e-01
1.388893333610323744e-01
1.419304199355304053e-01
1.416196438564607529e-01
1.377973932089647524e-01
1.305158011407961949e-01
1.201829246031905496e-01
1.072986833850149702e-01
9.239674544783331445e-02
7.599698040803049004e-02
5.868373113561624332e-02
4.103916788741281130e-02
2.355350526697258876e-02
6.764148733719296466e-03
-8.778402962934946444e-03
-2.248410636736849350e-02
-3.379412588644507137e-02
-4.226983583904818376e-02
-4.758883185547883171e-02
-4.968233435280467597e-02
-4.870226563595474178e-02
-4.493722079142788151e-02
-3.873830227946901267e-02
-3.056615822207633254e-02
-2.103326251444741224e-02
-1.063492484663519644e-02
2.863165351294585416e-04
1.133574438383080744e-02
2.195944545226156605e-02
3.155255045591655316e-02
3.958579047981832660e-02
4.550998301390013490e-02
4.876036612466432690e-02
4.891994660591016814e-02
4.599226951602660568e-02
4.030495895808727108e-02
3.202480260367123605e-02
2.120329910180826505e-02
8.149954367416049894e-03
-6.557559231358260805e-03
-2.236457879674575919e-02
-3.874991008987196256e-02
-5.518977066776326046e-02
-7.137559555789120547e-02
-8.705443425298207971e-02
-1.018424179320285561e-01
-1.152064470473709856e-01
-1.265242923770810435e-01
-1.353055438741226357e-01
-1.411197103552489507e-01
-1.435952568446054733e-01
-1.425087632304684326e-01
-1.378317569519102725e-01
-1.297567094836916679e-01
-1.184820731656212045e-01
-1.042949722518810990e-01
-8.758414515403346867e-02
-6.868781831581466379e-02
-4.793066398830009289e-02
-2.559718747570471908e-02
-2.215698797111039387e-03
2.138037130233721300e-02
4.434159404004570787e-02
6.589476905315777566e-02
8.541846936120776890e-02
1.023799899621817555e-01
1.164734157093477995e-01
1.276402190810897730e-01
1.357441235293977422e-01
1.405838679793657009e-01
1.420016509751614309e-01
1.399707317918570670e-01
1.345200973839414671e-01
1.256890817601062638e-01
1.138065530491989552e-01
9.950916596205636178e-02
8.351027645841417602e-02
6.635204521007853629e-02
4.851343159174556496e-02
3.064269334623794666e-02
1.335327862681322079e-02
-2.847514310228557895e-03
-1.743791795160108682e-02
-2.979424304483977229e-02
-3.937500489388101599e-02
-4.598297566550689497e-02
-4.955261254923202380e-02
-5.006844716678759966e-02
-4.761292312386863901e-02
-4.243735291870923132e-02
-3.505296436256726683e-02
-2.594045306629685216e-02
-1.550345233224214095e-02
-4.218414651281364967e-03
7.343518245413595963e-03
1.854861567149014567e-02
2.882813474211344887e-02
3.762430285536894070e-02
4.450785427647401676e-02
4.930896228560224109e-02
5.189994594914230236e-02
5.193880351671402440e-02
4.885757596189704843e-02
4.241265596035938279e-02
3.294298799779258463e-02
2.089841969247497461e-02
6.574278855027865590e-03
-9.528261759717574983e-03
-2.644892487047519752e-02
-4.344518156607028725e-02
-6.025130197068991056e-02
-7.647188636081092561e-02
-9.158041149747714327e-02
-1.052357787460544147e-01
-1.172192674474690222e-01
-1.270160480175737960e-01
-1.338796144912994812e-01
-1.374335667775288816e-01
-1.376034574930659338e-01
-1.343631671291965757e-01
-1.276936956685811031e-01
-1.177594043626043752e-01
-1.050759475456093106e-01
-8.998364826446081377e-02
-7.253187442137132290e-02
-5.291321681430126433e-02
-3.162199229617822238e-02
-9.294531133674923534e-03
1.357032914664754036e-02
3.633214748629979424e-02
5.809224283865092181e-02
7.802564636379299978e-02
9.560796320828295058e-02
1.106744075033505581e-01
1.229410040521987796e-01
1.319914994250135365e-01
1.377484141735161038e-01
1.403543921527540261e-01
1.397576437112834080e-01
1.356358297420342807e-01
1.280766854244277664e-01
1.176810487392565552e-01
1.049456203421174211e-01
9.025247277581195660e-02
7.402220686617308476e-02
5.688033139057911691e-02
3.948296671206455444e-02
2.224289838671606942e-02
5.624063772311359288e-03
-9.788805626734278439e-03
-2.342239282883009505e-02
-3.483447038756671416e-02
-4.364439936759563488e-02
-4.940570400083169750e-02
-5.190697671457400464e-02
-5.123362673421744118e-02
-4.762357163101842844e-02
-4.146649352371558489e-02
-3.330325771008671443e-02
-2.369750781521759789e-02
-1.307192753793762555e-02
-1.874390239881433377e-03
9.349517943331067671e-03
1.999598910757471176e-02
2.945385761523404422e-02
3.723815510385463518e-02
4.290338692687582084e-02
4.607039085834201131e-02
4.644563152191965444e-02
4.384960657164099773e-02
3.835358741854041909e-02
3.016913689315243313e-02
1.958848440691902948e-02
6.922828620640138902e-03
-7.443041188443834388e-03
-2.289181268204380781e-02
-3.875907242883316201e-02
-5.460119773579910629e-02
-7.022806182589141910e-02
-8.538049498352791311e-02
-9.962113392140073409e-02
-1.125158114749859189e-01
-1.235952759544898111e-01
-1.323034304535298800e-01
-1.379742764918937548e-01
-1.401285809879105337e-01
-1.387232331347919845e-01
-1.338698754865447482e-01
-1.256643230611325934e-01
-1.142300607319544359e-01
-9.989155706856023276e-02
-8.305082255742761432e-02
-6.392670909869563323e-02
-4.283297485501557506e-02
-2.028899107793541434e-02
3.087470036255049455e-03
2.659195240978663374e-02
4.945349496332886174e-02
7.082838736986275807e-02
9.004581371981237869e-02
1.067463445696678753e-01
1.207271280862473040e-01
1.317546518748435036e-01
1.395607925712936126e-01
1.440626348632419451e-01
1.452368691856468219e-01
1.429425521093719842e-01
1.371021993306877906e-01
1.279152846372336172e-01
1.158806544669813560e-01
1.015638963639415721e-01
8.551995201431694671e-02
6.833720622894978725e-02
5.058246076904498317e-02
3.273504235217916669e-02
1.518474917930864171e-02
-1.500611547798022223e-03
-1.657396219526620709e-02
-2.944745739565811718e-02
-3.976615599720816074e-02
-4.723883357674422967e-02
-5.151721142998348657e-02
-5.248181102751815069e-02
-5.036725025184968230e-02
-4.548494623146991100e-02
-3.818753226925457323e-02
-2.893751763696184379e-02
-1.837903289183928646e-02
-7.172181458004118701e-03
4.249400795102902320e-03
1.544362827336940094e-02
2.576463146884816133e-02
3.450780133322862986e-02
4.123153538409476959e-02
4.578979713695013193e-02
4.799562888964515467e-02
4.751841884393159104e-02
4.393938286617655314e-02
3.706901494589846802e-02
2.727002490042075220e-02
1.514037646758549689e-02
1.118493108706987340e-03
-1.437595933744123360e-02
-3.068307167211708347e-02
-4.718278766930088935e-02
-6.351999077157445550e-02
-7.938020796732210560e-02
-9.442120946272716808e-02
-1.082310259137221203e-01
-1.202873909988099455e-01
-1.299568527553154329e-01
-1.366199530182373445e-01
-1.399499696216443823e-01
-1.398202435653445874e-01
-1.362202135299176442e-01
-1.292737653598800551e-01
-1.191965105886691467e-01
-1.063265601902384505e-01
-9.092588206873723766e-02
-7.318088574913299282e-02
-5.336339581974981067e-02
-3.183470526512162391e-02
-9.083022722036595067e-03
1.429415506543393020e-02
3.747130091246368006e-02
5.952963407986552186e-02
7.980293128591905982e-02
9.784308105201741657e-02
1.132810546837358379e-01
1.257072905123535200e-01
1.348262248491922111e-01
1.406243642398332938e-01
1.431433171686909422e-01
1.422728885095576878e-01
1.378141010704656833e-01
1.299052543303422791e-01
1.190324971560094425e-01
1.056215413919490143e-01
9.015775808689931170e-02
7.327504396032558098e-02
5.558190312334922861e-02
3.759553729552209123e-02
1.983184192915399963e-02
2.906596985555981883e-03
-1.263872571152366113e-02
-2.635096708841418861e-02
-3.771444489144480661e-02
-4.618967810878192581e-02
-5.140521853021235571e-02
-5.338675931642358069e-02
-5.236700437354421117e-02
-4.850869233628015559e-02
-4.207348906611767247e-02
-3.357345838894575107e-02
-2.357898990681513152e-02
-1.250196379888453280e-02
-7.409618593334896166e-04
1.104433452298018807e-02
2.203278154032774910e-02
3.163996595223855790e-02
3.960843091132031091e-02
4.563025330139600794e-02
4.911047915949809384e-02
4.944272643349483659e-02
4.649592869220109392e-02
4.061716372072203540e-02
3.210645252639838382e-02
2.107937969470957684e-02
7.910052599625098588e-03
-6.685799267406598682e-03
-2.207208146332271734e-02
-3.777876629023107363e-02
-5.338957928064830272e-02
-6.860659078994453541e-02
-8.325315362898970395e-02
-9.712413562734656391e-02
-1.097261849183379656e-01
-1.203980827022682054e-01
-1.286242477553877495e-01
-1.340103840782826128e-01
-1.362365094932361520e-01
-1.350426788724669036e-01
-1.303701663509489739e-01
-1.223865223074246389e-01
-1.112566320788452162e-01
-9.720951164893118501e-02
-8.053590325765523639e-02
-6.153507557311433535e-02
-4.058232185738766540e-02
-1.813337517568015811e-02
5.142867786120303153e-03
2.842544104093534113e-02
5.094097619250654435e-02
7.201692226167825950e-02
9.102606039973643037e-02
1.073983945709369170e-01
1.208899144524720332e-01
1.314851161487406717e-01
1.390325620115648031e-01
1.432835275133654551e-01
1.440934690094131942e-01
1.414632666913598069e-01
1.354256018482300206e-01
1.261352989755105125e-01
1.140304961502177361e-01
9.968291385620459133e-02
8.363893500604134557e-02
6.641973699690535693e-02
4.859035057604790819e-02
3.072117832439406199e-02
1.329547063132893552e-02
-3.191323351611105932e-03
-1.814116051626880888e-02
-3.094910297527305246e-02
-4.116299602568776472e-02
-4.848171061253362529e-02
-5.266954470626444840e-02
-5.366717165649143029e-02
-5.170380863461714049e-02
-4.717730173234594565e-02
-4.040575671082586445e-02
-3.160983375737646400e-02
-2.123826369694340951e-02
-1.001538375559951795e-02
1.449868164876959948e-03
1.278420935553723284e-02
2.347462846640569270e-02
3.271898391407834089e-02
3.988497373786009659e-02
4.477022765010233579e-02
4.727117338886905468e-02
4.707624460920697973e-02
4.380847878577210502e-02
3.743190536776420246e-02
2.821971578739899261e-02
1.639802209109301329e-02
2.234734148487983133e-03
-1.361463355197632848e-02
-3.023608033687954708e-02
-4.710161979641525054e-02
-6.399623661797944341e-02
-8.038421321880502568e-02
-9.565166445714506915e-02
-1.094314139798543833e-01
-1.213717495713201450e-01
-1.309055309051580240e-01
-1.373731776300866902e-01
-1.405138625305650812e-01
-1.403536183722478570e-01
-1.368089886344368011e-01
-1.297860461160019185e-01
-1.194393873170926657e-01
-1.062753536911150154e-01
-9.063580581147236137e-02
-7.253305910442106597e-02
-5.222939448405305995e-02
-3.034352157837295547e-02
-7.562220866614133459e-03
1.559844447444654406e-02
3.855514582743487656e-02
6.042372016787312533e-02
8.044125388708307789e-02
9.824207905375560712e-02
1.137015539715164059e-01
1.264570971783786357e-01
1.359003616679817505e-01
1.418008948940248370e-01
1.443111929861755904e-01
1.435173700127209961e-01
1.392456756172835153e-01
1.314727134001067999e-01
1.206647199866482389e-01
1.073925249198240950e-01
9.212927974643883577e-02
7.534922284729508868e-02
5.764327580860171413e-02
3.960448076398211115e-02
2.167742987877288585e-02
4.447028611597446737e-03
-1.138854756620531587e-02
-2.525606561084299539e-02
-3.676582874655294486e-02
-4.558246328309185913e-02
-5.128593958083767224e-02
-5.373154915657214759e-02
-5.304249881151240631e-02
-4.938873524612500537e-02
-4.314685777722958304e-02
-3.479490327346248385e-02
-2.478135060319696867e-02
-1.353618179909686636e-02
-1.603077766639172562e-03
1.031502482911994534e-02
2.153369238177404651e-02
3.141519449653101814e-02
3.947320546369140204e-02
4.531402403096275455e-02
4.848649380141388521e-02
4.859782604910855425e-02
4.539973448226418407e-02
3.902194732759326629e-02
3.000939958779603664e-02
1.888443220790421775e-02
5.895060357121154407e-03
-8.658971486005133389e-03
-2.410288831978875737e-02
-3.980328021134879601e-02
-5.549636730487129271e-02
-7.100878120934191184e-02
-8.602685472772828024e-02
-1.000552338841702998e-01
-1.125759373453200513e-01
-1.231305218047031719e-01
-1.312284537215657465e-01
-1.364181759621306833e-01
-1.383887666196670363e-01
-1.370079885246536233e-01
-1.322507408926814343e-01
-1.241411048182997079e-01
-1.128777839691390700e-01
-9.879222523486719254e-02
-8.214593474739402545e-02
-6.315814727724432254e-02
-4.222740872288349712e-02
-1.995152414240162347e-02
3.049525101042529791e-03
2.610739144716300517e-02
4.848859682631276313e-02
6.954660662000144988e-02
8.874893165117353488e-02
1.056744439123092211e-01
1.199773909733872074e-01
1.313080935227695922e-01
1.394054092821525037e-01
1.441771150950952318e-01
1.455517748792987676e-01
1.433738526932166746e-01
1.376187943091750632e-01
1.285410517939958863e-01
1.165751395209549124e-01
1.022734526121130832e-01
8.623420360779267269e-02
6.909249085893857945e-02
5.145062925648521968e-02
3.374795480999141090e-02
1.642242786236505075e-02
4.035972465086720278e-05
-1.474371645219389390e-02
-2.732556387009638793e-02
-3.730415835782123490e-02
-4.437374430035632977e-02
-4.831148871648107551e-02
-4.912896613446417898e-02
-4.705035754968948936e-02
-4.238576492593661843e-02
-3.547493646649395316e-02
-2.674022235574976050e-02
-1.663677805537022367e-02
-5.599669875425385655e-03
5.839440683526119814e-03
1.702207253712672771e-02
2.727968291819275401e-02
3.601502059022400337e-02
4.271217470189955095e-02
4.695544448429471440e-02
4.850198227776583715e-02
4.734232145797370728e-02
4.350123547419509212e-02
3.685564919219727620e-02
2.740063083880267189e-02
1.545801615403292507e-02
1.572362166402129380e-03
-1.365530646844846825e-02
-2.968860190857521009e-02
-4.606813161964296022e-02
-6.240797577735977125e-02
-7.835486364218188782e-02
-9.354780423143645163e-02
-1.075357258489764711e-01
-1.197300909118261814e-01
-1.295772155926192271e-01
-1.366327749323222041e-01
-1.405371080355736768e-01
-1.410216624595125035e-01
-1.379869022508030951e-01
-1.315512665875412934e-01
-1.218915765654192684e-01
-1.092493833516664375e-01
-9.390012440861733589e-02
-7.606487171885875642e-02
-5.607950636662849958e-02
-3.439087031945172596e-02
-1.153708157033951978e-02
1.178594861671555805e-02
3.478170495139310675e-02
5.667043199282273402e-02
7.682147899151890724e-02
9.473366362522422923e-02
1.100625291468002448e-01
1.225671476537363164e-01
1.319374555711195773e-01
1.379015838876408717e-01
1.403702252448550680e-01
1.394159142260724404e-01
1.350640930700819364e-01
1.272846477281728839e-01
1.163559232923978143e-01
1.029076337380418898e-01
8.761198389871791004e-02
7.095895902342992667e-02
5.337112562690032175e-02
3.541580672207152863e-02
1.773088317086928337e-02
9.042083466955020462e-04
-1.452445105097034152e-02
-2.796239479137246214e-02
-3.883213044532972391e-02
-4.675294628840014066e-02
-5.154768879493473732e-02
-5.323621295342523957e-02
-5.188566296222561769e-02
-4.758999870860751435e-02
-4.067569729683314511e-02
-3.166744934927159111e-02
-2.117844661965067113e-02
-9.774534034054219167e-03
2.021507615585065205e-03
1.363004705008312271e-02
2.453167763968981327e-02
3.428662070543474910e-02
4.246097196288813047e-02
4.854845780126618160e-02
5.206743608570975346e-02
5.276063385835083608e-02
5.044593359536892613e-02
4.498586975133640753e-02
3.644159483659278193e-02
2.510883605651941311e-02
1.150683423971075175e-02
-3.735698529827126586e-03
-1.992647546277169848e-02
-3.647710641686949251e-02
-5.301007460268963162e-02
-6.915545560020534832e-02
-8.453014795062500919e-02
-9.873384883362339159e-02
-1.113239570991823441e-01
-1.218478460098416372e-01
-1.298041380259242761e-01
-1.347850945451375959e-01
-1.365561037543592815e-01
-1.350072368791598865e-01
-1.301395102454384056e-01
-1.220604242482117852e-01
-1.110398477177732823e-01
-9.734127583051195576e-02
-8.107345991727209211e-02
-6.241391609748336844e-02
-4.179405663441000673e-02
-1.980795710550642408e-02
2.926311713519316998e-03
2.575781440473151260e-02
4.800828011459214173e-02
6.896769319463873227e-02
8.794633205266814968e-02
1.044981780749484196e-01
1.183514741062560716e-01
1.292158831758045134e-01
1.368170348568621963e-01
1.409427887431911608e-01
1.414614949914584918e-01
1.383280766360903413e-01
1.316995162185792545e-01
1.219672173746048360e-01
1.096023640493872381e-01
9.513213531469480455e-02
7.910912929378680070e-02
6.209844821286862604e-02
4.465477681496893975e-02
2.722989721252377926e-02
1.028486273592276942e-02
-5.648515150511772970e-03
-1.999100773945465884e-02
-3.216821668735252160e-02
-4.175187579480398037e-02
-4.839234838061566568e-02
-5.181499968590331379e-02
-5.198089704127386440e-02
-4.910513066898891665e-02
-4.355584585795425900e-02
-3.570435644400676151e-02
-2.599890631084246159e-02
-1.510450499426505173e-02
-3.692342902566351885e-03
7.831534043248711274e-03
1.919212330837621536e-02
2.982698751186936906e-02
3.887945970690759312e-02
4.564376189117366756e-02
4.977004126723794108e-02
5.115694374715428622e-02
4.983519311135563290e-02
4.583485074328130793e-02
3.908336443478994948e-02
2.956141748014137760e-02
1.749789241819464311e-02
3.348953732202320475e-03
-1.225198163638620275e-02
-2.867465845605412025e-02
-4.550136016771940545e-02
-6.237914589723069642e-02
-7.882341450837239416e-02
-9.430111706813243400e-02
-1.083602453396467769e-01
-1.205340773371256780e-01
-1.302254009288882908e-01
-1.368885505454568718e-01
-1.402038109139981392e-01
-1.400149915186948979e-01
-1.362333350143442867e-01
-1.288667354150414279e-01
-1.181820845685999793e-01
-1.046517783733790646e-01
-8.862479540894224739e-02
-7.024873600161311848e-02
-4.978989859880465774e-02
-2.780222400712471786e-02
-4.886385384059360737e-03
1.838250095712152740e-02
4.127547852405467205e-02
6.294441288928401268e-02
8.267890313715897666e-02
1.001229248066635297e-01
1.150916456592555315e-01
1.272816541629809284e-01
1.363146995820744833e-01
1.418582218956840613e-01
1.437421612701498541e-01
1.419965932553544918e-01
1.367368262858864592e-01
1.281377075299827972e-01
1.165454294792980933e-01
1.024583746244354943e-01
8.641020502025970051e-02
6.904286798013697934e-02
5.101235599121345388e-02
3.280224261544415626e-02
1.486569686380970721e-02
-2.220067407291249385e-03
-1.773560059988130502e-02
-3.105141158836480578e-02
-4.180381685707838108e-02
-4.968569629688136813e-02
-5.440908662034095455e-02
-5.592160299650006383e-02
-5.444416155372265587e-02
-5.018611744741137415e-02
-4.330314717711741118e-02
-3.423325282711461859e-02
-2.366059884686318171e-02
-1.220370861050238710e-02
-2.788318080227619820e-04
1.163906942107092134e-02
2.278056127976411244e-02
3.242579346985954847e-02
4.018733121086077303e-02
4.589154068904132550e-02
4.928718225288048621e-02
4.990502622703607560e-02
4.728499787182856989e-02
4.126610008769127785e-02
3.212020051260378734e-02
2.034377533837920804e-02
6.441302783907939741e-03
-8.996973476537864847e-03
-2.526823090897153609e-02
-4.172781481392778824e-02
-5.797530386644061257e-02
-7.369171554502264299e-02
-8.851011378462518564e-02
-1.021246505457885645e-01
-1.141761867038320749e-01
-1.241413302773369254e-01
-1.314396575285178004e-01
-1.356966299441772217e-01
-1.367719023929583610e-01
-1.345535462699594398e-01
-1.290089979624777783e-01
-1.202632064973441356e-01
-1.086066589603761484e-01
-9.430867942304889395e-02
-7.749328294909783865e-02
-5.842040028767864213e-02
-3.749363001603446544e-02
-1.515807593557115529e-02
7.982119314228342324e-03
3.112796125030989000e-02
5.340126960289216795e-02
7.405791707964526349e-02
9.253023520086310627e-02
1.084399985506002695e-01
1.215472007503613228e-01
1.316184367400201893e-01
1.385162483857534377e-01
1.421261944735072724e-01
1.422702294119926048e-01
1.389196245766996796e-01
1.322851266839795426e-01
1.226367603192545647e-01
1.102609828619514620e-01
9.570701836159468956e-02
7.968491657136417272e-02
6.277173140630236403e-02
4.542313431543752722e-02
2.805854980735232596e-02
1.120539238635946157e-02
-4.547550435632709623e-03
-1.865784746721653106e-02
-3.057000871172645476e-02
-3.979511434687709598e-02
-4.597597704137441205e-02
-4.899316499229849908e-02
-4.891524859953346599e-02
-4.582243157022828500e-02
-4.001858879999509178e-02
-3.206370430585357700e-02
-2.253690787415733865e-02
-1.192830474732397249e-02
-6.716541544202926780e-04
1.066839704869995339e-02
2.145796526369996710e-02
3.120783723434482348e-02
3.957272378127867779e-02
4.609563552762839522e-02
5.007442150296290834e-02
5.103166681123259829e-02
4.904867127951777900e-02
4.440241045475459836e-02
3.707386885535211146e-02
2.689082654917834131e-02
1.411213679091107009e-02
-6.129992468000856074e-04
-1.660552749771302544e-02
-3.327882849018545114e-02
-5.017304936166489676e-02
-6.687221412133548260e-02
-8.301581951788536418e-02
-9.822642161092609570e-02
-1.120353851643556414e-01
-1.239489312116880959e-01
-1.334147973427278200e-01
-1.399297049421074912e-01
-1.431131309205791180e-01
-1.427587303598409629e-01
-1.388650685001453222e-01
-1.315019736701564523e-01
-1.208969128104137175e-01
-1.074336636517480292e-01
-9.148661231893438772e-02
-7.330212235610027161e-02
-5.305711239897445419e-02
-3.116399257879800752e-02
-8.238381713936692233e-03
1.501866855439235905e-02
3.784972202697502869e-02
5.953256099293188774e-02
7.935620508504645509e-02
9.679128724315033683e-02
1.115522360539581981e-01
1.234437403963661445e-01
1.322271369283133102e-01
1.375995595090482304e-01
