3003 0.00333
8.353527866799763228e-06
8.765566152583683223e-06
9.188308693188590890e-06
9.556667924361030454e-06
9.836260227209738902e-06
1.003414495372439031e-05
1.013421835926992028e-05
1.011553309368693318e-05
1.006987732122499242e-05
1.001115073262182168e-05
9.882364887627857061e-06
9.722269848832795980e-06
9.533161881445190936e-06
9.300679119895607653e-06
9.010010938469441540e-06
8.598435788796836431e-06
8.115184750670939652e-06
7.650736510699390826e-06
7.208624755512824255e-06
6.775462161039016912e-06
6.299532493878715811e-06
5.743669867242511271e-06
5.177964328043399006e-06
4.653480887681243418e-06
4.126861166260049476e-06
3.588250631840285244e-06
3.041806457555255360e-06
2.449195214093481088e-06
1.854513824652838947e-06
1.263499930658394914e-06
6.184407443417731057e-07
-5.410535546393876383e-10
-5.869838634455157885e-07
-1.211779296557051485e-06
-1.775335773654435899e-06
-2.145077660034249642e-06
-2.248781895351307804e-06
-2.121466020267802932e-06
-1.940840346349083180e-06
-1.861994660825903527e-06
-1.881683458908285125e-06
-1.887703027528597705e-06
-1.870539567444900863e-06
-1.884912239822482310e-06
-1.913401039662310974e-06
-1.939088431798995016e-06
-1.922918009333992973e-06
-1.832195436803304629e-06
-1.650905278810053422e-06
-1.360635477655137200e-06
-1.025288015855946054e-06
-6.664007287179849156e-07
-2.626169325328370801e-07
1.294963732172235450e-07
4.417827738792692509e-07
6.380256393402300657e-07
7.816906213963270698e-07
9.264920575225043740e-07
1.037935255781311166e-06
1.191431270054694687e-06
1.466012528569012747e-06
1.786114367113469655e-06
2.061488229285153695e-06
2.316525446873676318e-06
2.679450379025677830e-06
3.200410740465660479e-06
3.785205598713834016e-06
4.358583608712936529e-06
4.947714632513909930e-06
5.557428483636802358e-06
6.083574759448778488e-06
6.470622929510938736e-06
6.743320650309423290e-06
6.892045189671182722e-06
6.962891647503591316e-06
7.092573096772527396e-06
7.301280885315004661e-06
7.426648128468136752e-06
7.404777402719222242e-06
7.372272203065479653e-06
7.376222813183870793e-06
7.302124035841855016e-06
7.096189416126145721e-06
6.829273400746213215e-06
6.593503269047687485e-06
6.449896555709715528e-06
6.387401325570756711e-06
6.320577151696936920e-06
6.219366685050127698e-06
6.141627021993131167e-06
6.153620194142596333e-06
6.294533954595967055e-06
6.544677011997266874e-06
6.848040932347368372e-06
7.139563870824626197e-06
7.331930858598434678e-06
7.400314904097109752e-06
7.409591604542829322e-06
7.368516999121379174e-06
7.277510885681330204e-06
7.239795655960628250e-06
7.277536941669338409e-06
7.329810934365701989e-06
7.434178424321523955e-06
7.614917259418373886e-06
7.810517204491265720e-06
7.988227888238045446e-06
8.146121886835341148e-06
8.282238779163613140e-06
8.431937718157415492e-06
8.618393018301681179e-06
8.824972595161026899e-06
9.095329051144261155e-06
9.459640461629565867e-06
9.842996766784252509e-06
1.016391489577572520e-05
1.037697432706634774e-05
1.054423613217836648e-05
1.081037608564545291e-05
1.118830574856013546e-05
1.155596627074800614e-05
1.180636079811952359e-05
1.194069577722835935e-05
1.204206816483488014e-05
1.217267472144388045e-05
1.235896620879705884e-05
1.253203989385075165e-05
1.257963161414295664e-05
1.254912624849261846e-05
1.251696507077953660e-05
1.244612821794715003e-05
1.234009017820590648e-05
1.221634849172709315e-05
1.201670935168142129e-05
1.172055053588780053e-05
1.134414976483624094e-05
1.084642529233834973e-05
1.020283459515712058e-05
9.474014359475667809e-06
8.745772325425433798e-06
8.038705083679965565e-06
7.237219100383816219e-06
6.219489705670641457e-06
5.003425629758609414e-06
3.615256996913903019e-06
2.051006058980995537e-06
3.467599844910481980e-07
-1.502385495378057286e-06
-3.537110910551664047e-06
-5.758092635053285621e-06
-8.075521648238922354e-06
-1.027107056446505006e-05
-1.217669480650784351e-05
-1.377140799773584556e-05
-1.499653047116633907e-05
-1.580824602263845784e-05
-1.630356920792425679e-05
-1.659370067741466060e-05
-1.677135350632154192e-05
-1.703399082480056096e-05
-1.789213000049169898e-05
-2.004273296139327571e-05
-2.368586881222929736e-05
-2.824173865659085862e-05
-3.283643996370206897e-05
-3.686489038970829128e-05
-4.001377953535598895e-05
-4.177101202187419543e-05
-4.104969682454641470e-05
-3.650908674518411412e-05
-2.769496667907718154e-05
-1.566625795450348992e-05
-1.986795228767670437e-06
1.246176870428843656e-05
2.702452784846440825e-05
4.003854470848117273e-05
4.999504241291177000e-05
5.806790640800399682e-05
6.662932106957340924e-05
7.597782249960922756e-05
8.521932045241012996e-05
9.371560804689178759e-05
9.987199787165303090e-05
1.018326498858421322e-04
1.001478745647125081e-04
9.753102031881643848e-05
9.466689554533446805e-05
8.784051767478427784e-05
7.433772100730335751e-05
5.710264761000377349e-05
4.022925108844832944e-05
2.548046994051347480e-05
1.327903323923117416e-05
6.356137071831583404e-07
-1.854698566907154807e-05
-4.693545658799908889e-05
-7.967227911275804448e-05
-1.066577005750677309e-04
-1.195558997950889996e-04
-1.175528154408141856e-04
-1.040624463843216986e-04
-8.158430460972917434e-05
-5.425543212531261887e-05
-2.824117526460709051e-05
-5.473200078227651148e-06
1.562392885506386098e-05
3.500139608748787393e-05
5.294191961721115761e-05
6.876043684474504179e-05
7.642889318854510599e-05
7.221847461580426430e-05
6.137130225514943606e-05
4.987842836667683250e-05
3.663414807419430614e-05
1.599141350812674343e-05
-1.511197622844126866e-05
-5.302655265946612745e-05
-9.173711970674009136e-05
-1.264432259158134093e-04
-1.504387514966377037e-04
-1.581562642954663801e-04
-1.499122345897053381e-04
-1.295649615925954074e-04
-1.031618738787634030e-04
-7.579283203857332951e-05
-4.762166851745867950e-05
-1.807272095291336195e-05
8.493344711041117250e-06
2.672589507206267039e-05
3.688580017846738741e-05
4.059140025184186098e-05
3.797913490562048486e-05
2.996492602536271379e-05
1.538718042273135128e-05
-5.301823958904712167e-06
-2.635818738017236683e-05
-3.966020950792187853e-05
-3.546643722319801071e-05
-1.209591567950045534e-05
1.778922631080022063e-05
3.942068317397150109e-05
4.807970583779189248e-05
4.923941045630752687e-05
4.742444072238739605e-05
4.126233375301053836e-05
2.933656865373826899e-05
1.062852437678809924e-05
-1.313201350992462836e-05
-3.798616048053650516e-05
-6.170257653679656149e-05
-7.837007859276780210e-05
-8.549880189977458343e-05
-8.920649312824079633e-05
-9.195241508685212761e-05
-9.469367192425078657e-05
-9.904277644282684021e-05
-1.013396816330248583e-04
-9.760241636074186878e-05
-8.686495521987098913e-05
-7.043650136720361419e-05
-4.966232525071194941e-05
-2.321182622339169364e-05
9.363060306538036160e-06
4.572653492827068769e-05
8.461089953416122019e-05
1.250135895322195272e-04
1.632876285594031995e-04
1.991831966857246668e-04
2.355218518359991284e-04
2.723822785230890276e-04
3.098882745302857910e-04
3.474180541955884465e-04
3.845129229781623172e-04
4.211364912082164779e-04
4.540792357129571017e-04
4.822414315574184425e-04
5.069639280517065872e-04
5.293176303188984900e-04
5.500417730112874956e-04
5.678730490797428629e-04
5.830016349901392296e-04
5.964612342088184164e-04
6.068830560593785036e-04
6.122286220400567592e-04
6.104287981993291061e-04
5.980324422910563960e-04
5.695732757244777308e-04
5.203566929458747561e-04
4.506741505086870854e-04
3.661918947309135766e-04
2.698111827279665561e-04
1.592953207556900466e-04
3.680990619920893324e-05
-9.282005853646347314e-05
-2.295334203455233349e-04
-3.783160655279692417e-04
-5.428616330156993798e-04
-7.158887552842708090e-04
-8.860626117311704540e-04
-1.047822937115473448e-03
-1.197583338314503693e-03
-1.332065898108975759e-03
-1.449092722970647673e-03
-1.550858140089894557e-03
-1.640539699420008341e-03
-1.714107366030907928e-03
-1.767659227548990918e-03
-1.798271463926599551e-03
-1.802776685791202330e-03
-1.789716483891908971e-03
-1.768042599272249280e-03
-1.730324947551409830e-03
-1.664600332142857726e-03
-1.567924093758244061e-03
-1.444245785272657481e-03
-1.297779604857781472e-03
-1.133833142100911439e-03
-9.561736030302753946e-04
-7.624078301778537551e-04
-5.560054431771005272e-04
-3.492782622320200737e-04
-1.486473105511765594e-04
5.140615680712613058e-05
2.617808484902808342e-04
4.855896448294452945e-04
7.167576111558972068e-04
9.489466746859749396e-04
1.177130930161145780e-03
1.396798824956215412e-03
1.600919236980763698e-03
1.785767562568711620e-03
1.956528216154139205e-03
2.115455616681276383e-03
2.262746760649232778e-03
2.400330021397961092e-03
2.526352565704834477e-03
2.637577165695899166e-03
2.728563576128504101e-03
2.798188499289451427e-03
2.852906057755275927e-03
2.895285498180860759e-03
2.924360717365780474e-03
2.937413449182330917e-03
2.930344873188388873e-03
2.900447299745455461e-03
2.846584075824121814e-03
2.772610346356270492e-03
2.686558301955809663e-03
2.596301572019973133e-03
2.501196675167539733e-03
2.388841302638918321e-03
2.245115593135437251e-03
2.061693356933465716e-03
1.840716628619571381e-03
1.595806066673513893e-03
1.346726329216406653e-03
1.104531107723964907e-03
8.566404678769226275e-04
5.812177550239995679e-04
2.722779565988006287e-04
-6.073873347660386243e-05
-4.063068104362511446e-04
-7.551782693307643006e-04
-1.105611250344665404e-03
-1.465928908803666676e-03
-1.840134898423339844e-03
-2.218005672537298311e-03
-2.582837698036940036e-03
-2.927828256969982560e-03
-3.258069786720350046e-03
-3.576603558191522331e-03
-3.881353209091102218e-03
-4.166592599045395966e-03
-4.431770029521803211e-03
-4.679812630890949933e-03
-4.897915174219626654e-03
-5.077955173980736384e-03
-5.231354868627606167e-03
-5.362578205388521951e-03
-5.465848694440712981e-03
-5.535461682918139774e-03
-5.571127556239812394e-03
-5.578880201457987915e-03
-5.560459287134530797e-03
-5.509151788736844392e-03
-5.409781117371801305e-03
-5.252397867362187944e-03
-5.037581769298141859e-03
-4.755807753820357614e-03
-4.399191090314298787e-03
-3.977674580407794362e-03
-3.502225747537678763e-03
-2.981469358681697671e-03
-2.424900583899435112e-03
-1.837281042048091208e-03
-1.222440391096099284e-03
-5.905061255757242718e-04
4.329081407859396516e-05
6.569637661298159377e-04
1.222483491831555637e-03
1.721749823449504830e-03
2.148564504125422339e-03
2.498390450360034928e-03
2.769693358969529604e-03
2.967807608240919260e-03
3.102804199059712963e-03
3.178084979578900491e-03
3.191057030332647166e-03
3.150514954706985001e-03
3.076233346271484408e-03
2.981977191474317543e-03
2.881349489783650332e-03
2.791736427329647753e-03
2.704894830180906880e-03
2.611660467100079559e-03
2.542636555507631676e-03
2.527098311094459412e-03
2.571356587672713780e-03
2.663336240073529721e-03
2.772052471412552333e-03
2.888515962280244556e-03
3.026553469411445881e-03
3.187066711182807641e-03
3.364302939273910390e-03
3.554391057825203020e-03
3.756932327960252858e-03
3.974900170851009516e-03
4.197705637042927450e-03
4.406052678982138454e-03
4.592833061055805535e-03
4.756257905939734534e-03
4.891478921678927942e-03
4.997764085594651184e-03
5.080956507005813388e-03
5.151249638902754592e-03
5.217668104298466523e-03
5.285618399886518604e-03
5.360696648189449895e-03
5.448590768407213410e-03
5.550575033323600256e-03
5.665680886476908568e-03
5.796457223749432695e-03
5.947086731081681170e-03
6.121006997741056457e-03
6.317512563844632396e-03
6.530559021619210779e-03
6.748777180455636619e-03
6.952467330521798668e-03
7.124899046184736233e-03
7.259426732117782444e-03
7.353053954171246374e-03
7.403390267228812140e-03
7.402048953272679158e-03
7.328821780543205711e-03
7.157510402268105719e-03
6.873889341635591559e-03
6.481716821125805585e-03
5.984258936259301102e-03
5.373441187386626683e-03
4.650177275914314963e-03
3.840594776841348753e-03
2.960466684942205523e-03
1.998462973149052555e-03
9.578827685831396927e-04
-1.441088384270551831e-04
-1.310604785585984438e-03
-2.550441753552933240e-03
-3.854990184690858506e-03
-5.203608836822100521e-03
-6.563164581430942258e-03
-7.908034725465230841e-03
-9.239955065880588528e-03
-1.054302933563933467e-02
-1.178119098832067051e-02
-1.293073790798187316e-02
-1.395621644404171705e-02
-1.482750546272483712e-02
-1.554142029447687194e-02
-1.609682688051818078e-02
-1.650251258194732756e-02
-1.678527462086100777e-02
-1.699452351970295871e-02
-1.719723044034475803e-02
-1.743875400142254339e-02
-1.773130276981283587e-02
-1.806601792558540365e-02
-1.843095343484139198e-02
-1.882600119626996749e-02
-1.924890659646249710e-02
-1.968806401537703463e-02
-2.013515515168393458e-02
-2.058593228139907194e-02
-2.101568772679581615e-02
-2.136760747022157375e-02
-2.158618937768170751e-02
-2.165221995582256378e-02
-2.157678659015532102e-02
-2.136558567915619947e-02
-2.100763625028522971e-02
-2.048876002299441015e-02
-1.979573586869392068e-02
-1.892230705230253662e-02
-1.785651986778165681e-02
-1.658936475860320336e-02
-1.514965059139961046e-02
-1.357392320015835853e-02
-1.188839422757660864e-02
-1.012703446136432525e-02
-8.316024569484129977e-03
-6.472737246217290588e-03
-4.602710584763134924e-03
-2.694894324475613240e-03
-7.379381607594957164e-04
1.277784956979743187e-03
3.352738136484282282e-03
5.491275252647699091e-03
7.719657114184849504e-03
1.006361036096781181e-02
1.253523706781024469e-02
1.513051634348576945e-02
1.783642901778700884e-02
2.063842735446996465e-02
2.350669055223681900e-02
2.639461400030291768e-02
2.924442135333020151e-02
3.201195246749407447e-02
3.469342519897748722e-02
3.729179428394543971e-02
3.977619010417857842e-02
4.209118746663633587e-02
4.417796188288139470e-02
4.598650842871319228e-02
4.749317818117711199e-02
4.869606267615580325e-02
4.958964819028819498e-02
5.016639104479526934e-02
5.042164275301305038e-02
5.034767909590626839e-02
4.994145547152403081e-02
4.920268125318167513e-02
4.811416605971102073e-02
4.666177845267660551e-02
4.487795653428041515e-02
4.282222283214558167e-02
4.055013530458172893e-02
3.812001460014543402e-02
3.559164483304474297e-02
3.301051986277284828e-02
3.039396178400568735e-02
2.775475964904709075e-02
2.509582671098918930e-02
2.236758524612585813e-02
1.949983165231899268e-02
1.642962251527625706e-02
1.311058904082509739e-02
9.530672115467589064e-03
5.684755026366715772e-03
1.582867357545668808e-03
-2.745877412858085693e-03
-7.281534286764760472e-03
-1.198767643524794799e-02
-1.680084174718378745e-02
-2.165791177851221494e-02
-2.650390601955117387e-02
-3.128015647565931395e-02
-3.593359108299988558e-02
-4.041699613629884391e-02
-4.466456297216705312e-02
-4.862881104182487785e-02
-5.228109680985659757e-02
-5.557113941250773487e-02
-5.847142284265108292e-02
-6.099101387104770289e-02
-6.315159880309473284e-02
-6.497841473622525954e-02
-6.648230897887322244e-02
-6.766871881570027392e-02
-6.853132512074006089e-02
-6.904605642097010054e-02
-6.918729395416765848e-02
-6.893380061979155482e-02
-6.828033009918541008e-02
-6.722424979251828692e-02
-6.575194166449295496e-02
-6.384434881750347679e-02
-6.147815141164585107e-02
-5.864494937097887439e-02
-5.535389294049847947e-02
-5.162092040476393140e-02
-4.747975626583333941e-02
-4.298741136294433746e-02
-3.821172605198538963e-02
-3.321011490259523358e-02
-2.802172107040083043e-02
-2.267981957935535919e-02
-1.723412233768149143e-02
-1.176323355788840702e-02
-6.338689613827373261e-03
-9.872533805340268174e-04
4.269287402258407221e-03
9.380855653709810685e-03
1.430975299756681411e-02
1.903625555858868765e-02
2.353850752204733610e-02
2.779942780478223199e-02
3.177337994372909924e-02
3.540139601247408591e-02
3.868371704007530359e-02
4.163560811022770647e-02
4.423089512946529189e-02
4.645610900781894925e-02
4.834750583022439513e-02
4.995985285303763956e-02
5.132767139381209931e-02
5.247032787308017476e-02
5.340989933477743173e-02
5.415589226512881188e-02
5.470733443241706379e-02
5.505334818208924147e-02
5.515052829696645564e-02
5.493155026076684128e-02
5.432768252895356365e-02
5.328794739718685503e-02
5.179210787826848267e-02
4.985335287956467465e-02
4.751702689126115209e-02
4.483386152767038224e-02
4.181980969624397859e-02
3.845046307688668868e-02
3.473264493973454714e-02
3.076113860299818301e-02
2.664700174550793665e-02
2.245781093726298763e-02
1.824594790214477749e-02
1.405051205045774500e-02
9.910096727510033301e-03
5.900837631040787255e-03
2.091581536216814783e-03
-1.505290480745435271e-03
-4.902097814433919835e-03
-8.098072913006229209e-03
-1.108746787340359093e-02
-1.389857091597945273e-02
-1.655210598658914817e-02
-1.901452616276981186e-02
-2.126816460571331197e-02
-2.329829361263618601e-02
-2.505626098246923825e-02
-2.652166538528787781e-02
-2.768980633252029339e-02
-2.854033316769430395e-02
-2.904299038411723918e-02
-2.916196841597840442e-02
-2.888066460031013527e-02
-2.819928797987355379e-02
-2.713090188660263052e-02
-2.568763086310044824e-02
-2.386294813357037539e-02
-2.167662198159855599e-02
-1.920884316009592932e-02
-1.655550921734859349e-02
-1.376622557092608244e-02
-1.086236758371825033e-02
-7.875001444415165655e-03
-4.840409491653721585e-03
-1.809157199706164188e-03
1.168990148517532000e-03
4.058722631966929159e-03
6.821927119991876010e-03
9.434988672714894262e-03
1.188668234130409347e-02
1.413794241181114304e-02
1.613353091581875079e-02
1.785647049167452677e-02
1.931538396243295125e-02
2.048751772225002737e-02
2.133236244957675137e-02
2.184004650134193509e-02
2.205231463696172289e-02
2.204555077085339904e-02
2.188014628527838734e-02
2.158771092149281215e-02
2.119727408685147946e-02
2.072064941299759863e-02
2.013743324719170780e-02
1.942433423696241640e-02
1.855901604358526150e-02
1.751543479723920507e-02
1.626576769525637026e-02
1.476179166530046209e-02
1.295076595289608445e-02
1.079654860035836675e-02
8.298733240580308257e-03
5.509690909665509832e-03
2.478677992083521981e-03
-7.759258023440428849e-04
-4.222902289450101640e-03
-7.791155468987486996e-03
-1.138965570412742330e-02
-1.496129007547116266e-02
-1.848005779057719164e-02
-2.192205575449419214e-02
-2.526359920558585506e-02
-2.845100388872955424e-02
-3.140768332357553316e-02
-3.408516442197370711e-02
-3.647475154871798048e-02
-3.858106988986578778e-02
-4.040705801784776757e-02
-4.198787944004114814e-02
-4.337574212567917031e-02
-4.457823366082985794e-02
-4.558155018480667536e-02
-4.636987689073558683e-02
-4.689864594334789555e-02
-4.712854729673928572e-02
-4.705180281581588381e-02
-4.665157265485053023e-02
-4.588774361717715133e-02
-4.471406089544412849e-02
-4.309202975450405343e-02
-4.102115748060307376e-02
-3.853299400810192982e-02
-3.564800131803009392e-02
-3.238102120798581895e-02
-2.877111905038551298e-02
-2.487373068750804023e-02
-2.073634469259478391e-02
-1.641302866414076286e-02
-1.196870169399066874e-02
-7.435836472550395003e-03
-2.840054694019392145e-03
1.755139764956044866e-03
6.286631446453496558e-03
1.071501023564170631e-02
1.501638271329193593e-02
1.916336634108121301e-02
2.310515727680373041e-02
2.679450806361257861e-02
3.020135747602960621e-02
3.329993225812528240e-02
3.607732741955681222e-02
3.852558867106882501e-02
4.061634037510825079e-02
4.232130215951020874e-02
4.365398852010984876e-02
4.466320213885454499e-02
4.540694064319583667e-02
4.593397852728394598e-02
4.627562897237558204e-02
4.644746481953827139e-02
4.644292332379064414e-02
4.624982490865617996e-02
4.586158677651296783e-02
4.525961285339041157e-02
4.440549121981407499e-02
4.324322379028144869e-02
4.172800293308413788e-02
3.984531334616094739e-02
3.759865889082530943e-02
3.499717947121828987e-02
3.204784200980078518e-02
2.877721130357899573e-02
2.523792954927723403e-02
2.149479970335264195e-02
1.762725440778670563e-02
1.369651643966501332e-02
9.719093584002464273e-03
5.708303167089752266e-03
1.720781898084667834e-03
-2.161977490852990454e-03
-5.871526116441409641e-03
-9.351710218208604888e-03
-1.257156103929618629e-02
-1.553222267037216928e-02
-1.824506734329977772e-02
-2.073949232206124746e-02
-2.304833887491461453e-02
-2.517936867077539415e-02
-2.713707351782614768e-02
-2.891550623301263057e-02
-3.048264707562543460e-02
-3.181106198146120556e-02
-3.287581473795881531e-02
-3.364671886763193759e-02
-3.409488329489893804e-02
-3.417509420269947834e-02
-3.384237495530093009e-02
-3.307978993492496217e-02
-3.189320932548846133e-02
-3.029603100608316626e-02
-2.829707665786825727e-02
-2.592271266773128746e-02
-2.322924202728825563e-02
-2.027738941316504021e-02
-1.712426091618945295e-02
-1.382457512741562013e-02
-1.042582717465932209e-02
-6.966846524387201693e-03
-3.475214377722283046e-03
2.618983841563722254e-05
3.493149332894944330e-03
6.855913601892723967e-03
1.007262765147868590e-02
1.314862802749830993e-02
1.607175590375351654e-02
1.878668211680552952e-02
2.124876611244139180e-02
2.345020944773552191e-02
2.538339067490656339e-02
2.701558659684626801e-02
2.831263129184408839e-02
2.925669072497534898e-02
2.984398585121655206e-02
3.010781341877739881e-02
3.012033896006251904e-02
2.994676935221999431e-02
2.962176910502762120e-02
2.915116380373672378e-02
2.852518651320468113e-02
2.773546964336919690e-02
2.677538752839538766e-02
2.563924663818478028e-02
2.430583440411012569e-02
2.273263899538220320e-02
2.087803154564993324e-02
1.870420761790300007e-02
1.618936020642788506e-02
1.334447440351315371e-02
1.020566759888926096e-02
6.821446768236717403e-03
3.242699817904786362e-03
-4.649403408134584591e-04
-4.229649449706302834e-03
-8.012951111136423776e-03
-1.180109793773066913e-02
-1.555962147394891748e-02
-1.922064018840225971e-02
-2.271624251779780918e-02
-2.599479322922054747e-02
-2.901254766627235984e-02
-3.174190892716054896e-02
-3.416537580412280090e-02
-3.627726470403636744e-02
-3.811336751466844197e-02
-3.974116965105089355e-02
-4.120961970180665040e-02
-4.252756885952554272e-02
-4.367847745383175023e-02
-4.462011371939634402e-02
-4.529632125049332797e-02
-4.567283760311933311e-02
-4.572752348937889760e-02
-4.542293324043990277e-02
-4.470760705436598037e-02
-4.353430943350353882e-02
-4.189063475118819796e-02
-3.979916577741066108e-02
-3.728467808947968920e-02
-3.436951941071778038e-02
-3.108607844086360567e-02
-2.746880803815672512e-02
-2.356241607033292274e-02
-1.946167850585638417e-02
-1.528811842886697303e-02
-1.109236502066222527e-02
-6.846183958110944358e-03
-2.536963661230306772e-03
1.787166996815996037e-03
6.043819859436855638e-03
1.016896322924570883e-02
1.413277534850370352e-02
1.789958151228510791e-02
2.142910435955599352e-02
2.469797902605914627e-02
2.769066121745931627e-02
3.040348359595491240e-02
3.282818216330310457e-02
3.493718818928447795e-02
3.670486464453534547e-02
3.810109876832070558e-02
3.910987042402267605e-02
3.977662319555266141e-02
4.018405155188420341e-02
4.039988800912480693e-02
4.045360798588357870e-02
4.034442678385441461e-02
4.006833529472285382e-02
3.962786664004482040e-02
3.901911169331024470e-02
3.820627278551644301e-02
3.713886732983855132e-02
3.578825886762362907e-02
3.412777620611450596e-02
3.212164502618514161e-02
2.975097730983644259e-02
2.703362070669173070e-02
2.401330535927727328e-02
2.072631395359185794e-02
1.720803697737652294e-02
1.352774242097924684e-02
9.783243837539278009e-03
6.048439876345848391e-03
2.349651615322495557e-03
-1.301286667335070256e-03
-4.870703834872151111e-03
-8.293869767272515209e-03
-1.151574518871224806e-02
-1.451301998173624465e-02
-1.727079523506297454e-02
-1.978463746001157472e-02
-2.206811357052309436e-02
-2.415354877152144086e-02
-2.607055736066166488e-02
-2.783050779957410570e-02
-2.944003675401574843e-02
-3.087858372859780473e-02
-3.209970205687673328e-02
-3.306313524276267152e-02
-3.373507116413280299e-02
-3.408511106964899617e-02
-3.408024238673075523e-02
-3.367897435076738777e-02
-3.284149152915782216e-02
-3.155707054283540119e-02
-2.984382545509129195e-02
-2.771978020028983969e-02
-2.519746101529686533e-02
-2.229899664101727200e-02
-1.910529948392036478e-02
-1.573607701628785410e-02
-1.225614073659624798e-02
-8.692670154325052301e-03
-5.073136376225204427e-03
-1.405749620985007530e-03
2.274067859517571108e-03
5.874527063713032293e-03
9.342253327412087041e-03
1.268236113802535293e-02
1.586911368328357622e-02
1.887459080821118559e-02
2.169098982525669017e-02
2.428540841730817204e-02
2.663261561760887561e-02
2.871216468578046896e-02
3.049837127941490422e-02
3.197775555542301668e-02
3.313881241703642289e-02
3.399483601104699715e-02
3.456357359688951719e-02
3.485614800128707808e-02
3.491438447524596728e-02
3.478208261775870419e-02
3.448562960060634619e-02
3.403152637851499657e-02
3.339718937989981373e-02
3.256273987564135136e-02
3.151798784878431098e-02
3.024259652727026917e-02
2.870977622906113746e-02
2.688166356328153608e-02
2.471354774224087530e-02
2.218973764539464502e-02
1.932378848146069569e-02
1.613552340673993918e-02
1.265259703456582743e-02
8.924010756254190796e-03
5.025001240706358785e-03
1.026083291901541900e-03
-3.014410677501134107e-03
-7.035731849447724763e-03
-1.099221810932149088e-02
-1.485525992148138512e-02
-1.860116382178954308e-02
-2.218598665435537326e-02
-2.554048315076789047e-02
-2.860579395705637254e-02
-3.134329787267240569e-02
-3.374544535231525227e-02
-3.585327765304673758e-02
-3.774866064023629786e-02
-3.950700784645368169e-02
-4.114745513438419766e-02
-4.264247031099646645e-02
-4.392619232974800947e-02
-4.492332243213589815e-02
-4.559708105740273298e-02
-4.592931949078000314e-02
-4.589759667355141487e-02
-4.546799979653602664e-02
-4.459552414703105150e-02
-4.324954588759342272e-02
-4.142646594076254685e-02
-3.915251746527086824e-02
-3.647266158706589240e-02
-3.343382823374103918e-02
-3.008032953959101363e-02
-2.645372705838704847e-02
-2.260603244592279681e-02
-1.860397356281624087e-02
-1.450847299250481760e-02
-1.035964442808264344e-02
-6.186305032530032069e-03
-2.019955717930667968e-03
2.093162365543234545e-03
6.092854842349052467e-03
9.941834771118708905e-03
1.362749212701472312e-02
1.712293129309105585e-02
2.039551574849313154e-02
2.342399840285214196e-02
2.619253927598798326e-02
2.868666761651203143e-02
3.087538974014153448e-02
3.270482012505077779e-02
3.413752065902211225e-02
3.520397194392272527e-02
3.598753142149031109e-02
3.655490796126389941e-02
3.693807121004793331e-02
3.714999184413972366e-02
3.718317756358087423e-02
3.702763770103904145e-02
3.668689838564451189e-02
3.615864265152911317e-02
3.542144890810197677e-02
3.444199460065612561e-02
3.317708361847513526e-02
3.158496758489189038e-02
2.963964654789743094e-02
2.733012568310252965e-02
2.467248070633632634e-02
2.170436140696872448e-02
1.846215610753589378e-02
1.499166195817343630e-02
1.136203985514649961e-02
7.657045055096092963e-03
3.936669334551327025e-03
2.178060627305259821e-04
-3.475023898954977559e-03
-7.075532557158531813e-03
-1.051180278084980386e-02
-1.374374075009657074e-02
-1.674028673018094354e-02
-1.945506588101141715e-02
-2.185762229543636997e-02
-2.396997279348683091e-02
-2.586740455121532001e-02
-2.761849843250212266e-02
-2.924880114916756160e-02
-3.077049515896703932e-02
-3.215787641222618565e-02
-3.333682268706315149e-02
-3.424462373511302782e-02
-3.484877999165163220e-02
-3.513051563012798556e-02
-3.506256886223971941e-02
-3.459688154618953404e-02
-3.368982076207222703e-02
-3.232453100776257193e-02
-3.050025394542295668e-02
-2.823314929477083526e-02
-2.557847060651314425e-02
-2.260449355097378030e-02
-1.936014210896472992e-02
-1.590212042149430002e-02
-1.229477131756486971e-02
-8.573222543387876496e-03
-4.759915117027985372e-03
-9.004503420933471529e-04
2.943353766458365207e-03
6.718364970840194801e-03
1.040448777024652327e-02
1.399372808992208408e-02
1.744342885026860940e-02
2.071221986805529824e-02
2.378338825435913351e-02
2.662059183944833970e-02
2.918967719978636521e-02
3.148187275036971877e-02
3.347315756955271393e-02
3.512816608878732011e-02
3.642690243396932981e-02
3.734668124003873158e-02
3.787814241955871769e-02
3.807393342243373113e-02
3.801600222867779905e-02
3.775754912055436646e-02
3.732863216083042585e-02
3.674959086562182980e-02
3.602087290762151506e-02
3.512606960869149586e-02
3.404431499675909106e-02
3.274227216938822849e-02
3.117975319001907789e-02
2.931784137732468612e-02
2.712294894541359205e-02
2.459685771498046694e-02
2.175180743031100705e-02
1.858767664113268256e-02
1.513231117950585014e-02
1.143065373649195839e-02
7.529374897937825793e-03
3.498491501571386261e-03
-5.752072398804004795e-04
-4.620318348116430641e-03
-8.604970099100116981e-03
-1.251304572960306762e-02
-1.629816003349096598e-02
-1.988293001911381822e-02
-2.321033722572706307e-02
-2.625489902408345219e-02
-2.899310762881003936e-02
-3.142581811836039907e-02
-3.358068023184108269e-02
-3.549905346021950403e-02
-3.724784123181021367e-02
-3.886554459985930993e-02
-4.032967455358218295e-02
-4.159866503364204049e-02
-4.261704200069924703e-02
-4.332618610357325678e-02
-4.370831954935763125e-02
-4.376273386796196430e-02
-4.345922596985741376e-02
-4.274883158971899688e-02
-4.158824677518423163e-02
-3.996557503817053936e-02
-3.790060901513235547e-02
-3.541921218590586562e-02
-3.255897773165159631e-02
-2.937328663142341201e-02
-2.591875531026025664e-02
-2.225314921153665956e-02
-1.844969847238763991e-02
-1.458744101214879546e-02
-1.069282872658620584e-02
-6.745103377753754181e-03
-2.758321164529799717e-03
1.197605316102602884e-03
5.052722228639123202e-03
8.766518510863494790e-03
1.230895435776304010e-02
1.566020303007409006e-02
1.880813434574823625e-02
2.173211152326340323e-02
2.441079433341174915e-02
2.681708199054512465e-02
2.891688107894484216e-02
3.069417019468120150e-02
3.214851729272339559e-02
3.328222881936872268e-02
3.411112239100554805e-02
3.466655509587759226e-02
3.498993496171579065e-02
3.512708081504980345e-02
3.510499463317962726e-02
3.492461708086937178e-02
3.456767458780017621e-02
3.400225993459710799e-02
3.320799973802089633e-02
3.217651032453384269e-02
3.088769757165622798e-02
2.930803360427339938e-02
2.740521285198605633e-02
2.517067646388878796e-02
2.262440201469012244e-02
1.979488915291156489e-02
1.669831248653677602e-02
1.335418874387293148e-02
9.820092171183212454e-03
6.169875647382103666e-03
2.463267423449702707e-03
-1.242786447893495794e-03
-4.886570529289454949e-03
-8.418723344448379026e-03
-1.181365137347664164e-02
-1.503038175742060951e-02
-1.800696566583283656e-02
-2.070329655315322065e-02
-2.309564954483565510e-02
-2.519471468922213075e-02
-2.707347516402286783e-02
-2.882372030306341176e-02
-3.049784511635452930e-02
-3.208214758960738211e-02
-3.352369932975961253e-02
-3.475678795020058914e-02
-3.571901718042792828e-02
-3.638256188213383202e-02
-3.672699761525344275e-02
-3.671263252173912611e-02
-3.629544981283635424e-02
-3.543105736698053815e-02
-3.410076885162045823e-02
-3.232267588665599378e-02
-3.013176563724684343e-02
-2.756897786630813085e-02
-2.466497398209482189e-02
-2.144721584577787346e-02
-1.795913865872421356e-02
-1.426300542272953067e-02
-1.043794248041841378e-02
-6.546666942677535454e-03
-2.618128675251522614e-03
1.305383919690625109e-03
5.155882578389982263e-03
8.896871466205260801e-03
1.251991361293422478e-02
1.599290262514059188e-02
1.928823459874233134e-02
2.239361849501964388e-02
2.527908182768134199e-02
2.792396978569454055e-02
3.030825428162473023e-02
3.239238081263372260e-02
3.414984484937191173e-02
3.556050878049307057e-02
3.661360979185143694e-02
3.733710027339038479e-02
3.778608404323496178e-02
3.801050989148860304e-02
3.804155464620243010e-02
3.789417501222044904e-02
3.756172735171728339e-02
3.703641707153611934e-02
3.631997836883899683e-02
3.540528310077330904e-02
3.428026773671174338e-02
3.291475350219604662e-02
3.126947823571026019e-02
2.932007719609614621e-02
2.704152411503124576e-02
2.441683679672139451e-02
2.145203811059571974e-02
1.818158500856750098e-02
1.465464143334860303e-02
1.091539214082012758e-02
7.031256782439046331e-03
3.088647585549907960e-03
-8.477486603133342321e-04
-4.751619941427093728e-03
-8.612552247954449389e-03
-1.238898968116653940e-02
-1.601860570457969146e-02
-1.943995271336069336e-02
-2.258848497641027450e-02
-2.542169649190589506e-02
-2.794612857994222335e-02
-3.021632135355926257e-02
-3.228835439262445206e-02
-3.419003547342269050e-02
-3.594607826875652334e-02
-3.755401740175945413e-02
-3.895482699770466684e-02
-4.009662760514844798e-02
-4.097152812908272379e-02
-4.156999603622885120e-02
-4.186135445914503789e-02
-4.179100290735505985e-02
-4.128637823529580919e-02
-4.030379557520401973e-02
-3.884278857102813065e-02
-3.693443793947056436e-02
-3.462537622360904038e-02
-3.195599818516276641e-02
-2.896599090182646122e-02
-2.568064115189916743e-02
-2.211734307388472584e-02
-1.833318433767584452e-02
-1.440725512677171714e-02
-1.039293295286761350e-02
-6.327510347023744541e-03
-2.266074050275264720e-03
1.728370461852205041e-03
5.611833708726027617e-03
9.354365122702089710e-03
1.293417024671840443e-02
1.633321137695429789e-02
1.952554353907796567e-02
2.248242765899802556e-02
2.517591109298515650e-02
2.756191154486527239e-02
2.960216525728565432e-02
3.130778773801599912e-02
3.270278903162249923e-02
3.377273463813958848e-02
3.448801774028418393e-02
3.486983088074256665e-02
3.499965132167549842e-02
3.493982465167883023e-02
3.472199434388077016e-02
3.437072044822057221e-02
3.386138008213675915e-02
3.315026931114832542e-02
3.223134026165758864e-02
3.109745295695153303e-02
2.970641112834105854e-02
2.801758232247020947e-02
2.601252700956912731e-02
2.367860373900278204e-02
2.102192256853811780e-02
1.806342270860968047e-02
1.482489818188200380e-02
1.135035187885088601e-02
7.704961961283701699e-03
3.965363466169553007e-03
2.096854328688820240e-04
-3.498911075793667298e-03
-7.118211188286766543e-03
-1.063149789756562269e-02
-1.401699055187654447e-02
-1.722007204958149462e-02
-2.017815641467310753e-02
-2.284482244375126911e-02
-2.520390193113413238e-02
-2.728764997795286862e-02
-2.917059629229694709e-02
-3.092474618647919615e-02
-3.256887007350268287e-02
-3.407730203558826526e-02
-3.541880651998510765e-02
-3.654833992034902529e-02
-3.741486551046686870e-02
-3.799619715756972355e-02
-3.828228715296430607e-02
-3.824097487344517432e-02
-3.781050977006568392e-02
-3.693826514876429740e-02
-3.561619141886014639e-02
-3.385532087551675756e-02
-3.167046971832924301e-02
-2.909185185435208057e-02
-2.616791187489352077e-02
-2.294552294665978126e-02
-1.946018085940367723e-02
-1.577991749693359591e-02
-1.200857631304588780e-02
-8.213228836162225766e-03
-4.382498915485397856e-03
-4.846008206040559678e-04
3.443826457200850188e-03
7.317778076992286287e-03
1.108249496644615577e-02
1.471380914192692638e-02
1.818039697797825538e-02
2.144468669964508592e-02
2.446991707394335219e-02
2.722853882342202853e-02
2.971288313941958942e-02
3.189893873404928137e-02
3.374339441098318793e-02
3.522975536433796406e-02
3.636818254308475662e-02
3.718564599323460895e-02
3.771062793575950811e-02
3.796541253389484200e-02
3.799037562566822540e-02
3.782268446496769160e-02
3.747181058445345908e-02
3.694446812167830746e-02
3.624918014283635970e-02
3.537494817338650982e-02
3.429427732367081733e-02
3.298184578785271631e-02
3.141300541176855754e-02
2.955160227785571733e-02
2.736185374624971675e-02
2.484083237195515784e-02
2.201294751626307195e-02
1.889963239331033523e-02
1.552646752225964565e-02
1.193578394467029874e-02
8.182257899882083851e-03
4.328436094510000262e-03
4.428882154280711124e-04
-3.417572438729040742e-03
-7.220766889690017828e-03
-1.092863419573653593e-02
-1.449184611922845617e-02
-1.785020365422358007e-02
-2.093125894914821261e-02
-2.370353792362865988e-02
-2.617807565232560182e-02
-2.839173356321424146e-02
-3.040151267746774022e-02
-3.223331466499395476e-02
-3.389846018278220435e-02
-3.541146732180470297e-02
-3.675071891372418825e-02
-3.787461027599815094e-02
-3.874526390480347721e-02
-3.932593498981980934e-02
-3.958576938876434692e-02
-3.948623612270141942e-02
-3.896922843262550645e-02
-3.799856476465306859e-02
-3.658295650848985420e-02
-3.473796393436607427e-02
-3.247730837614011545e-02
-2.983003761698737114e-02
-2.684087031740425844e-02
-2.355409761821003131e-02
-2.002045523768393454e-02
-1.631644987257828416e-02
-1.250270211105698574e-02
-8.611035873674040622e-03
-4.668850422525387504e-03
-7.021412448514600555e-04
3.228711945567210896e-03
7.042512635747135395e-03
1.070333670830815251e-02
1.420981982891841855e-02
1.754028673488388854e-02
2.065330324165891643e-02
2.351737984138310353e-02
2.611006434097558337e-02
2.841637824193932182e-02
3.042056985740024602e-02
3.210455047781710092e-02
3.345249338499467484e-02
3.443954964231479843e-02
3.506893612328204624e-02
3.538745667267251954e-02
3.545647549913268082e-02
3.533640522140556878e-02
3.504928836831910227e-02
3.458993570410788532e-02
3.396284776167465824e-02
3.316591084645256760e-02
3.218148026918993265e-02
3.098166806122532382e-02
2.953516481195835389e-02
2.781049709588842567e-02
2.577603277369144852e-02
2.341747638751109223e-02
2.074253483159432809e-02
1.776079006469274968e-02
1.449152520021548644e-02
1.098927998080152270e-02
7.313439611174104953e-03
3.507472627349590005e-03
-3.589622527410812067e-04
-4.199418967748093368e-03
-7.976258785453459177e-03
-1.169067989242912955e-02
-1.529542554374647978e-02
-1.869132193873787595e-02
-2.181403156570851237e-02
-2.464809177273106014e-02
-2.719414877278510112e-02
-2.947061906806854731e-02
-3.150273297688949148e-02
-3.331078028919704642e-02
-3.492082238804435079e-02
-3.635107971928917131e-02
-3.760177481751143802e-02
-3.866765542985716592e-02
-3.952317938368248018e-02
-4.012256654731879979e-02
-4.042454749057976249e-02
-4.039059415140162923e-02
-3.997777752444004601e-02
-3.913999794390432552e-02
-3.785197442396662226e-02
-3.612828472308938360e-02
-3.399500428408116365e-02
-3.146882454925106071e-02
-2.856879594650287013e-02
-2.533370725080996005e-02
-2.182897981624910139e-02
-1.813521742871080852e-02
-1.431416037238908943e-02
-1.039322312475316618e-02
-6.411315708660629206e-03
-2.418163685341530138e-03
1.572276007664996948e-03
5.527083851835705615e-03
9.364191837369183549e-03
1.303475290910999923e-02
1.652973484591090461e-02
1.982901261400495108e-02
2.290488984829421037e-02
2.572937425808293280e-02
2.828603313444765302e-02
3.056786391977588460e-02
3.255510703185005017e-02
3.423527939609562892e-02
3.560493726317369434e-02
3.664883094853380041e-02
3.736016225426784521e-02
3.776493888895418594e-02
3.792119561843951270e-02
3.788396822767935851e-02
3.767616276316206048e-02
3.730291068686866079e-02
3.676046168148736082e-02
3.603465576198577186e-02
3.511021987179818032e-02
3.396551988701496105e-02
3.255809460618656892e-02
3.083957846938836095e-02
2.877683836357177241e-02
2.635665074528127996e-02
2.359478342726433267e-02
2.052620284305066087e-02
1.718818740800505049e-02
1.362805793652363193e-02
9.914165003139175508e-03
6.129729263622603341e-03
2.334059717928737600e-03
-1.457346204881629446e-03
-5.225682289917615679e-03
-8.913249972164791202e-03
-1.246209732431414335e-02
-1.583432622338159373e-02
-1.896763069307055155e-02
-2.179997967921638857e-02
-2.432946740217941869e-02
-2.658629431979562044e-02
-2.860975570480593644e-02
-3.045354148116235365e-02
-3.215953230451519540e-02
-3.372995524005144991e-02
-3.512864481319560861e-02
-3.631062916720102091e-02
-3.723945458241273432e-02
-3.788518335502816248e-02
-3.821608758194806194e-02
-3.818260475428446321e-02
-3.772739396660541172e-02
-3.681122101291462584e-02
-3.542739975056153484e-02
-3.360392760356559899e-02
-3.138694929774936415e-02
-2.883293831919852418e-02
-2.598758282740277342e-02
-2.283599625162180749e-02
-1.935648722829711940e-02
-1.563354723941242502e-02
-1.179792962499841974e-02
-7.906643707418949465e-03
-3.975068450947891012e-03
-3.555101154511541465e-05
3.859389333561988756e-03
7.644291332504103351e-03
1.127741572789002673e-02
1.472761558227674364e-02
1.794153254300126163e-02
2.089905632776510591e-02
2.360960839191069208e-02
2.606037485394802067e-02
2.823856749007859490e-02
3.013066281869194313e-02
3.170763364490919445e-02
3.293560895442178976e-02
3.381012265667161093e-02
3.438363347678900089e-02
3.470517779403448771e-02
3.479823121085334064e-02
3.469262152769272273e-02
3.440711259969165409e-02
3.395195394142969114e-02
3.333297254221093825e-02
3.254289640492551844e-02
3.157476830770385157e-02
3.041926627987971005e-02
2.904260806009546780e-02
2.738951469434485267e-02
2.542847594089592267e-02
2.315709870263553405e-02
2.056618056096191915e-02
1.765178500294724631e-02
1.444765130300109009e-02
1.100513948599623516e-02
7.365295085029643918e-03
3.595708553255717692e-03
-2.209403403432330974e-04
-4.045807138301178024e-03
-7.863721388883684535e-03
-1.164406295898486911e-02
-1.531255880079878014e-02
-1.878202315779876896e-02
-2.201197493181952444e-02
-2.497150909458561649e-02
-2.762448959536194237e-02
-2.996559366161734295e-02
-3.202287601643154930e-02
-3.384307097165841632e-02
-3.546676353552719041e-02
-3.693503351612119345e-02
-3.827363268390690521e-02
-3.945014063250414788e-02
-4.040855004954250346e-02
-4.110205936554218314e-02
-4.149355632364695040e-02
-4.155739452954215069e-02
-4.124420387434375723e-02
-4.049408230976131451e-02
-3.928562771288730826e-02
-3.762340143292024208e-02
-3.552322037807462141e-02
-3.301521346672103147e-02
-3.014795995154958760e-02
-2.696497803824074793e-02
-2.348179451443183421e-02
-1.974313086961087052e-02
-1.583373172468189108e-02
-1.182365846400861703e-02
-7.761551342616879526e-03
-3.665404993146068567e-03
4.602536092522139318e-04
4.555664863069630588e-03
8.534702948160256819e-03
1.237332162432717292e-02
1.605526047431055092e-02
1.952460167906170177e-02
2.275949699184974528e-02
2.575101413045882345e-02
2.847234979267623117e-02
3.091322445550525808e-02
3.306456479198152665e-02
3.491440111553208853e-02
3.643585253719573008e-02
3.758306804706765258e-02
3.834401169885098826e-02
3.877208527034761015e-02
3.895471370558775681e-02
3.895197929840547857e-02
3.878965220311558770e-02
3.846518719403585473e-02
3.795464253621098905e-02
3.725122440020864345e-02
3.634617241063901188e-02
3.521240447003762958e-02
3.382249793346012168e-02
3.213278723876284576e-02
3.009365869299436211e-02
2.768690294240866434e-02
2.492942127563125762e-02
2.185950614105559506e-02
1.852441890429800189e-02
1.496662359502048435e-02
1.122739303704455016e-02
7.361591644687534054e-03
3.444840687086402758e-03
-4.433051309900604446e-04
-4.252687837332748064e-03
-7.955788974593211785e-03
-1.152535352828434716e-02
-1.492188339285982317e-02
-1.809802575221739276e-02
-2.102647305827646043e-02
-2.368761647123848041e-02
-2.607434866785071290e-02
-2.821857122260583092e-02
-3.016239294471645752e-02
-3.193912151611124489e-02
-3.356557784133794992e-02
-3.503617488825899046e-02
-3.632088601088297175e-02
-3.735730394426889367e-02
-3.809287126875871010e-02
-3.850602253140673198e-02
-3.857312010750375830e-02
-3.825902482085385969e-02
-3.752261752983235277e-02
-3.634213955167753946e-02
-3.472851801798891580e-02
-3.270103643100812779e-02
-3.028788573454632357e-02
-2.752687766430225724e-02
-2.445467553849706155e-02
-2.111589695223289875e-02
-1.757429708910897975e-02
-1.391250603956811077e-02
-1.018154670285515914e-02
-6.377653069090432648e-03
-2.518775810397921519e-03
1.335091885472940252e-03
5.140549523706946199e-03
8.861695025959202832e-03
1.241625468611753068e-02
1.571784196756700197e-02
1.876075278524989842e-02
2.157041597091416407e-02
2.413637614035504808e-02
2.645146026931652350e-02
2.850468731039945344e-02
3.024629255216983170e-02
3.163459205622545789e-02
3.267149929547010639e-02
3.339647014358037430e-02
3.386412696222636937e-02
3.410000702705703185e-02
3.413015068442123989e-02
3.400073938327839024e-02
3.371510453749167191e-02
3.326786223019980587e-02
3.266872611820710592e-02
3.189122305828822473e-02
3.090527368685979173e-02
2.969376249243517452e-02
2.823464589507661618e-02
2.649484300170537945e-02
2.443242868916774280e-02
2.204278363179173333e-02
1.934263260588426486e-02
1.634424147690228396e-02
1.308163940715219992e-02
9.600149638096251714e-03
5.959403223930974727e-03
2.225338373183209043e-03
-1.554899210620855603e-03
-5.332212464681649298e-03
-9.051079885523390794e-03
-1.266004773924244223e-02
-1.610913386220287277e-02
-1.934347582248336847e-02
-2.230332815908531857e-02
-2.494828654850572008e-02
-2.727616553331275312e-02
-2.932713301745205892e-02
-3.116717291221523037e-02
-3.285409116375023753e-02
-3.442970293087590367e-02
-3.591026343821057676e-02
-3.726218439537849758e-02
-3.842013178565262255e-02
-3.932488637445093888e-02
-3.992842269888421253e-02
-4.018852363343269896e-02
-4.006869427377749565e-02
-3.953045848498412673e-02
-3.853706447283400394e-02
-3.707396099084715735e-02
-3.515110233068730744e-02
-3.279588280876654521e-02
-3.005676980601612591e-02
-2.698741424289520172e-02
-2.363053834073266038e-02
-2.002918457987334228e-02
-1.623235698212988423e-02
-1.229728568198352155e-02
-8.285072884467793372e-03
-4.228159232437235689e-03
-1.247955620801362059e-04
3.992942107392481385e-03
8.022680022836781860e-03
1.187028795566806398e-02
1.550836336120165956e-02
1.893768698764625516e-02
2.214320154326830312e-02
2.509436520517251482e-02
2.777332249736888525e-02
3.017235426789200911e-02
3.227676734760648314e-02
3.407217437294296492e-02
3.553087799196887747e-02
3.662278113954818559e-02
3.736111773014226534e-02
3.779516374101515169e-02
3.798485967697773358e-02
3.798693822522213742e-02
3.782312207175070329e-02
3.748488939039609780e-02
3.697209643983458138e-02
3.628262866755378041e-02
3.539866739150123592e-02
3.430283447199920094e-02
3.296327666913725918e-02
3.133035208490565077e-02
2.936074012329005847e-02
2.702837508732587254e-02
2.433976212291825286e-02
2.132363056381489722e-02
1.801083196252138349e-02
1.444325848512878312e-02
1.067858683990411707e-02
6.797351223470619701e-03
2.885386795870526801e-03
-1.003007642719090393e-03
-4.839304731239777932e-03
-8.602742311252846441e-03
-1.225880137585754794e-02
-1.574963955249878908e-02
-1.901563758451136482e-02
-2.200746035690244809e-02
-2.470461219208279491e-02
-2.712057050511659795e-02
-2.928565112221810304e-02
-3.124471768853749609e-02
-3.304029505021113117e-02
-3.469716853646545585e-02
-3.620447722652534589e-02
-3.750670531807698271e-02
-3.855734471676110914e-02
-3.933703689979905355e-02
-3.982319016743619128e-02
-3.998778251463155908e-02
-3.978461488989430000e-02
-3.915630504549726804e-02
-3.806956066369409503e-02
-3.652130293339975187e-02
-3.454030791690920754e-02
-3.217533300889362236e-02
-2.946268172916197831e-02
-2.641448587854406185e-02
-2.304507958250550520e-02
-1.941785060073231498e-02
-1.562977049151715453e-02
-1.174576278160388912e-02
-7.792707316743060011e-03
-3.802138123588459824e-03
1.635560085709519764e-04
4.034459309860744490e-03
7.764261047614929960e-03
1.131550404147308245e-02
1.468341148392142935e-02
1.791259296195217912e-02
2.099396404809577427e-02
2.384899290351469997e-02
2.643876533837404702e-02
2.875290728930328388e-02
3.076895977059423276e-02
3.247229038403758733e-02
3.383986630069410473e-02
3.486278278664099034e-02
3.556139383518325953e-02
3.595093816482747284e-02
3.607054200547570727e-02
3.597779131332127373e-02
3.570741842004380995e-02
3.528442875109752408e-02
3.471304406102085349e-02
3.398010838321663396e-02
3.307053091711601583e-02
3.195056480191212078e-02
3.058790925091327967e-02
2.894613792558535167e-02
2.696899327778004563e-02
2.462856507038557741e-02
2.193521522300430349e-02
1.891360383220187791e-02
1.561109237784411886e-02
1.209538253089409779e-02
8.424755179056156104e-03
4.654856316545732085e-03
8.750094033075633956e-04
-2.836973562174210407e-03
-6.463429496807084756e-03
-9.996436614942151924e-03
-1.340337217877657361e-02
-1.664043856213384340e-02
-1.966526379932087218e-02
-2.243868387067999084e-02
-2.492885577688041740e-02
-2.713876506673481431e-02
-2.911109961284625777e-02
-3.091255267211815219e-02
-3.260565501529094634e-02
-3.419574430462688636e-02
-3.563260299709975626e-02
-3.685421407170766384e-02
-3.780525933724698806e-02
-3.845669229155661284e-02
-3.880407646291801627e-02
-3.882124951609058905e-02
-3.844733443665516309e-02
-3.763022793185313852e-02
-3.635827339459585250e-02
-3.465440114856973425e-02
-3.255291313162665678e-02
-3.007859147125802393e-02
-2.723778103121892585e-02
-2.404085602039713818e-02
-2.054759714132080306e-02
-1.684600914483923295e-02
-1.298880554072732833e-02
-9.015983197689238227e-03
-5.005344346178935457e-03
-1.041740535094295896e-03
2.833387198523596578e-03
6.600375555819974586e-03
1.021222283949595362e-02
1.363073835191376364e-02
1.686533620406887798e-02
1.991142877663087604e-02
2.274670862102446539e-02
2.536523217950780937e-02
2.772840321215681511e-02
2.978218231780364877e-02
3.150193357729437482e-02
3.287240043637740250e-02
3.389972868980021398e-02
3.461781493288272615e-02
3.507373944909575325e-02
3.530583948613010004e-02
3.533443209569237659e-02
3.518849824670206017e-02
3.488112484161245280e-02
3.440463223024364803e-02
3.375324875866271557e-02
3.290320963691997086e-02
3.182987358008149831e-02
3.051203252989665229e-02
2.892521999178006287e-02
2.705279618435652705e-02
2.487256248281589921e-02
2.237098150526703813e-02
1.955394481612282229e-02
1.645070225048234774e-02
1.311358478490718890e-02
9.588274608672217592e-03
5.922026380402649857e-03
2.175177996866920968e-03
-1.594767593876002818e-03
-5.343379455666852872e-03
-9.032542528796894468e-03
-1.261042358685552332e-02
-1.601698258736324043e-02
-1.919291312966745627e-02
-2.208626783865994675e-02
-2.466603318134467579e-02
-2.691852343037462111e-02
-2.886535351497327567e-02
-3.058647852344822948e-02
-3.217109992008791719e-02
-3.365962490781720939e-02
-3.505273671271027375e-02
-3.631014209816067068e-02
-3.735771149973916155e-02
-3.814116682004996955e-02
-3.863551570785743461e-02
-3.882547508288961002e-02
-3.867301402997587456e-02
-3.810509492980217877e-02
-3.707083139884952139e-02
-3.557058629697975455e-02
-3.363396867520729999e-02
-3.128798008752642357e-02
-2.855733897786258413e-02
-2.549310358019342762e-02
-2.215106221042437845e-02
-1.857843742209278753e-02
-1.484090212588433204e-02
-1.100815715219461560e-02
-7.116239630852397129e-03
-3.187990455799547766e-03
7.324834750193849652e-04
4.603598046469126702e-03
8.389543457468940507e-03
1.204625169369513346e-02
1.553955664277442174e-02
1.884789006118028562e-02
2.195284178062972824e-02
2.482656226785496384e-02
2.742978728807360031e-02
2.972283922355871758e-02
3.168278321762452165e-02
3.331255797818828690e-02
3.461434052972248848e-02
3.558979044601082165e-02
3.625094277552293187e-02
3.662578281796001478e-02
3.677689640822376371e-02
3.675524022166452853e-02
3.656932714195153256e-02
3.621282569684333708e-02
3.567380357497923482e-02
3.494923075938559387e-02
3.403635740274922605e-02
3.291150833722967378e-02
3.153794555027068791e-02
2.987281206495526198e-02
2.787890649503223586e-02
2.553150418434192367e-02
2.282579267782632038e-02
1.978798607471879412e-02
1.646272517939976684e-02
1.290170607117863653e-02
9.155559073950613608e-03
5.278503414874452862e-03
1.349346601394538301e-03
-2.549528816062684132e-03
-6.364248680024057331e-03
-1.007400310637754197e-02
-1.367075514161848401e-02
-1.711191265727528624e-02
-2.033044676182710342e-02
-2.327680794137656356e-02
-2.592421219580456904e-02
-2.828813039978369734e-02
-3.041777063268946008e-02
-3.236129993650060238e-02
-3.415035275656199548e-02
-3.577799313643410112e-02
-3.720815582193297971e-02
-3.840441618581798972e-02
-3.934018728848583807e-02
-3.999528409824769370e-02
-4.034447959501841902e-02
-4.035319566028287841e-02
-3.996693743451489034e-02
-3.912351389950211727e-02
-3.779415171935307516e-02
-3.600826117180377234e-02
-3.383273243978803663e-02
-3.130965760406102805e-02
-2.844982989475038082e-02
-2.526832181303641234e-02
-2.177995959989486793e-02
-1.802758645275166077e-02
-1.413497201834825086e-02
-1.023703649979086118e-02
-6.352484809378750909e-03
-2.441813088672370371e-03
1.464003656840089226e-03
5.302309434691896035e-03
9.025519365377467074e-03
1.259088796314830096e-02
1.599297284891359333e-02
1.923645810514565749e-02
2.228780087709545180e-02
2.511290628180116308e-02
2.768277257017218509e-02
2.995812335343565544e-02
3.192649877228280475e-02
3.359326249657492575e-02
3.495606841979304741e-02
3.600838090690708371e-02
3.674023408189670131e-02
3.717169377202959868e-02
3.735272090449796162e-02
3.732479491414622541e-02
3.711164696010121195e-02
3.671839181487634995e-02
3.614389322608280858e-02
3.537947626464323786e-02
3.441020691387172009e-02
3.322039338425243626e-02
3.177012649938326661e-02
3.000796277464112122e-02
2.790251206963377875e-02
2.544682894116718705e-02
2.265201492838801040e-02
1.955401963059563361e-02
1.619997638664646272e-02
1.261180284458042825e-02
8.830911685366054156e-03
4.939655894899678927e-03
9.998161165862291117e-04
-2.952759142415106296e-03
-6.879986601357126683e-03
-1.072598893322438893e-02
-1.442377129105198129e-02
-1.790426420829405174e-02
-2.110261878894765034e-02
-2.399835402722652958e-02
-2.661118669430758907e-02
-2.896427838518767992e-02
-3.109244307434277585e-02
-3.304983918952550392e-02
-3.486258797922112129e-02
-3.649902583347009594e-02
-3.793185510336346405e-02
-3.915329607774296200e-02
-4.013353001307148199e-02
-4.084157173728025086e-02
-4.124023221707250747e-02
-4.126131731875701952e-02
-4.083914278010494781e-02
-3.993976094856928338e-02
-3.856939573213738481e-02
-3.675888670224219945e-02
-3.452639148019434612e-02
-3.188898959074513290e-02
-2.888617830502539924e-02
-2.557062508178241031e-02
-2.200879689102446662e-02
-1.826398323210770905e-02
-1.438101231033744008e-02
-1.039967469995492499e-02
-6.357401001900709996e-03
-2.294556110559403325e-03
1.739157940920423896e-03
5.675473223140529815e-03
9.451593124717848349e-03
1.305544922452296294e-02
1.648986565418036551e-02
1.973549350322373677e-02
2.276693706088222385e-02
2.555249364188957525e-02
2.805638668729673602e-02
3.026622369125707424e-02
3.219623606770882773e-02
3.382878311252078551e-02
3.510836505289502418e-02
3.602640911267063206e-02
3.664009565270749669e-02
3.700822801149282471e-02
3.715801027172768722e-02
3.711089537077607442e-02
3.689005864953088382e-02
3.649920242499012091e-02
3.592693453509673840e-02
3.515668947427737223e-02
3.417453432990433942e-02
3.295973773135883744e-02
3.146639016046538090e-02
2.963979775155954968e-02
2.744349055377219224e-02
2.487772006214100315e-02
2.197272669780354210e-02
1.877089231463455535e-02
1.531607987099509703e-02
1.164525389987755392e-02
7.821379265725025148e-03
3.943248728902433962e-03
8.696682704382977685e-05
-3.724421213821466504e-03
-7.490310660892490931e-03
-1.117915220608359933e-02
-1.472284337820824879e-02
-1.805635473950623418e-02
-2.112464391170061628e-02
-2.388620085209306257e-02
-2.633479198916938852e-02
-2.850647214046918634e-02
-3.046148525888510081e-02
-3.224307845629514196e-02
-3.386442178176612972e-02
-3.531638394126231095e-02
-3.656835366331733644e-02
-3.759362728201504078e-02
-3.837886357576926477e-02
-3.890442480729051217e-02
-3.913064198240182728e-02
-3.899189546431922754e-02
-3.842389618140407831e-02
-3.739883780414538644e-02
-3.592551627313671225e-02
-3.402586007332263074e-02
-3.171808940402300048e-02
-2.902571481080182605e-02
-2.599042470970137561e-02
-2.267601053065983890e-02
-1.914893302432273473e-02
-1.544188444808441973e-02
-1.153653342819900562e-02
-7.432685923716348710e-03
-3.298167163476269700e-03
6.272680941485351581e-04
4.324131233919946068e-03
7.887453951739521393e-03
1.127571203398212117e-02
1.445620813053388742e-02
1.747541457354994526e-02
2.031054488884459497e-02
2.293856200138612994e-02
2.536159602299576168e-02
2.753270856329731800e-02
2.943907639458567468e-02
3.108001326506026549e-02
3.242902841350778914e-02
3.347695891130843260e-02
3.420475891693475906e-02
3.465744908458177898e-02
3.493320498925121115e-02
3.506807579175823947e-02
3.506967455539089507e-02
3.492915496848059825e-02
3.463018945004793514e-02
3.416440266016588373e-02
3.350981047957646286e-02
3.263867601791829720e-02
3.149778443374198073e-02
3.004555275024890088e-02
2.826730595784862632e-02
2.613227158127494343e-02
2.361754465559238667e-02
2.072699071433098048e-02
1.750980064726480323e-02
1.403419868476113615e-02
1.035709591130990967e-02
6.547371989403511124e-03
2.667505705280362894e-03
-1.219602152754127025e-03
-5.060398073774754341e-03
-8.824474916373168873e-03
-1.246006046224266105e-02
-1.590147569881383491e-02
-1.909478222236481171e-02
-2.201205323268403888e-02
-2.465925140876222554e-02
-2.706557041845065320e-02
-2.926323047922559442e-02
-3.128223945837625697e-02
-3.316328434434562267e-02
-3.491073148124931164e-02
-3.649138565178266375e-02
-3.787794190685276480e-02
-3.901936257713693734e-02
-3.985881924643493862e-02
-4.036475143989465275e-02
-4.049987250215117407e-02
-4.021098469683156984e-02
-3.945805230969492289e-02
-3.824485667696302105e-02
-3.659647892795236251e-02
-3.452941833528414689e-02
-3.206858539886314752e-02
-2.924442951189464360e-02
-2.606953365324909955e-02
-2.257901210423543178e-02
-1.886954668752975281e-02
-1.503771921509735113e-02
-1.113775899076630341e-02
-7.192740850235972323e-03
-3.194969144366188469e-03
8.285997024254860080e-04
4.799504498379228087e-03
8.674113498648449577e-03
1.240312052695907198e-02
1.590442429758674725e-02
1.916103911802792548e-02
2.218090720252614834e-02
2.493946706352025144e-02
2.742303450070985443e-02
2.961094542170843169e-02
3.146876056768162233e-02
3.298550584828032622e-02
3.417732449355226354e-02
3.506292503620424966e-02
3.565891051689627778e-02
3.600407886167170807e-02
3.614596349316120255e-02
3.611696827227864337e-02
3.593166355878923274e-02
3.559402828772418453e-02
3.509131897721931570e-02
3.438366948219663544e-02
3.345432283945110052e-02
3.230766575507057481e-02
3.091023789357326065e-02
2.921346644177666776e-02
2.719948366785399432e-02
2.487730226615676374e-02
2.223836704118671223e-02
1.926499968953781713e-02
1.598409523238311300e-02
1.245787834232352578e-02
8.763988302913900894e-03
4.982228872205380840e-03
1.170066802080431140e-03
-2.640737412125325825e-03
-6.419727358993523349e-03
-1.011110104147537429e-02
-1.365160509720829765e-02
-1.699218959754759603e-02
-2.009202544594358014e-02
-2.291405133101473424e-02
-2.544292017827703978e-02
-2.769922782063887964e-02
-2.971490484655358102e-02
-3.153623181899240652e-02
-3.322007370271864296e-02
-3.478916530744815411e-02
-3.623057335934447981e-02
-3.749780632441573891e-02
-3.852289505303994888e-02
-3.925579274748675768e-02
-3.965497700583328622e-02
-3.966873951735378628e-02
-3.924755646183693963e-02
-3.836200675171736602e-02
-3.701593232016777563e-02
-3.522434714288036339e-02
-3.297740342649958106e-02
-3.028532839937679924e-02
-2.724445386682527656e-02
-2.397677474435439340e-02
-2.054016232717131157e-02
-1.695575390718176770e-02
-1.326352933570374218e-02
-9.494567399763993373e-03
-5.655067272691063039e-03
-1.780723458381416272e-03
2.067732556878159548e-03
5.852194724929167709e-03
9.553335989265171121e-03
1.313673754552579197e-02
1.654846218110322606e-02
1.975882336898430666e-02
2.274305160762272668e-02
2.546290105134085130e-02
2.791553094630068108e-02
3.008484714261089668e-02
3.191894588634239249e-02
3.339003516846194425e-02
3.448731584265601197e-02
3.523539978469097250e-02
3.569918612206836317e-02
3.593538948857471355e-02
3.598700250683334323e-02
3.586582058479917401e-02
3.556023217390544278e-02
3.507423124659296565e-02
3.441300527500336381e-02
3.356572656638043273e-02
3.250342694435764956e-02
3.118464860208703879e-02
2.957075826398962437e-02
2.762983611949473492e-02
2.534114598398983995e-02
2.270739295550286072e-02
1.976135490261973424e-02
1.654544145344209738e-02
1.309929669561706728e-02
9.472240024138470563e-03
5.728183090458843080e-03
1.946058897749882539e-03
-1.806735008512863876e-03
-5.494551333692638054e-03
-9.088024106673248462e-03
-1.254644542807692095e-02
-1.582527328874222539e-02
-1.888536662254441251e-02
-2.169491976593244595e-02
-2.424541170294273323e-02
-2.655005904602303693e-02
-2.862276087785741580e-02
-3.049571503247556700e-02
-3.221198136488941793e-02
-3.378739701151872027e-02
-3.520249867375641745e-02
-3.641908275763054009e-02
-3.740308195364080296e-02
-3.811674163041266911e-02
-3.851837007453721290e-02
-3.856970576080715613e-02
-3.822102331973614708e-02
-3.742741939287307779e-02
-3.616992424973868026e-02
-3.445793713809348208e-02
-3.232344664373482113e-02
-2.979849312954593529e-02
-2.691044836773346174e-02
-2.370170120480597636e-02
-2.023495424203939491e-02
-1.656422793768272395e-02
-1.273136743109505760e-02
-8.794703528373489995e-03
-4.803975645759048056e-03
-7.851866120613692525e-04
3.208239548843251545e-03
7.094646405401875723e-03
1.081648303314453573e-02
1.434205927330728554e-02
1.764441643348406766e-02
2.071651199941105040e-02
2.357127222133774402e-02
2.619370650209554979e-02
2.854243949021422963e-02
3.060173485633378015e-02
3.236723460092447158e-02
3.383006420287777011e-02
3.498801585297334898e-02
3.582428454951518126e-02
3.633075858479446058e-02
3.653668490883701936e-02
3.649367852198415890e-02
3.625610943309404838e-02
3.585263679919938745e-02
3.529567256466572406e-02
3.458480115729044291e-02
3.370198032133801119e-02
3.263519871055080290e-02
3.136498179538292630e-02
2.986150800627088500e-02
2.807992188472167860e-02
2.596373307780868236e-02
2.349058304233838865e-02
2.066146251155060939e-02
1.750352156733081879e-02
1.407848026798043384e-02
1.044235021311952505e-02
6.650629057707681431e-03
2.758409986024953388e-03
-1.185863221490392758e-03
-5.128503166145395586e-03
-9.017296312093005251e-03
-1.279317032467178032e-02
-1.639699970446765673e-02
-1.978425564726649100e-02
-2.291623074394876294e-02
-2.576543064951316783e-02
-2.832629041235854711e-02
-3.061243908068765965e-02
-3.265568830318349436e-02
-3.451227941007518896e-02
-3.623996660914999973e-02
-3.784570037900555906e-02
-3.928072788407104693e-02
-4.049013851316150825e-02
-4.142680173564004115e-02
-4.204537452180639318e-02
-4.232062553201255961e-02
-4.222179160039207096e-02
-4.170113611042966517e-02
-4.072916765998637473e-02
-3.929084908664315368e-02
-3.738951184716864107e-02
-3.504266008036491242e-02
-3.226333266301033981e-02
-2.909848217953888566e-02
-2.565419508309136135e-02
-2.203754237262672833e-02
-1.827578544460276358e-02
-1.437338408096589665e-02
-1.041206532697302317e-02
-6.462894302615510185e-03
-2.515963045222599937e-03
1.430380556747453021e-03
5.329634127270030212e-03
9.128005504990745200e-03
1.279074835659756507e-02
1.629834223930181833e-02
1.962492785047437530e-02
2.273337644130136309e-02
2.559754992125291145e-02
2.820437318952267319e-02
3.052872450444464592e-02
3.253731892943376863e-02
3.421271117374528187e-02
3.556110617608098518e-02
3.661762796620357530e-02
3.742673273117571447e-02
3.800798746300432240e-02
3.837344137715031217e-02
3.854057806625008076e-02
3.851291211280111204e-02
3.828559811725328749e-02
3.784496592577199503e-02
3.717472894667452066e-02
3.626020585783971267e-02
3.506338457346045573e-02
3.354263048688337773e-02
3.167915965563053438e-02
2.947049174738948854e-02
2.692114753958958426e-02
2.403547280053862367e-02
2.083596419806730063e-02
1.736436166998789332e-02
1.366530500746174735e-02
9.800081349065089750e-03
5.854735202650251415e-03
1.908196852151708379e-03
-2.007727620279063305e-03
-5.883861050139986559e-03
-9.680604465220206747e-03
-1.332506931296403851e-02
-1.674373002543019448e-02
-1.989267628098236734e-02
-2.274844770305729444e-02
-2.529360627873681808e-02
-2.754142480128142154e-02
-2.955187566319091019e-02
-3.139925832475697759e-02
-3.312794292366148807e-02
-3.474440952707631702e-02
-3.621420323210203934e-02
-3.745993332179421015e-02
-3.841082201256085932e-02
-3.904124535261472434e-02
-3.933355721385465437e-02
-3.924529446287376017e-02
-3.872679327932894433e-02
-3.774544674704675279e-02
-3.630001250895107529e-02
-3.440499708050225036e-02
-3.207594831947523095e-02
-2.934777652810871551e-02
-2.627769688037920673e-02
-2.293656412210855200e-02
-1.938081831915206346e-02
-1.564101332755564455e-02
-1.176994258390115858e-02
-7.838475303205708067e-03
-3.894721121613806125e-03
2.766250293310158827e-05
3.885389994241041870e-03
7.623037983358862263e-03
1.120750046354287641e-02
1.463104769127561086e-02
1.787581817017391134e-02
2.091301661441559781e-02
2.371699584195309518e-02
2.627240948776118218e-02
2.856001708799837946e-02
3.054424182907055155e-02
3.219578745711085266e-02
3.350536183258598366e-02
3.448255802642940376e-02
3.514216339912019232e-02
3.550445667479841527e-02
3.562818522165100976e-02
3.557713397071207706e-02
3.536994315362070040e-02
3.501097807080912061e-02
3.449997988854858894e-02
3.382221379731816663e-02
3.296005484398014523e-02
3.187534457401414861e-02
3.051717458306768549e-02
2.884920219629085597e-02
2.683893488221844939e-02
2.445964010077483416e-02
2.171792875090352778e-02
1.865685257820860060e-02
1.531892004781540764e-02
1.173582636383683694e-02
7.959886383328283396e-03
4.066517359804254494e-03
1.410600742881951510e-04
-3.735963296768898649e-03
-7.517233876433587064e-03
-1.118598690201826756e-02
-1.471773734522283106e-02
-1.806540414863359867e-02
-2.118483562726904482e-02
-2.405138203299409666e-02
-2.665807435942856365e-02
-2.901781658997257610e-02
-3.115611864534623826e-02
-3.310061016995909794e-02
-3.487796538856523937e-02
-3.649883389365777414e-02
-3.794403274776408930e-02
-3.917476686694719434e-02
-4.014221512434437006e-02
-4.079888589532054688e-02
-4.111784131041298918e-02
-4.107742470523036149e-02
-4.063684788190834174e-02
-3.975286120007882201e-02
-3.840571077463455357e-02
-3.659959359285340497e-02
-3.435679471151870112e-02
-3.171604932526335408e-02
-2.872304964900017007e-02
-2.543245856244785719e-02
-2.191234903066814621e-02
-1.822655720214605424e-02
-1.442153197029410333e-02
-1.052623363902862111e-02
-6.563017127779475351e-03
-2.568861343554172498e-03
1.398782856028104628e-03
5.279585513621043100e-03
9.027648617999836297e-03
1.262300245937214224e-02
1.606810926923562741e-02
1.934375788639787486e-02
2.240420639837436070e-02
2.522502736098182832e-02
2.778529477773182196e-02
3.004628930116886101e-02
3.197785869830927635e-02
3.355842905098582740e-02
3.478914166866961533e-02
3.570417363981814168e-02
3.633131993971282225e-02
3.669155048860979484e-02
3.682302770318345714e-02
3.675934366162626754e-02
3.651671324429925369e-02
3.610599508030356425e-02
3.552877352817793155e-02
3.476964122351906827e-02
3.380104518371105510e-02
3.258809850343986209e-02
3.108836071669631579e-02
2.927002805813955916e-02
2.712610962155633312e-02
2.466018644071591923e-02
2.188486864073693403e-02
1.882227561144752398e-02
1.549596193275867492e-02
1.194584102524518313e-02
8.245989492565672721e-03
4.481917422567614773e-03
7.048860386688813023e-04
-3.061946334744719642e-03
-6.781300193065116499e-03
-1.039630074834231935e-02
-1.385676999243279361e-02
-1.712156918196547362e-02
-2.014009021756652321e-02
-2.287125304902789050e-02
-2.529179052477633499e-02
-2.740279995784041314e-02
-2.926488806388418198e-02
-3.096228483265142314e-02
-3.255114790314415224e-02
-3.403115544914104423e-02
-3.533927098926995664e-02
-3.641994692088632024e-02
-3.724319538740573921e-02
-3.778036878407184385e-02
-3.801154180259865706e-02
-3.789450203777793014e-02
-3.736693069078450558e-02
-3.638646112036619806e-02
-3.494227936378798555e-02
-3.306090318323670618e-02
-3.078139564926808333e-02
-2.813200819174057829e-02
-2.515154046258083129e-02
-2.189672409306052392e-02
-1.842463430095457946e-02
-1.479760388201737352e-02
-1.107858970772236662e-02
-7.277640459410565296e-03
-3.365783754406758647e-03
6.084998757209577475e-04
4.519395744126603921e-03
8.290336237549775569e-03
1.190465897210550399e-02
1.534418512939948742e-02
1.858634471411597933e-02
2.160555672197870397e-02
2.438532424131920756e-02
2.691371116843512337e-02
2.915831336415139821e-02
3.110310569784329252e-02
3.275130814823586090e-02
3.408020339019923045e-02
3.505812858844423174e-02
3.567962359617419393e-02
3.598682811495509254e-02
3.605409342410305362e-02
3.593471203153657950e-02
3.565078779914647444e-02
3.520629394763606645e-02
3.459666373796203148e-02
3.381894965763687644e-02
3.286130167642942190e-02
3.170040238995990023e-02
3.030306526846761328e-02
2.862220130337921400e-02
2.661307952843844707e-02
2.425414237202310266e-02
2.155087721585411190e-02
1.852599211921886549e-02
1.521101274064967125e-02
1.165383822836576003e-02
7.925124477876736850e-03
4.095042189977914603e-03
2.324103765748669441e-04
-3.573840459931766286e-03
-7.271522639361382295e-03
-1.087792262273830010e-02
-1.439590508548078095e-02
-1.777428299276151771e-02
-2.094324535897578929e-02
-2.382723897040315425e-02
-2.637150029774647589e-02
-2.859379265052235455e-02
-3.056599073079505416e-02
-3.235326866914711025e-02
-3.400037000226344142e-02
-3.551844867397351696e-02
-3.687293748429800594e-02
-3.801732904390937862e-02
-3.891798179886264003e-02
-3.955665737150520361e-02
-3.992588229276158168e-02
-3.999743227417093538e-02
-3.970778623307996691e-02
-3.899149081568440561e-02
-3.781212384379586261e-02
-3.617154474104436468e-02
-3.410186671680515841e-02
-3.164781946651133021e-02
-2.884647612732220770e-02
-2.570523994573278501e-02
-2.224514980150822663e-02
-1.855596555908091416e-02
-1.473096246461949588e-02
-1.080109547498655544e-02
-6.778221752152811461e-03
-2.708677537504913455e-03
1.320879811808031235e-03
5.234142685176829991e-03
9.007263758962781239e-03
1.261269576781359758e-02
1.601015088189904068e-02
1.919248379196546173e-02
2.213250944094017833e-02
2.480182707490468513e-02
2.720419298826955504e-02
2.931134181033811029e-02
3.111470545703098195e-02
3.262111000715105930e-02
3.381206433647455933e-02
3.471407024696011867e-02
3.533537664645634846e-02
3.566530028049821194e-02
3.575674710506310944e-02
3.566237330423825680e-02
3.541832768099419798e-02
3.504319046450481145e-02
3.452390577813305161e-02
3.384718162555626353e-02
3.299188446020841214e-02
3.192347670677656013e-02
3.059031942007281110e-02
2.894815451447272855e-02
2.698468356651452515e-02
2.469516726202624496e-02
2.207956750856760950e-02
1.914979086122977139e-02
1.594176134707389961e-02
1.250290881321666422e-02
8.880720030423045960e-03
5.134690573445004069e-03
1.323007033659039707e-03
-2.487008916256998412e-03
-6.233110220398033197e-03
-9.872771975578229983e-03
-1.334972072545220594e-02
-1.660866339161801153e-02
-1.962220609258064075e-02
-2.238056818926383723e-02
-2.487508569207773704e-02
-2.712342804601302129e-02
-2.917804151391630019e-02
-3.108588038791434277e-02
-3.288305426139297161e-02
-3.456454189193230303e-02
-3.608022377905861083e-02
-3.738337229117454086e-02
-3.842248271251345881e-02
-3.915690998955036195e-02
-3.956843362122314939e-02
-3.961680542895148344e-02
-3.923715512416631884e-02
-3.838186524533677285e-02
-3.705387095349452209e-02
-3.528883344242941811e-02
-3.310468252275393375e-02
-3.049966301134454313e-02
-2.751385053138114684e-02
-2.423902794923440962e-02
-2.074046223355840990e-02
-1.705689043667869137e-02
-1.327718683728277942e-02
-9.491347190338936257e-03
-5.697898736053821911e-03
-1.855679702634453710e-03
2.037717887776448796e-03
5.910254103315783214e-03
9.653192425651402689e-03
1.324623979912523640e-02
1.671074269222098604e-02
2.000379836902360306e-02
2.307630800405468044e-02
2.589875630462027539e-02
2.845939601332540814e-02
3.075123222315267676e-02
3.272976518594173517e-02
3.435427178691304040e-02
3.561448294029312400e-02
3.652863493140377088e-02
3.714221873869370805e-02
3.749375426956561008e-02
3.761569812074797015e-02
3.753071787872699905e-02
3.724226151301348459e-02
3.675505874683787644e-02
3.607456283347072051e-02
3.519475096209769005e-02
3.409295714371867597e-02
3.274464890911522874e-02
3.112877219448268243e-02
2.921493146967936438e-02
2.697060266805308484e-02
2.437626238247327451e-02
2.145019903280108442e-02
1.823559934803588994e-02
1.477106724601541694e-02
1.110276392317000906e-02
7.285821091224319382e-03
3.394134785034854003e-03
-4.963851496412195665e-04
-4.350505094970929729e-03
-8.149846280583367825e-03
-1.185245577686942775e-02
-1.538382523902871550e-02
-1.867900942414189164e-02
-2.170258024914211228e-02
-2.441640007787231753e-02
-2.681306879951851282e-02
-2.894044485852986098e-02
-3.085510777922412240e-02
-3.259318378337363459e-02
-3.418321874648615893e-02
-3.563798779677006257e-02
-3.691948569222488347e-02
-3.797408190542667095e-02
-3.876799954181305713e-02
-3.927385933976719479e-02
-3.946635821621592710e-02
-3.929541238988100427e-02
-3.869375427008583945e-02
-3.763213704546337218e-02
-3.613563504096153900e-02
-3.424791771934693196e-02
-3.198046612391176186e-02
-2.930797198785628846e-02
-2.622381975032490528e-02
-2.279286548903405527e-02
-1.911642173734988404e-02
-1.528170435946140694e-02
-1.138009990256170188e-02
-7.475888044518105326e-03
-3.567621209022062232e-03
3.324660091337098048e-04
4.156902672154593782e-03
7.851532676482595244e-03
1.139473187057994837e-02
1.477677643057860417e-02
1.798669126448883618e-02
2.098391146976596663e-02
2.373682678029504292e-02
2.624097672201478396e-02
2.846881937980562036e-02
3.039553135850242907e-02
3.201824791091213013e-02
3.331407774332981880e-02
3.423625645912325294e-02
3.477345022662316903e-02
3.500287226844181476e-02
3.502255048297988477e-02
3.487199042582684455e-02
3.456535311458616005e-02
3.411221803459710961e-02
3.350328255277614659e-02
3.273261335513170944e-02
3.179488418886466244e-02
3.064917817053102594e-02
2.923860803128274649e-02
2.753109529225090252e-02
2.550836708983198614e-02
2.314572266204768108e-02
2.043730528154221945e-02
1.742026087112062346e-02
1.414080137648073346e-02
1.063785404788679390e-02
6.965436726912917209e-03
3.188654500740412644e-03
-6.207038045147359817e-04
-4.388794190819667040e-03
-8.067749636864273918e-03
-1.164607685228942306e-02
-1.510043064077238630e-02
-1.835666381964711283e-02
-2.134320239206003930e-02
-2.403749992662766038e-02
-2.644919579299064363e-02
-2.860485790640851511e-02
-3.054547684248574979e-02
-3.232218474467556807e-02
-3.395949272814904885e-02
-3.543319822694508681e-02
-3.671548846250059089e-02
-3.779384790289702645e-02
-3.863690649815092887e-02
-3.919960675368795722e-02
-3.944786792997973662e-02
-3.933807784412630959e-02
-3.881920276829244065e-02
-3.786138410318437564e-02
-3.645677329135291883e-02
-3.462152876974462085e-02
-3.238114247730990158e-02
-2.975703074744037377e-02
-2.677295454938676336e-02
-2.345935237512445856e-02
-1.987588112034452403e-02
-1.610036422473875087e-02
-1.220109702049245251e-02
-8.233620515535057874e-03
-4.226360472003278662e-03
-1.922619618126029993e-04
3.839253875235453927e-03
7.800563252401341088e-03
1.160815174384085581e-02
1.522794648808365250e-02
1.866367790621121028e-02
2.189795061407704205e-02
2.489668940230286773e-02
2.763434026932150983e-02
3.008842789748907010e-02
3.223477769105869556e-02
3.405569481453100955e-02
3.554092123681742987e-02
3.670059988470911888e-02
3.756112629269466041e-02
3.813117293966579446e-02
3.841428527127355858e-02
3.844459172487436210e-02
3.826988044995632832e-02
3.791324337593664912e-02
3.738140623731651263e-02
3.667914160433981968e-02
3.579304269686100354e-02
3.469955594114541159e-02
3.337160610325447252e-02
3.177247007809839291e-02
2.986706946917206534e-02
2.762716210003719752e-02
2.504238632944803464e-02
2.213019647806123077e-02
1.893041207808632623e-02
1.548534107351732213e-02
1.183054547140958979e-02
8.023539400046309986e-03
4.131301693345948781e-03
1.969935964694605635e-04
-3.746461946166614217e-03
-7.658239287471748508e-03
-1.147417575162572312e-02
-1.512106126158949820e-02
-1.853679600608887368e-02
-2.166980615698151438e-02
-2.450993019205950293e-02
-2.708752133138631751e-02
-2.942233836512107500e-02
-3.150821922137201497e-02
-3.335925864061353024e-02
-3.502830165467883672e-02
-3.653383711778386556e-02
-3.784857608913544391e-02
-3.895198490396995644e-02
-3.981347644694567534e-02
-4.039045567261186076e-02
-4.064047723053070688e-02
-4.050835561876531266e-02
-3.995315418284372394e-02
-3.895714871267733775e-02
-3.751145529208062962e-02
-3.563346267990434579e-02
-3.335631247708957525e-02
-3.069955656031866237e-02
-2.768284773206626179e-02
-2.436316908302814388e-02
-2.083213957017709603e-02
-1.715636816465344189e-02
-1.336264242385023192e-02
-9.477080362761621662e-03
-5.535627198956084676e-03
-1.593735853638224113e-03
2.278322264638272393e-03
6.028794195964827345e-03
9.628333232760162910e-03
1.305438856304730853e-02
1.629184715487250537e-02
1.933361984732090769e-02
2.215430725780776974e-02
2.471576902884287108e-02
2.700621709713934768e-02
2.903104583730230920e-02
3.078459986269046697e-02
3.223400880560144816e-02
3.334234731318422296e-02
3.413000766654417095e-02
3.466196373938166403e-02
3.498059279246775594e-02
3.510265649081673045e-02
3.504585721607352683e-02
3.481604289269182168e-02
3.440827398408875804e-02
3.382165990831140223e-02
3.304362218145143887e-02
3.204874380945452184e-02
3.080234775994362614e-02
2.926571795640425799e-02
2.741580270645859255e-02
2.523249258270153852e-02
2.270294000188859476e-02
1.984717821116614364e-02
1.670160195623935848e-02
1.330825142539697817e-02
9.721357715130584873e-03
6.004893102245803700e-03
2.231072658057753431e-03
-1.536108160641240982e-03
-5.257379354154537686e-03
-8.912326357928965909e-03
-1.247624569913084215e-02
-1.589510575606176146e-02
