3003 0.00333
1.546784793958225169e-03
-4.823535487207175534e-04
-1.884741924336751128e-04
-1.140413274451127683e-03
-7.947260049640486428e-04
-2.745837775178108873e-04
-2.252702309239109236e-03
4.131426997604935509e-04
4.346910780759522409e-04
-1.763148600437492884e-03
5.154745498840913095e-04
-4.190631137040263469e-04
-7.441755373278739500e-04
3.124903700698601844e-04
-2.020326872743212574e-03
-7.176768223107202671e-04
8.201041670921188891e-04
-2.311384757503111981e-04
4.635021368291939391e-04
-3.667984247885154462e-04
-1.302482729614271115e-03
3.256881928807414108e-05
8.754137898934319286e-04
-2.676288076612854056e-04
-4.187088365361794147e-04
6.641352644022378935e-04
-1.197610524462380420e-03
3.348791291867610643e-05
1.054513873320259620e-03
-2.007659092430184779e-03
9.735182469841129971e-04
1.019507792357558264e-03
-1.816050759081613147e-03
1.202338911913099131e-03
1.663175426569534930e-03
2.598018569590271765e-03
2.923192041344115002e-03
5.038063604929670958e-05
-1.063711897817483073e-03
-1.665483597108845379e-03
7.714919885175695749e-04
6.251274726765361023e-04
-1.169289524573330309e-03
5.538442568040514991e-04
-4.574596173683251484e-04
4.640848470699721322e-04
1.068433261649452898e-03
1.403872836072653403e-04
1.981030435318323433e-03
-9.518467448677616618e-05
-1.331215861949855254e-04
1.227004936902457597e-03
-6.700098679908839767e-04
-3.161179155690925827e-04
-1.633049665957665014e-03
-6.847908577209994851e-04
1.069303046871281559e-03
-1.412026964750585662e-03
5.281433761558037860e-04
1.902053899539005036e-03
1.201443649532134766e-04
-4.685166502069341228e-04
-8.277924109093762325e-04
1.376307748586803881e-03
2.042289357326245933e-03
3.501951839451957491e-04
-3.954372459155126190e-04
2.087320726788327802e-05
9.329410020809432305e-04
-1.129909163448892997e-03
-1.745965298997955231e-03
-4.929022500311908790e-04
-1.472982262280040202e-03
-1.119720389286049840e-03
8.487873843914195632e-04
1.585552525457672004e-03
-1.114034477596433396e-03
-2.421978133036905689e-03
5.439398393236144187e-04
9.430608470997317366e-04
-1.089553977372109510e-03
-1.633887596798802317e-03
-4.903739517447975585e-04
3.723036968399637053e-04
8.910241364560509119e-04
1.234566270858774521e-03
-3.776264093768008428e-04
-6.384919705087945679e-04
3.902004914904733720e-04
7.211300959096117978e-04
1.467083185855891326e-03
1.085210569391615969e-03
3.789391126886289480e-04
1.138823813939694035e-04
-1.042105688575985060e-03
-1.675709920565969860e-03
-1.654205475420819854e-04
-1.668705367102875207e-04
-1.352293782137475517e-03
1.035438980649958009e-03
1.240961713419815038e-03
-7.427695586080299527e-04
7.789559747302875984e-04
1.100374700637510132e-03
-1.714735502727313555e-04
-2.109734041712075299e-04
-6.438124095163426115e-05
-3.889385377495296610e-04
4.149773296078520472e-05
8.053651474022677443e-04
-3.006689712861861661e-04
5.359575923054177033e-04
1.573877620370817219e-03
-2.289184604882172659e-04
-4.157455922501547595e-04
-1.235489073548573036e-03
-1.079321732370781915e-03
1.710119363711784177e-03
1.294906919891459845e-03
-1.893414719961175260e-04
-1.293828007341956375e-03
-1.534961378406972691e-03
9.615384662665764099e-05
1.305943932230213544e-04
7.176197581227493263e-04
4.817428935948356154e-04
-2.167134081474954635e-03
-7.615409926434622227e-04
8.185274532401886445e-04
-9.363993692841472921e-04
-3.678623899550278456e-04
3.777500197550766369e-04
-1.038614061037260953e-03
-1.091328373655711323e-03
-3.278302942213861702e-04
-1.203568110036850203e-03
-1.726197276759303470e-03
-7.076481737132499054e-04
7.539363371674204749e-06
7.138303560121266132e-04
-6.565870295772656927e-04
-2.872504468166082840e-03
-1.549836982206116102e-03
-1.320737030160400432e-03
-2.137103014335127275e-03
-8.797357907290886308e-04
-1.251151913426706060e-03
-1.946020546397523926e-03
-1.680720852793490035e-03
-1.541322388806558481e-03
1.216926254644402905e-03
3.589092752246097768e-03
2.265636661666187678e-03
3.312067204963635176e-03
4.700357716864177887e-03
2.488500945849433325e-03
1.956625762554157003e-03
1.143301313406646117e-03
-1.073041416211450560e-04
-4.053636657507905111e-03
-1.368247391279811369e-02
-1.610628140124592891e-02
-8.986520689869263723e-03
5.174070609817622846e-04
6.523844464233863154e-03
7.256374978905679937e-03
1.130553567431220006e-02
2.130481616756386282e-02
3.722289528536130987e-02
4.468773986646698559e-02
3.054180275651245668e-02
1.243149837919135456e-02
5.294667202086045243e-03
5.259597312739403355e-03
-1.161481798957993833e-02
-3.897838045861098250e-02
-2.285570104549834378e-02
1.542715373485015022e-02
9.965769187497280912e-03
-6.416919397334307912e-03
-1.066528764511581392e-03
-1.885196867553332045e-02
-4.726933551100759995e-02
-4.088979664045840068e-02
-4.996177295096656396e-03
1.660890783301020857e-02
-3.731396172662896499e-02
-8.767601211885361900e-02
-3.283095680704218450e-02
1.609930206114746493e-02
1.393148354620681907e-02
3.416143678122975091e-02
1.141341492000635255e-02
-7.324030787430239886e-02
-1.053833623869646630e-01
-5.449979084690113190e-02
5.449078365826901665e-02
1.570015681840050137e-01
1.495038416199271913e-01
9.192215793302678517e-02
8.904794451338965411e-02
6.046911864938572106e-02
-3.162116372544512832e-02
-4.556619685245355544e-02
3.385337631411307335e-03
-2.264275234888683472e-02
-2.133308761773283074e-02
1.247142642133571358e-02
-8.163753364003328850e-02
-1.488802302724612781e-01
-5.739717464343652154e-02
1.963614901506195026e-02
-5.618054416560158693e-03
-7.280057148658564126e-02
-1.208275331469980257e-01
-7.019052385985663500e-02
1.075612109846615927e-02
1.940910776782709540e-02
9.767270150523509054e-02
1.790815979976060901e-01
1.427188807304326790e-01
1.223985685471235957e-01
5.752934496926720431e-02
-1.478039471122764847e-02
7.550304502428630687e-03
2.917440346284669306e-02
-1.523695545059179646e-02
-1.083833044876884172e-01
-7.442606373771848416e-02
-3.960180823477661705e-02
-8.369997233808361414e-02
-2.531091238573104224e-02
-6.431173127833997305e-02
-8.741180901045166041e-02
1.441976563631937498e-02
4.506420943472123908e-02
1.805847795377332754e-01
2.370997565816403141e-01
5.035920691522158266e-02
-9.827067472589053054e-02
-1.573120699953706458e-01
-6.411135177903273807e-02
9.779206236580746670e-03
-6.482807489880008933e-02
-3.997056354905955539e-02
-6.716484424943228171e-02
-7.508925657717152591e-02
3.155936567173206475e-02
-2.824230365708545534e-02
6.676046343803082594e-02
1.539152484603754922e-01
-2.384288839542442195e-02
1.956445198167152538e-02
2.007896415884463659e-02
-5.955084028214488456e-02
3.990094735875764076e-02
5.520985902708315518e-02
7.156032284704870461e-02
5.907196459802967897e-02
1.955783210333917471e-02
6.160784873376440318e-02
6.594913495583629159e-02
3.169221806301838334e-02
9.975663741030475762e-03
4.105147599225365124e-02
-3.624864860593358940e-02
-4.682627666275652328e-02
4.244303724878949191e-02
-2.176715456742546462e-02
2.027720389682633600e-02
4.950816426637104362e-03
-2.930429374575889423e-02
3.766577066235933524e-02
-6.335732352075695850e-02
-4.629778160165629736e-02
-1.983148459306270997e-02
-4.051958248736361318e-02
1.376830346063055537e-02
-4.693715614610358133e-02
-2.626687364061760371e-02
9.095270183685777443e-05
-3.528492823075891904e-02
-4.122245581293930428e-02
-6.892790805967312362e-02
-8.366308828186887203e-02
-1.533883727606389913e-01
-2.002018004128648110e-01
-2.094738392514503278e-01
-1.333992571483454681e-01
-6.792424188965816290e-02
-1.682674473529231218e-01
-1.153009636367675755e-01
-4.126008027148245216e-02
-6.488936175840344378e-02
-8.942303643536028690e-02
-2.000611964285111677e-01
-9.006908453485693022e-02
6.832621434094224289e-02
5.833338702874940607e-02
1.243788794551823479e-01
1.341550955829241554e-01
1.690886534919755213e-01
1.695281053149919059e-01
5.302858186905559656e-02
1.687472742379281521e-01
2.019968296869053825e-01
1.632552803545397890e-01
3.149998867234211075e-01
1.667195138182223091e-01
-2.545065624276227068e-03
1.551022123423793087e-01
2.822820292308417800e-01
3.101708575683185254e-01
2.354907217185264467e-01
2.117341340599133703e-01
1.789682075205166756e-01
7.309258548744393402e-02
1.790867558364656054e-01
1.609722379792982716e-01
-3.637342126000249476e-02
-7.628247773824516076e-02
-3.522456035960719323e-02
1.254970653950132076e-01
1.637496141021031193e-01
4.098584296736484944e-02
2.488091773364405068e-02
-5.320116594238809976e-02
-6.573839140777122669e-02
-1.284750415045094463e-01
-2.490041656117847058e-01
-8.216574664504114334e-02
-1.046786407664840601e-01
-1.435945905947712542e-01
-3.600608731634860615e-02
-1.413594053485603963e-01
-1.063713443053556362e-01
-1.900294531063931869e-01
-2.577432075809139023e-01
-7.996209195988268625e-02
-1.304876252447005891e-01
-1.127445415906370291e-01
-1.332295172288530116e-01
-2.099553404558003045e-01
-1.867354301393124305e-01
-2.560132129283682612e-01
-1.824731448219911178e-01
-1.185189183329701107e-01
-2.461774679804636101e-02
1.314496101738031608e-02
-1.799429207173581236e-01
-2.875720901535118723e-01
-3.984237938548367830e-01
-3.752514781167248792e-01
-2.319801823898200444e-01
-4.085322854525305636e-02
1.603829188823154006e-01
-2.676377700964627238e-02
-3.162801832253960832e-01
-3.530508972139835278e-01
-2.100664784535417606e-01
-1.121415682866042512e-01
-2.717432487931466245e-02
4.502237870169022160e-02
-1.202887758065159657e-01
-1.679118543771374872e-01
-5.457190236065970895e-02
1.422987757111169871e-01
2.494189483700507692e-01
8.844898272664566963e-02
1.160159869912758268e-01
1.100221246089038984e-01
1.707922489396537791e-01
2.658003527814040701e-01
3.530039093129389016e-02
2.936594245702143224e-01
4.782992221901073981e-01
1.493304978302907593e-01
2.026238464457116861e-01
2.608631751357977646e-01
3.034970463886216829e-01
3.697543534892714923e-01
2.052552140959609250e-01
2.461256187291496200e-01
2.649150268390986218e-01
4.333087692014925274e-01
6.357864694479676837e-01
4.282844596800450820e-01
6.194936489572415717e-01
7.948212475608685823e-01
5.428843385639551267e-01
5.058262607317809412e-01
4.285952362112913638e-01
3.029761916882565131e-01
2.823007576129509255e-01
2.741823620722318999e-01
1.702751821397453513e-01
1.381234325647279389e-02
-1.294079391960423764e-01
-4.949706311345581367e-01
-6.512811638454517604e-01
-6.386541933758510536e-01
-7.355121701014857294e-01
-7.212551612736930462e-01
-7.093286847443798226e-01
-5.512895432147983943e-01
-5.089760224136712363e-01
-6.265536892715751760e-01
-5.290554761333570166e-01
-2.830900516312894188e-01
-1.453924290144946174e-01
-1.606041897168318799e-01
2.323142349638993298e-01
1.009922923823877994e-01
-3.323899550913136935e-01
3.287208043011042857e-01
5.651848646422676925e-01
5.076176933811873404e-01
6.183428187773087892e-01
1.044756555806908294e-02
-2.382134905490670279e-02
3.220676947731534456e-01
1.729787706825071658e-01
1.584244382346794433e-01
1.250891428780483983e-01
6.397095851395565025e-02
2.048806940850068925e-01
9.351434112227030582e-02
-2.140263275219037864e-01
-1.971088249551845306e-01
-1.847783334532320798e-01
-2.921351842582833314e-01
-2.680273173868195080e-01
-2.358032250254001871e-01
-1.095037503709666432e-01
-1.950585561910117560e-02
6.041058902810605979e-03
6.375028659697243305e-02
1.285585525899991532e-01
1.503818617131326696e-01
8.878294654837376454e-02
1.545429178767985523e-01
1.783467098692727015e-01
2.187796638109592018e-01
2.405127078790270101e-01
1.306733750893687152e-01
1.063615747226650948e-01
-1.532291850929986265e-01
-3.341090184821782216e-01
-3.279489310627956566e-01
-4.037528130893843215e-01
-3.684862747781905701e-01
-4.511139349688606526e-01
-6.295110849198640723e-01
-9.331610121223229415e-01
-1.110796931281818445e+00
-9.749566519553899413e-01
-9.308086230149357210e-01
-1.034848170388811273e+00
-1.167822532272776437e+00
-7.642367729068485493e-01
-4.777033375951368344e-01
-8.743710814861462843e-01
-7.841826494718293628e-01
-4.465803829640632161e-01
-5.808000609057702990e-01
-7.636926181745775644e-01
-5.886192226140324335e-01
-4.385581289231408331e-01
-1.547597056853013964e-01
3.459124203805174491e-01
2.935448091958114958e-03
1.243907064610138835e-01
8.089748619829351117e-01
6.445453423948055427e-01
1.160364863696277116e+00
1.596812749317518376e+00
1.315674210056067217e+00
1.558606098746371016e+00
1.395581055266276405e+00
1.155581373975108850e+00
8.132517602254525357e-01
-7.895141972085539805e-02
-4.147954599144827448e-01
-5.187747364958017471e-01
-4.238903334098151898e-01
-1.839343884305835175e-01
-3.194660263337692485e-01
-2.843837289675980040e-01
-1.361128542986185241e-01
-4.098951952138862875e-02
-7.363686482647580078e-02
5.272649806265028438e-02
7.411670186562117069e-01
1.327016792836540837e+00
1.507731952921331775e+00
1.266946466196986476e+00
1.160110771716288180e+00
1.405106789230100128e+00
1.425729071507061851e+00
1.660834533502469235e+00
1.656152173595610844e+00
1.660476288171777171e+00
2.096057184418860686e+00
1.551859450041661370e+00
1.145350319514780724e+00
1.158748500658629776e+00
5.746394442204380004e-01
4.803279508592832592e-01
2.903771336380442936e-01
1.257832207998428875e-01
4.412820096722188112e-01
3.812047433851167288e-01
6.032197274830294331e-01
5.732609197182423344e-01
4.281923712908816126e-01
9.083835317792184894e-01
1.058699455372601905e+00
1.223864353560783602e+00
1.188221030581147586e+00
9.464915824768073138e-01
9.868691169881158576e-01
6.129122880712711829e-01
2.239151092929145825e-01
-3.378203099843098967e-01
-9.498319839971013367e-01
-7.878749330076257884e-01
-6.388496349648893347e-01
-9.902094099897876811e-01
-1.571614247460320968e+00
-2.095470849759649923e+00
-2.629373509460238623e+00
-2.876430276347783810e+00
-2.718002774321569781e+00
-2.857976673087445185e+00
-2.939200134317417223e+00
-2.914166057965940748e+00
-3.053939101783067489e+00
-3.083452436443040678e+00
-2.996605027922057296e+00
-3.151473072178316848e+00
-3.560687642481024540e+00
-3.107014081958134444e+00
-2.412373206991016428e+00
-2.066640389581984927e+00
-1.409838968261761805e+00
-9.246804980645244587e-01
-3.534919963581673596e-01
-3.081840249782578089e-01
-3.330420143640329123e-01
1.416290692412811580e-01
-6.757326003363791633e-01
-1.338690549750314318e+00
-1.776852255999731067e+00
-2.552047598793685701e+00
-2.268510658442123962e+00
-2.503811873435927815e+00
-2.504891764839262791e+00
-1.898635415840289831e+00
-2.039543725158720733e+00
-1.630590868701759621e+00
-9.681463636500190484e-01
-3.684386527201803929e-01
9.061410133358815955e-02
5.944755928705318659e-01
1.284966162883531160e+00
1.351623252171042733e+00
2.263901972015337716e+00
2.792521512965377095e+00
2.568899216138152752e+00
3.540768618636089826e+00
3.669517304080494036e+00
3.451934816920920301e+00
3.424959122705002024e+00
2.899071231188428577e+00
3.049835646407322187e+00
2.875331014415411612e+00
2.873642814937927614e+00
3.283882862434491123e+00
3.350217142307495344e+00
3.749329698590649684e+00
3.665674472705783504e+00
3.626783452730852897e+00
3.885023395223527576e+00
3.908179934854842941e+00
4.304363377251998912e+00
4.346328012889769887e+00
4.175092412132912045e+00
4.139137584493230548e+00
3.796220124673217899e+00
3.277934555593707611e+00
2.561091697537527523e+00
2.018522050875704021e+00
1.709327275588987893e+00
1.430963187523135005e+00
1.073338470705934800e+00
2.390077218027952810e-01
-6.250421025331063252e-01
-6.930579983377503916e-01
-6.770674349254062196e-01
-1.442184249915039906e+00
-1.769313125865494607e+00
-1.736136219598462649e+00
-2.200622889826991724e+00
-2.108481208390460715e+00
-2.456362181347316653e+00
-3.530829002468886646e+00
-3.202309411365016345e+00
-2.776018952624819125e+00
-3.395810847677340316e+00
-3.544958627506602955e+00
-3.122139745649654241e+00
-2.485466205899303116e+00
-2.167798941941788460e+00
-2.170432187928991841e+00
-1.770715104855319577e+00
-1.755726507842115147e+00
-1.835860133384889181e+00
-1.726331171102595707e+00
-2.265235012824658778e+00
-2.892998787176013664e+00
-3.574140518131434519e+00
-4.111403890890112045e+00
-4.230223960682725881e+00
-4.199449694746970607e+00
-3.657212109101718678e+00
-3.105110523165139469e+00
-2.886111649890766628e+00
-3.289610571765708258e+00
-3.599123897002325378e+00
-2.325701547646997547e+00
-1.077778991704003264e+00
-7.633720380530311100e-01
-1.552671750763841008e-01
2.402315465730877897e-01
2.788439771736651585e-01
1.225226740501285549e+00
2.093415676700287609e+00
1.942202766963520011e+00
1.831701138740683632e+00
1.750923896311934014e+00
2.051203468174787048e+00
1.742776287304261817e+00
1.019171929581976332e+00
2.012772743259467312e+00
1.982721054650836701e+00
1.698846574411819965e+00
2.838195936567128097e+00
2.632349733698573502e+00
2.654865029395770737e+00
2.988521142493578253e+00
3.047002571741829868e+00
3.708901346707425883e+00
3.643367046956428101e+00
3.723029281330927809e+00
3.621552452714042136e+00
3.264495330980528465e+00
3.634257848551712744e+00
3.491784392195623976e+00
2.680074125416062270e+00
1.497293792021701320e+00
1.148339717906050828e+00
1.204999670372346010e+00
6.546456624055720930e-01
5.563665922788820772e-01
-3.085015148240443858e-02
-6.174681303368712015e-01
-6.869223268833520857e-01
-1.259768320576908796e+00
-1.446070628514439349e+00
-1.368959127079027338e+00
-1.749629636667601407e+00
-2.501875815433351136e+00
-2.647854610304476886e+00
-2.227921204210157491e+00
-2.604741529652722765e+00
-3.107701492481439676e+00
-3.214519475594481257e+00
-2.860911290091864956e+00
-1.926323463802536162e+00
-1.340413294405701672e+00
-1.226184892811421623e+00
-8.782378949576787885e-01
-6.209271409200820546e-01
-1.049099522272864959e+00
-1.200323177370373529e+00
-1.326144041553999120e+00
-1.744602639754433415e+00
-1.739517268953472806e+00
-2.354294801457609054e+00
-2.903023762050967349e+00
-3.130105534702864123e+00
-3.456180007552924316e+00
-2.591891713492399330e+00
-2.068671425142706077e+00
-2.168205976456262896e+00
-1.816521402399141394e+00
-1.272439877548489751e+00
-9.803407670498387461e-02
3.563010373414985388e-01
3.733100287735576783e-01
8.410256339877308918e-01
7.675202191455202660e-01
1.317721950357930716e+00
2.264834357844630830e+00
2.636550320892865784e+00
2.728397911705307877e+00
2.492731816509166087e+00
2.702144844579149829e+00
2.410931364260321619e+00
1.490956672118106230e+00
1.702393224621830514e+00
1.920493562828258671e+00
1.780434677939684018e+00
2.423974457971338481e+00
2.915746620272430700e+00
2.734122482013281896e+00
2.891606476216392885e+00
3.377476424439457503e+00
3.723244957997811966e+00
4.246662012969962596e+00
4.269539745836939737e+00
3.718484680597706760e+00
3.637602252315258688e+00
3.598019735240937766e+00
3.212323132414183213e+00
2.586835717020324665e+00
2.185089517865255182e+00
1.867878761155147282e+00
9.159401944152190111e-01
7.499042297185893879e-01
8.398694658580978523e-01
-1.161540162398313480e-01
-6.291576153596578624e-01
-9.679298134593240510e-01
-1.226521394254016073e+00
-1.249145037983151019e+00
-1.952182707598041356e+00
-2.391579229417841290e+00
-2.547073055326368962e+00
-2.902062761806514679e+00
-2.984291536309286563e+00
-2.939370485966295909e+00
-3.239469013198907898e+00
-3.727586552884076809e+00
-3.491143510081879064e+00
-2.978973875288369211e+00
-2.445244851355794946e+00
-1.892256132854475137e+00
-1.738487743978531785e+00
-1.447604004115661258e+00
-1.610514789027005733e+00
-1.816894030107702784e+00
-1.689076954483955451e+00
-1.980386286372076032e+00
-2.209376330558797896e+00
-2.872522092057868015e+00
-3.376332264030543762e+00
-3.353176491582940955e+00
-3.429416443197868425e+00
-3.171252695472538630e+00
-3.275259086807592368e+00
-3.069231070780228166e+00
-2.400473137151605485e+00
-2.008323836759804415e+00
-1.078526901870473509e+00
-4.094720580408313659e-01
-4.261711006524415146e-01
-4.548241831340738006e-01
1.088691326459405584e-01
1.092709995056141858e+00
1.557884034407750917e+00
2.160612035282064358e+00
2.554798019103039941e+00
2.302442542418401850e+00
2.370898437243491585e+00
2.068176601738796361e+00
1.524204861602746153e+00
1.707272032429703712e+00
1.599707024693767909e+00
1.466602702647268774e+00
2.059058750282664718e+00
2.184640935894613722e+00
2.349791700294920460e+00
2.810831284772421501e+00
2.833580842119510557e+00
3.389388730900691371e+00
3.917569470009709676e+00
3.959224841143952567e+00
3.970468768520856173e+00
3.690474463044906894e+00
3.746569051308799025e+00
3.589994326243427292e+00
2.877537303116013856e+00
2.388722708062316791e+00
1.845916870054153947e+00
1.320509212447194214e+00
9.020866001223601938e-01
5.179078953325821910e-01
2.768992183932830198e-01
1.289137585539975595e-01
-1.754003880776776603e-01
-1.044671315391173749e+00
-1.566593822808594938e+00
-1.192517500871651759e+00
-1.222518831156379049e+00
-1.983681680621081078e+00
-2.465849622957065446e+00
-2.381817656593883559e+00
-2.354468261222733450e+00
-2.773445387934893702e+00
-3.166097109812690213e+00
-3.218123188466389450e+00
-3.377190192512809386e+00
-3.145988434787019727e+00
-2.224978460697799587e+00
-1.644619239810796607e+00
-1.328641718640758640e+00
-1.266315874355149695e+00
-1.492733930998859204e+00
-1.461361216229145388e+00
-1.605371171829599541e+00
-1.592354693566840229e+00
-1.683733080255614745e+00
-2.293994894761405945e+00
-2.545284884806189751e+00
-2.963167829187200564e+00
-3.266209544841203183e+00
-3.044103177713392672e+00
-2.781344087235654516e+00
-2.200905038741689523e+00
-1.840904231819282755e+00
-1.270158287571459432e+00
-3.582794498792343241e-01
-1.117510515823747497e-01
-1.018805935421494002e-01
1.373518698830235030e-01
9.164475306664917609e-01
1.615078731661327316e+00
1.935879950581727016e+00
2.494312678474544853e+00
2.665169934780354577e+00
2.779781538221520520e+00
3.023233653072116223e+00
2.630707815618944956e+00
1.856212731207203648e+00
1.316239247999404949e+00
1.370804864258522215e+00
1.476182103424060088e+00
1.819038133671207591e+00
2.580842622048929336e+00
2.779290907948177569e+00
2.880445694227908415e+00
3.293766110183115270e+00
3.742875910590093724e+00
4.323551531462642927e+00
4.449975279937352646e+00
4.072616389060662812e+00
3.870524977589652860e+00
3.741050071616052630e+00
3.380348693132841476e+00
3.040269496110631131e+00
2.814271747442249172e+00
1.962404505143600986e+00
4.071530646996346370e-01
-9.897205483326088071e-02
6.068565329171748957e-01
7.395217831329130576e-01
2.320999803836687470e-01
-6.554565446783633398e-01
-1.402396201850049096e+00
-1.375454055394234709e+00
-1.778967162291559490e+00
-2.310668838166430206e+00
-2.324781251056749376e+00
-2.623998388810347748e+00
-2.583027099277143357e+00
-2.500603311008424701e+00
-3.010295610635135954e+00
-3.087057753648852376e+00
-3.366534028037901916e+00
-3.838088206534773228e+00
-3.204576052791305862e+00
-2.329051407764207049e+00
-1.672875004732649495e+00
-1.370176873858655053e+00
-1.547916217880759726e+00
-1.523989607865052776e+00
-1.541521413212304736e+00
-1.437239626899262879e+00
-1.772012917338482207e+00
-2.523055347619498345e+00
-2.542479899313917713e+00
-2.805572497545636423e+00
-3.240682575555546396e+00
-3.422818453617319623e+00
-3.317963253420782355e+00
-2.689266269807553122e+00
-2.443525192206878138e+00
-2.229562666281988736e+00
-1.601893932256353459e+00
-5.241578010924696773e-01
2.893791503679425947e-01
3.018780549887508102e-01
4.311891345815823673e-01
5.952233846221272051e-01
1.375956838947177907e+00
2.030630898820466879e+00
1.964384910577183341e+00
2.299333385492345450e+00
2.243526602272199355e+00
2.183214408529309480e+00
1.860779945326562768e+00
1.377338957627961769e+00
1.577715388453116319e+00
1.242376626262577943e+00
1.468642526237518897e+00
2.107474374474577417e+00
2.311423651509843857e+00
2.744954901046147810e+00
2.917240297006294725e+00
3.256923215506007718e+00
3.619169116329627123e+00
4.080641030251820567e+00
4.259494717070523961e+00
3.834622146497732142e+00
3.839445863852541940e+00
3.591917371199677245e+00
3.621551484345715277e+00
2.996121297071234757e+00
1.242137490822051715e+00
9.738014620401296284e-01
8.812897600723023084e-01
3.352381782634370477e-01
5.097197782423070755e-01
4.049122412230334866e-01
-8.624571394088615950e-01
-1.598061494603134403e+00
-8.221099670845575247e-01
-1.450345116491347230e+00
-1.916188297757933423e+00
-1.382911892526654585e+00
-2.270532214049271413e+00
-2.238410933478302223e+00
-2.342794805545972192e+00
-2.917990370649371279e+00
-2.607647964659682849e+00
-3.148801184704976830e+00
-2.799888215678334902e+00
-2.467725153094821433e+00
-2.828384164113407095e+00
-2.030234496785722431e+00
-1.727928869906397935e+00
-1.520145579443636930e+00
-1.267741626080918227e+00
-1.741287826408366213e+00
-1.877014299085559834e+00
-1.862970980687807643e+00
-2.130025735634750284e+00
-2.357757954938169309e+00
-2.620315527568481517e+00
-3.259733535442722818e+00
-3.362389252656583505e+00
-3.094634119411666440e+00
-3.029053444643635018e+00
-2.699057554493256017e+00
-2.407749068838823003e+00
-1.518543900980827921e+00
-8.217537957289310357e-01
-5.116567735771744285e-01
3.162857820161673050e-01
5.840833983953699349e-01
8.995759225278284754e-01
1.052787410379645516e+00
1.302098414816251104e+00
2.266087824800439243e+00
2.634998622815477809e+00
3.097490350469241704e+00
3.223726701469455946e+00
2.786364733107173475e+00
2.025734415562247204e+00
9.740875501832834127e-01
1.064999261696589539e+00
1.231182634511263307e+00
1.820283631470720698e+00
2.897658502626218269e+00
2.922599771348000530e+00
3.147754486231290727e+00
3.339845685609550419e+00
3.555683186531149342e+00
4.178916496265472347e+00
4.371469525327389860e+00
4.489191702867964651e+00
4.193535105042872857e+00
3.702513137667733378e+00
3.326959238579200839e+00
2.843440254540891665e+00
2.556641601443037537e+00
2.085508286910258580e+00
1.402065849862141000e+00
7.864503948198460215e-01
4.609545083356700879e-01
2.525510581064015492e-01
-6.477492093897629921e-02
-3.800317524997309793e-01
-1.132513995881673008e+00
-1.525685158948314246e+00
-1.357929479743984924e+00
-1.763949776654215595e+00
-2.108636934496816107e+00
-2.213311750765770469e+00
-2.440546460418722585e+00
-2.463850214709728093e+00
-2.722108413414600747e+00
-3.321949353695298868e+00
-3.845420457612729326e+00
-3.575264865693503324e+00
-2.471310280117440250e+00
-1.884259188974269472e+00
-1.709380629428122855e+00
-1.470640871405568983e+00
-1.646057419881740813e+00
-1.809461587932627680e+00
-1.674601058548124355e+00
-1.651259527942998906e+00
-1.917999696889820971e+00
-2.195548894100706860e+00
-2.599005740548824051e+00
-3.102896343990572792e+00
-3.226777513879667048e+00
-3.431162369447868787e+00
-3.302799454165968207e+00
-2.764024262103397689e+00
-2.585526477150899449e+00
-2.143271239414170637e+00
-1.522283829721030823e+00
-6.634156917116504903e-01
7.760443011756734677e-02
-5.736118832935324652e-02
9.273182414908082150e-02
8.291619422242998416e-01
1.643668086726003841e+00
1.922672700998401041e+00
2.024437255075760778e+00
2.683993348829196268e+00
2.968354371719923446e+00
2.859962854409548338e+00
1.982809827250863632e+00
1.077141286302756740e+00
1.243861427456894209e+00
8.767178700813103021e-01
9.963267054370392728e-01
2.069409839397224893e+00
2.529164607281692234e+00
2.842474955664669345e+00
2.951132939912596953e+00
3.110907893006535474e+00
3.685136471323839924e+00
4.144038396376457989e+00
4.256421264046840847e+00
4.192543099561197195e+00
4.235801213754984751e+00
3.618958096614300679e+00
2.777671582195293531e+00
2.566539956981675363e+00
2.031118134983985968e+00
1.228039472822382683e+00
1.003684382572157974e+00
9.637995654989132133e-01
4.427511701259826959e-01
-1.520614679966685312e-01
-7.144827207532804536e-01
-9.485399393940598944e-01
-6.569309346480822764e-01
-1.300039869316616858e+00
-1.873963918470139989e+00
-1.604219651494549259e+00
-2.184329637447050221e+00
-2.630182858877013086e+00
-2.414213511924576228e+00
-2.722836765074156062e+00
-3.204826968954550104e+00
-3.232641874043424401e+00
-3.430285196503204848e+00
-3.841341589140342627e+00
-3.165762939366929096e+00
-2.169977499213997962e+00
-1.823838143194410399e+00
-1.555687886509442341e+00
-1.332870171052229491e+00
-1.298756546794370248e+00
-1.573340249001080604e+00
-1.661645910534126802e+00
-1.977708378777263354e+00
-2.483100767369278206e+00
-2.633994188280711413e+00
-3.257810612746857348e+00
-3.094332502944181496e+00
-2.731953410426212869e+00
-3.170125098199791935e+00
-2.660626633075791503e+00
-2.217539678357389299e+00
-1.960635485885750429e+00
-1.201418267118619099e+00
-4.021850903603445548e-01
4.314359930492291939e-01
5.905018880997294772e-01
6.106962889920929394e-01
1.003867102970985803e+00
1.902950005789756371e+00
2.557044215244204111e+00
2.446384598096368546e+00
2.950625074522540636e+00
2.917202695192063544e+00
2.448365099293144276e+00
2.402760958688609616e+00
1.441987232366934268e+00
9.490494256362742576e-01
1.479986067806306149e+00
1.737988438390745793e+00
2.219462332854352127e+00
3.038334340777479881e+00
3.074594080953958475e+00
2.836905414579151685e+00
3.302073985458429561e+00
3.720015838079246961e+00
4.219416440657052902e+00
4.394992294898932172e+00
3.981882802033394952e+00
3.904735798311161687e+00
3.521119684313102738e+00
2.983169358125538295e+00
2.479827358674622673e+00
1.942633134587866017e+00
1.396284764269035250e+00
3.334484852139387723e-01
9.918564833769183409e-02
6.578914903472568021e-01
5.380386718232101906e-01
-2.978185423495285367e-01
-1.076990091619971723e+00
-1.255044946503040659e+00
-1.609385927324525234e+00
-1.827235344282123863e+00
-1.766239650713100628e+00
-2.116417542054454870e+00
-2.235887437458727867e+00
-2.431466040534860262e+00
-2.917355218990891785e+00
-3.003638808247584002e+00
-2.934301528926904545e+00
-3.002579119182743117e+00
-2.850551452176167011e+00
-2.504703539517563193e+00
-2.195403302774916021e+00
-1.637247352173177850e+00
-1.378066762680448143e+00
-1.461700869564305227e+00
-1.519024294118509699e+00
-1.992676268526268446e+00
-2.161301359858329718e+00
-2.099543834254159691e+00
-2.362707778327721275e+00
-2.637013418996523750e+00
-3.058083389283898335e+00
-3.129537939643972866e+00
-2.880274256454727677e+00
-2.572756618503397874e+00
-2.389102057168064341e+00
-2.469176311800156398e+00
-1.775037578838627894e+00
-9.661924338348241159e-01
-5.623955292174511733e-01
1.741824704017314041e-02
5.479429969594548089e-01
1.176402789715994324e+00
1.204017079035744953e+00
1.461421691730594663e+00
2.425601030386755674e+00
2.517742848744326523e+00
2.844027731409142667e+00
2.971697636340015158e+00
1.996991822652614657e+00
1.135087185189221692e+00
4.584394030211470517e-01
7.470356625946944495e-01
1.350324300967727709e+00
1.801367603019664587e+00
2.712286260880344191e+00
2.733763458964136639e+00
2.803041677275616372e+00
3.394030071930356218e+00
3.602274550484966920e+00
4.213327641241544796e+00
4.415308693536096563e+00
4.087404006453295047e+00
3.875989851737055236e+00
3.340218459568641052e+00
3.117789511494568178e+00
2.970975747389272392e+00
2.477238925000059933e+00
2.014381297214760558e+00
1.144375949940043213e+00
4.377091160995061903e-01
4.148927728550912963e-01
1.026839467015412538e-01
-8.050584250096823880e-01
-1.177344470976002366e+00
-8.670093080381678918e-01
-1.425627330602261544e+00
-1.799302693216328297e+00
-1.508350268817333806e+00
-2.168530497003857249e+00
-2.241233338471177561e+00
-2.195140370546546649e+00
-2.951071309840493484e+00
-2.939751230949412264e+00
-3.181051936704860417e+00
-3.450245725641812200e+00
-3.066314216529445691e+00
-2.537153035088002273e+00
-1.953198052277959285e+00
-1.813614603740661524e+00
-1.530341057476463096e+00
-1.686502307396443134e+00
-1.901744915602356700e+00
-1.601711504614811599e+00
-1.922767983855269369e+00
-1.842795612555822471e+00
-2.125268974170430258e+00
-2.749990866804167933e+00
-2.661772941306508322e+00
-3.109396765075574720e+00
-3.222601760031152729e+00
-3.173016063794961816e+00
-2.937517020551717373e+00
-2.191092754615129312e+00
-2.111645163272231507e+00
-1.392257891744455467e+00
-4.314087127902741514e-01
1.049482772964576149e-01
4.499670422958578775e-01
1.910850650526827454e-01
7.467612321665328956e-01
1.422332539785577055e+00
1.807307400951570386e+00
2.621261036387685817e+00
2.981774003694888542e+00
3.009772103898644691e+00
2.352733674348247206e+00
1.633331438572063643e+00
1.667085991398692402e+00
1.296466263827824150e+00
1.095210821623606945e+00
1.958995196033247232e+00
2.603107716585261855e+00
2.358744766859888209e+00
2.493519646785170352e+00
2.818851257980432123e+00
3.161424654018094138e+00
4.158647369181910136e+00
4.489830004624884907e+00
4.436567476496444229e+00
4.229058160231618402e+00
3.554477981349720928e+00
3.396433958194489566e+00
2.901756400314724704e+00
2.589831830228080278e+00
2.778544663428001105e+00
2.073448006273393318e+00
1.195771910350190481e+00
7.480152014242540393e-01
5.584734467602450181e-01
1.403923751753977101e-02
-7.331315066933143942e-01
-1.011114551980801579e+00
-1.325504019526032362e+00
-1.520046947443784990e+00
-1.617970209265455095e+00
-1.890840699490424104e+00
-2.201192685450026332e+00
-2.364375602090684758e+00
-2.755497525479559506e+00
-3.431009961689625243e+00
-3.095850314942557358e+00
-2.681931587776153147e+00
-2.962061284025943486e+00
-3.346488043530159384e+00
-3.386169777140028092e+00
-2.143113809713595774e+00
-1.593563774509264341e+00
-1.643225608325644238e+00
-9.298976591411461934e-01
-1.403800207449415804e+00
-2.074724979058615748e+00
-1.865999443010651460e+00
-1.834910606349710482e+00
-2.368356131865198666e+00
-2.884142467376821450e+00
-2.813210154242222316e+00
-3.117323829287646397e+00
-3.044864444121230918e+00
-2.660998117863158541e+00
-2.731239632356204261e+00
-2.173240317546998313e+00
-1.600978039582660273e+00
-9.068518594422005918e-01
-4.943852428880601835e-02
4.144721900048016217e-01
9.517172312712819382e-01
9.655890248328398151e-01
1.015297324034194038e+00
1.702899885698829996e+00
2.286298386520907222e+00
2.733232253229140873e+00
2.962908597208537387e+00
2.651139131076794442e+00
1.858957380721446562e+00
1.014576901939855613e+00
8.478300963985441197e-01
1.335501976520216072e+00
1.470660130634485974e+00
1.861226719828777521e+00
2.601222685237869925e+00
2.607322990185249267e+00
2.670927210540376073e+00
2.907080273838212214e+00
3.553740241108493070e+00
4.294881391655357206e+00
4.101062262392378699e+00
4.043548876545989934e+00
3.946728983192223872e+00
3.653079348324439479e+00
3.226210414852131780e+00
2.592253842584974599e+00
2.563474311532629724e+00
1.949783048221795045e+00
7.043615483135354793e-01
-9.506120676719964635e-03
1.973801498095079376e-01
9.157849025179313207e-01
4.408743507125763017e-01
-6.749525764483849111e-01
-1.094080132665221861e+00
-1.153530385374183620e+00
-1.504177266988758754e+00
-1.895226528246408026e+00
-2.144023559741075058e+00
-2.607118432960511267e+00
-2.445139316094617321e+00
-2.587990541414002976e+00
-3.347180330303821449e+00
-3.278534805282432352e+00
-3.263162490126945148e+00
-2.988926906280077844e+00
-2.561061503947208884e+00
-2.643715196141791068e+00
-2.086867764412156490e+00
-1.633258990983445180e+00
-1.730656077958961703e+00
-1.641195294754613787e+00
-1.475835884383140506e+00
-1.582615931271812881e+00
-1.938837432440602360e+00
-2.130622164206823488e+00
-2.321933053269587877e+00
-2.653857718245858699e+00
-3.128104251681786074e+00
-3.163441111960103136e+00
-2.726165213176472868e+00
-2.667829569200725892e+00
-2.433661344903980783e+00
-2.019718500040353693e+00
-1.525228164337194769e+00
-9.176652194633306836e-01
-3.273919800022691007e-01
4.058575771724539649e-01
4.381529627882277955e-01
8.235578781864496545e-01
1.419982127352967360e+00
1.655565128215923831e+00
2.801537621991169402e+00
2.937971648644001288e+00
2.676456719278050844e+00
2.657284552846453263e+00
1.601721372393944742e+00
1.636049461313788367e+00
1.670532571948050826e+00
1.150969186140817557e+00
1.621771718072628099e+00
1.994609585411264652e+00
2.307966800940446817e+00
2.701198818689002579e+00
2.952511891428267976e+00
3.191183755846765724e+00
3.879340042006639511e+00
4.400984855782708038e+00
3.999961902837073424e+00
3.960038640668885002e+00
3.868745273407927066e+00
3.586711499637125655e+00
3.173963570350134322e+00
2.637154408108694170e+00
2.494902087503775068e+00
1.450625354215558716e+00
8.682223350732384271e-01
8.482404664705950337e-01
3.004177184391394473e-01
4.085535995212614124e-01
-2.157690405010433965e-01
-1.295467149393738193e+00
-1.497405169537915359e+00
-1.334787847188104948e+00
-1.508252071705811437e+00
-2.120956663626939687e+00
-2.245649397771027900e+00
-2.541452235571274088e+00
-2.650737859350425385e+00
-2.687134434157560481e+00
-3.084257039331849803e+00
-2.918750714686652703e+00
-3.434601095505017021e+00
-3.482120755311577831e+00
-2.752944195610626643e+00
-2.442765065677808156e+00
-1.535891760394857641e+00
-1.438400052808557650e+00
-1.729736402568283316e+00
-1.435367514320580629e+00
-1.567280959839093324e+00
-1.675545096702193870e+00
-1.975911877821927343e+00
-2.292375770438193960e+00
-2.510351790332570054e+00
-2.915237395466080628e+00
-3.050627729555712264e+00
-2.900616198102382359e+00
-2.781860626478608101e+00
-2.817047468029048929e+00
-2.156374767101779888e+00
-1.437065952656439993e+00
-1.352717620964380973e+00
-6.423523219833373599e-01
4.139722207273253130e-01
7.696445576796656640e-01
3.859798456281566814e-01
7.535787109639666692e-01
2.139711761260529865e+00
2.646542068269871706e+00
2.612487119125211255e+00
2.742340056499329215e+00
2.492927393399810398e+00
2.184711139084474230e+00
2.122818522311355594e+00
1.808749166883516057e+00
1.540483830006667887e+00
1.721104355196068969e+00
1.619945877745784468e+00
1.834771596906576985e+00
2.445483543116585778e+00
2.692603819817038779e+00
3.105159320951535573e+00
3.449633874141736722e+00
3.926661094663250307e+00
4.323251498811901072e+00
3.982644341321389891e+00
3.731233104593334904e+00
3.615849083248407592e+00
3.484271469642834518e+00
3.162312149862313682e+00
2.511515961010760911e+00
1.729475243411696006e+00
9.804910107103301797e-01
9.902634880047485044e-01
7.116518018097015563e-01
-1.716481210473304042e-01
4.511710890410025598e-02
-1.832052322148347567e-02
-1.318685955002138588e+00
-1.672219931011622140e+00
-1.460929519782345753e+00
-1.862097934025181312e+00
-2.011064151270878675e+00
-2.330379487055900700e+00
-2.572080189657298011e+00
-2.373606520422054444e+00
-2.786342468710208742e+00
-2.885918947420683445e+00
-2.733042086588199471e+00
-3.065848583951664708e+00
-3.113854825457861963e+00
-2.935010697403348523e+00
-2.288369698324930646e+00
-1.626513816642104260e+00
-1.573159355115275382e+00
-1.499451595037306184e+00
-1.511533858557154719e+00
-1.698979081041030126e+00
-1.832679676741246988e+00
-1.939435044845045475e+00
-2.387726727486709333e+00
-2.945718320928971679e+00
-3.159881482040342249e+00
-3.391893063869257485e+00
-3.199946381889433589e+00
-2.772033824955203229e+00
-2.534063549752501920e+00
-2.067161274337811605e+00
-1.498914148924411549e+00
-5.890086198520185778e-01
8.301932788263433061e-02
9.894458176359754997e-03
5.396837731365985991e-02
7.304640808417235398e-01
1.455018404968935641e+00
1.460350025718921696e+00
2.118674958300905242e+00
3.087731102355618429e+00
2.772222417978163378e+00
2.504260594015500274e+00
2.245199367640200006e+00
1.586366898312385754e+00
1.188874161152856823e+00
1.102708883833751763e+00
1.590641312971587729e+00
2.030773444526166038e+00
2.316225763502344215e+00
2.645619694964699509e+00
2.802211408227354372e+00
3.326292920559921207e+00
3.943988927283723633e+00
4.292983639859317080e+00
4.419969483875485494e+00
4.062857579453031498e+00
3.620609196689950959e+00
3.165441576980415839e+00
2.441452622850284637e+00
2.664610148760513830e+00
3.489674458450370054e+00
2.413996072668421089e+00
6.334731671840820866e-01
4.622986668907269059e-01
4.888948935173693666e-01
4.138085245047795624e-02
-2.796165559985365201e-01
-1.121281039318639650e+00
-1.524014151164667208e+00
-1.411667344736692087e+00
-2.378924171745250504e+00
-2.518784100562442507e+00
-2.011277627826223657e+00
-2.539996642455960796e+00
-2.461241150004109368e+00
-2.560265731726791838e+00
-2.938240655166235449e+00
-3.150618023499362153e+00
-3.593351045444045155e+00
-2.659729143511039950e+00
-2.155293130317929240e+00
-2.294682496267073546e+00
-1.657124211654079415e+00
-1.696060748842667110e+00
-1.565784886930322140e+00
-1.410517710326451901e+00
-1.637065144271439454e+00
-1.606634258460705178e+00
-1.696770879177950775e+00
-1.889704399179742422e+00
-2.655899907722479636e+00
-2.963224103572381640e+00
-2.741035501396706486e+00
-2.966084491412066537e+00
-3.076554969816697849e+00
-2.775313565340502997e+00
-2.026707389050060648e+00
-1.936614386169404511e+00
-1.356131431922380060e+00
-1.218385230118606000e-01
-1.307099779894969893e-01
8.107995222612995878e-02
2.242004719107437427e-01
8.520948364589098212e-01
2.184261441555879202e+00
2.097919736397362733e+00
2.426956980775597295e+00
2.991625341061662002e+00
2.862001151870943616e+00
2.752303521007037013e+00
2.069729694772752815e+00
1.826119166447336850e+00
1.503572758937191445e+00
8.817406489458379237e-01
1.501039299709695296e+00
2.076396845200967789e+00
2.365814121487797905e+00
2.932550948593478424e+00
2.874305627466046342e+00
3.367096658952316801e+00
4.255135968844532712e+00
4.188909705944129591e+00
4.220295084987304435e+00
4.056026347628392870e+00
3.771578826972141751e+00
3.396879606937206919e+00
2.644429893248519736e+00
2.923831372927462979e+00
2.546546462849509584e+00
1.377271984589362397e+00
9.769823752573706388e-01
3.706262521006014055e-01
1.950893315461662558e-01
4.908431137701185221e-01
-9.158781272740346147e-02
-1.419885254965359778e+00
-1.347770655317154009e+00
-1.047900757782489478e+00
-2.317662930141253685e+00
-2.134148764213280813e+00
-2.034791395511577505e+00
-2.745467036931649840e+00
-2.409050713045745695e+00
-2.749193514716211872e+00
-2.738957294881033899e+00
-2.859421314645375745e+00
-3.617160008326615106e+00
-3.667194735558301666e+00
-3.251957389083898420e+00
-2.068773803362692565e+00
-1.635697347215222308e+00
-1.475762692598530101e+00
-1.281120493314659381e+00
-1.923929409965674964e+00
-1.713309384986009487e+00
-1.741554738474310859e+00
-2.217809651222271583e+00
-2.232883573674906863e+00
-2.734832104536180086e+00
-3.321476696122477978e+00
-3.470571803267345601e+00
-3.255308636088263263e+00
-2.915266763326751942e+00
-2.402571535810773540e+00
-2.030167888523801256e+00
-1.726236088283966685e+00
-1.188870548787516412e+00
-5.501276313616878522e-01
4.156719609658328096e-01
7.706162134189925572e-01
9.392744952062820341e-01
1.258888061884175347e+00
1.453190037210054797e+00
2.197347580795238731e+00
2.255929196557736827e+00
2.398727511677544832e+00
2.775581059554096619e+00
2.140417272522649572e+00
1.860846400575294268e+00
1.506779332377433889e+00
1.269735814153503561e+00
1.479372601847711133e+00
1.502581920291620854e+00
2.350628862078952608e+00
2.926087749698286444e+00
2.859698899831904839e+00
3.209995643479999217e+00
3.444964252514600034e+00
3.916824239662568097e+00
4.250117433581556803e+00
3.911754195858314187e+00
3.853388626455620525e+00
3.599414115869580044e+00
3.129126490499515079e+00
2.933310279099020423e+00
2.447092529311571063e+00
1.974721696292739415e+00
1.061355039189413318e+00
3.220885866023306399e-01
8.378377519474651258e-01
6.840848908190544364e-01
-1.842182730818768821e-01
-4.998537390055562968e-01
-5.961484939046232112e-01
-1.408069953104149841e+00
-2.713198359623641309e+00
-2.467518039449082323e+00
-1.863493772836007478e+00
-2.382185349180730771e+00
-2.333278807367897389e+00
-2.176157813817396924e+00
-2.943087718182799684e+00
-3.396234787417940826e+00
-3.255760524316300586e+00
-3.013202142838640185e+00
-2.187971005607451502e+00
-2.072486322857858720e+00
-2.189661984694830643e+00
-1.113272214709499774e+00
-1.450749465811960626e+00
-1.729686139151407120e+00
-1.032306215436836094e+00
-1.790950919882489112e+00
-1.944478830568424410e+00
-1.984819136644201176e+00
-2.379960849575241788e+00
-2.359896138432163504e+00
-3.221293177697658994e+00
-3.060182134835086387e+00
-2.690863262020845692e+00
-2.975629441306954170e+00
-2.324390853362384046e+00
-2.090823947037306230e+00
-1.542626656020639420e+00
-6.799094127491833728e-01
-5.289436481949256752e-01
3.999057242224224318e-02
5.564923083948136728e-01
9.961220752676065437e-01
1.492353317062073526e+00
1.898142832100372823e+00
2.607665462694408909e+00
2.979716242294337292e+00
3.011789429557675035e+00
2.655953189625607447e+00
1.858548430185459788e+00
1.382916121835592316e+00
1.006017362576399288e+00
6.978723362556489285e-01
1.093344307848965080e+00
1.845612101292198215e+00
2.347985497828832369e+00
2.768506725846695105e+00
3.191023280016933583e+00
3.477824414897308092e+00
3.823650683017798091e+00
4.259993444441287913e+00
4.392872780431559931e+00
4.225831629044332516e+00
4.061007801340196899e+00
3.550386981069295178e+00
2.954270383649599818e+00
2.684339684349124955e+00
2.249389456174441193e+00
1.806516222637328584e+00
1.325298163222054626e+00
6.262124084409479430e-01
2.588279225583571819e-01
4.998158016882399690e-01
4.495425988094978176e-01
-8.703582362498631930e-01
-1.944643296514357855e+00
-1.937411673386484567e+00
-1.885202046218858563e+00
-1.968144224582001334e+00
-2.408137441782504773e+00
-2.568254637784527894e+00
-2.464586315916464265e+00
-2.795644789621377857e+00
-2.777475048924973766e+00
-3.011790240692984177e+00
-3.579782069025177371e+00
-3.316174951897064460e+00
-2.788776365342526375e+00
-2.295265894337378043e+00
-1.605627959339619437e+00
-1.392310704311395142e+00
-1.709823640029460856e+00
-1.601468983962150539e+00
-1.505950837009565557e+00
-1.883095473937127506e+00
-1.879530693602186942e+00
-2.148522889312376449e+00
-2.785370877402184586e+00
-3.068052647908478647e+00
-3.458772030425441457e+00
-3.353106785161434900e+00
-2.934518783504242112e+00
-2.820960813064191441e+00
-2.332229956011962813e+00
-1.882843172023366263e+00
-1.149531635780288052e+00
-1.042384852234943121e-01
2.280870980279693649e-01
5.147505200982546159e-01
6.580706239688284276e-01
8.482071822378808301e-01
1.593903819070451755e+00
2.039281548933476351e+00
2.595074379900963457e+00
2.852200288130017469e+00
2.535797127440194920e+00
2.415902847726586256e+00
1.857358827088827713e+00
1.444671158680019385e+00
1.264919926282825013e+00
1.125734854342790747e+00
1.983220459718515905e+00
2.448792144326819020e+00
2.370300793901176650e+00
2.773539258852850686e+00
2.876267478264016297e+00
3.297962784739074227e+00
4.050617837736334437e+00
4.233600850924005954e+00
4.339163345575314246e+00
4.058265543303519962e+00
3.456381190333995157e+00
3.148201609445457461e+00
3.031537384574970240e+00
3.126949970234661702e+00
2.525712444836929915e+00
1.301959290797695346e+00
7.849859605197542223e-01
6.553988456488011316e-01
4.431542519353352527e-01
-1.622993333070954503e-01
-1.033230295118822806e+00
-1.256770251996150556e+00
-1.641639862631367297e+00
-2.025689390637783305e+00
-1.048367530534954906e+00
-9.786336429683432092e-01
-2.429464511751726175e+00
-2.485211466347006404e+00
-2.353790729217092093e+00
-2.942347364881960026e+00
-2.722488634223765747e+00
-3.111693752040939120e+00
-3.400076697995257025e+00
-2.761539454893721324e+00
-3.001799346146838410e+00
-2.599477661026268649e+00
-1.725160226352647985e+00
-1.758637841584604899e+00
-1.288866075918659426e+00
-1.275463682971409884e+00
-1.616803143534028431e+00
-1.431281406216870389e+00
-2.015885512135077384e+00
-2.273096501991569873e+00
-2.361794647434453331e+00
-3.266611243247210972e+00
-3.436912282051740153e+00
-3.217774028024406263e+00
-3.104733916767352220e+00
-2.643182087333078911e+00
-1.937808606094702624e+00
-1.320666015210887334e+00
-1.117292584425140678e+00
-9.503695927609667748e-02
9.415691924013697145e-01
7.073069970622303249e-01
7.887100917944163125e-01
1.151456116652246564e+00
1.544123587885487980e+00
2.006514290181377724e+00
2.247114475276464240e+00
2.743613874199380298e+00
2.680905936615094021e+00
2.200041536571438083e+00
1.654813078541412796e+00
7.737731555960151164e-01
7.817779687029400293e-01
1.450538407778141803e+00
1.951549559310546522e+00
2.561179343531563291e+00
2.875000137764539776e+00
2.705790505308007354e+00
2.893521379259139881e+00
3.649278016212646136e+00
4.188527494881501667e+00
4.270149179954122687e+00
3.996278544694495505e+00
3.619232874485430518e+00
3.385886785180879599e+00
3.318367159062238336e+00
3.453447086197074078e+00
2.869339391266727990e+00
1.704293440608300125e+00
1.382492129782903145e+00
1.252825283886751517e+00
3.632453289871695468e-01
-5.887744706634813197e-01
-9.152102151835417310e-01
-8.341370404101574598e-01
-1.392881939790116652e+00
-2.084753091466533981e+00
-1.546566577104165674e+00
-1.584904509289904340e+00
-2.215105373971398173e+00
-1.736627381564921357e+00
-2.281931592037686585e+00
-3.089013946883348627e+00
-2.916614469097541740e+00
-3.360212354177874339e+00
-3.206411041284522589e+00
-2.844430284780805618e+00
-2.475789795595006559e+00
-1.843874082134484338e+00
-2.066656554150469560e+00
-1.505934044953127771e+00
-1.338944557706927885e+00
-1.752430791072232985e+00
-1.374834327183472427e+00
-1.928769079536085895e+00
-2.072345246760890713e+00
-2.137336748080936655e+00
-2.643613837895143259e+00
-2.465719572433405116e+00
-2.927088295155209519e+00
-2.998505252588042680e+00
-2.892082333212591116e+00
-2.816873958017497959e+00
-1.998175182427075258e+00
-1.786531724685223033e+00
-1.348748942990645627e+00
-6.983686101510711008e-01
-2.182421926691560099e-01
2.855513072055321233e-01
4.315968441885930651e-01
1.037231695154501310e+00
1.585863192778941055e+00
2.090682885097855603e+00
2.713152979372311702e+00
2.873537168545257536e+00
3.070689640029075740e+00
3.019235000134613323e+00
2.130194596942574847e+00
1.019721284700587205e+00
8.497033516918559570e-01
8.144092743858317718e-01
1.029892625172525555e+00
2.115832629188897585e+00
2.454269132522852281e+00
2.687302604122945748e+00
2.801786717782225544e+00
2.901755380072775115e+00
3.985759308658836986e+00
4.403431007840016065e+00
4.355214291863802600e+00
4.020633394484185885e+00
3.649264820369249485e+00
3.733715408544486358e+00
3.027267024011067065e+00
2.478263523258753764e+00
2.231340556063029723e+00
1.537781165474194633e+00
7.569805729743239731e-01
4.491891691852756274e-01
5.204601896619421852e-01
-1.541673041597397820e-01
-4.980271622326220005e-01
-6.647591553636762463e-01
-1.304188641513923219e+00
-1.479011721325416140e+00
-1.746249735486338661e+00
-1.830031170644017546e+00
-2.072186026490865363e+00
-2.528143173014056444e+00
-2.817849481071815099e+00
-3.241455577300437429e+00
-2.947869014238392982e+00
-3.003377542812592615e+00
-3.105896220791793727e+00
-2.784326559502366738e+00
-2.882409416214280817e+00
-1.978772836792810796e+00
-1.386634897468698835e+00
-1.600832061036879361e+00
-1.451550535268138153e+00
-1.768729421612136310e+00
-1.722413241781001858e+00
-1.609282719126972516e+00
-1.982973899068702028e+00
-2.219275797489466573e+00
-2.723865185570200076e+00
-3.054267799553024521e+00
-3.256796147793550755e+00
-3.430481048155364032e+00
-3.057540492760262296e+00
-2.665824549826606660e+00
-2.180721024469138403e+00
-1.641740283685078738e+00
-1.343090184674891052e+00
-4.856893441067752781e-01
3.986702224411103890e-01
8.018186159292209902e-01
1.092155569793852532e+00
8.735283655767975830e-01
1.315970647842108487e+00
2.215857899473808068e+00
2.438343890422828508e+00
2.915457565962651820e+00
2.723612061681102148e+00
2.061313692080229742e+00
1.768337830771758767e+00
1.245449546595308377e+00
1.420979617886437563e+00
1.847848096657195294e+00
2.144727601127943917e+00
2.463461064420571667e+00
2.506736407669108324e+00
2.843671061114100951e+00
3.054142921338741434e+00
3.567727983224767474e+00
4.333902988147851687e+00
4.574778451127606616e+00
4.384869731199186660e+00
3.442373666237644958e+00
3.057672158726401079e+00
3.221813757554706559e+00
2.881356874352364095e+00
2.843901832367197624e+00
2.714096762996652146e+00
1.435785337413359564e+00
-4.288897820343491318e-01
-3.823455052033291057e-01
7.014473610040623530e-01
-6.009604911451659620e-02
-7.597763537356829744e-01
-9.027803222860242283e-01
-1.666823904777397392e+00
-1.567516445653503343e+00
-1.202208155645509979e+00
-1.859894957784992364e+00
-2.143225651640083829e+00
-2.172571962668990331e+00
-2.896964782909918767e+00
-2.863055199724492628e+00
-2.664639947941489506e+00
-2.898153858050555254e+00
-2.715809391623334790e+00
-3.087304632102313207e+00
-2.893111377567948228e+00
-2.172167079182525828e+00
-1.971148045003924709e+00
-1.568900381707281522e+00
-1.701802165099465691e+00
-1.650172227730947627e+00
-1.662311174375833200e+00
-2.008646887996618169e+00
-1.852971544611116128e+00
-2.394985425396958245e+00
-2.934123452799344722e+00
-3.205449154963575520e+00
-3.277898804669283184e+00
-3.117062975372054900e+00
-2.958073036589758953e+00
-2.114994927276721448e+00
-2.227012749899858868e+00
-2.040126803811022071e+00
-7.791054335725564606e-01
-4.598528630038303255e-01
-8.765863011929442283e-02
1.668769156567889156e-01
6.859624796993839535e-01
1.447907164562630911e+00
1.868383163332921537e+00
2.805222736487448021e+00
2.895610292375642825e+00
2.531097600944321790e+00
2.444734916046016338e+00
2.130303701516528037e+00
1.565392778545957597e+00
1.018199699555350612e+00
1.716998819017527156e+00
2.030888422280092254e+00
1.708065186533386903e+00
2.325887887823490985e+00
2.509523357681553435e+00
2.663777808143704462e+00
3.539102174220239760e+00
4.141748599462845348e+00
4.476391128558066868e+00
4.452740372869168795e+00
3.936541575335507748e+00
3.858595679558373348e+00
3.863016870524043966e+00
3.304093407937500171e+00
2.965174763315154394e+00
2.265313427878021812e+00
1.559914243725898153e+00
1.343371434556112520e+00
8.334893974124892857e-01
6.066669259765482547e-01
1.938425451062124605e-01
-2.379337604226486325e-01
-7.891379251927170824e-01
-1.765216421655440016e+00
-1.570933915232185507e+00
-1.427185357313913716e+00
-1.805119534750074806e+00
-1.904473734547383001e+00
-2.261650551323568514e+00
-2.613674309599917311e+00
-2.867980968561288702e+00
-2.463025656967003929e+00
-2.495329822392140073e+00
-3.484338767622152222e+00
-3.514785117795662384e+00
-2.780110902160376263e+00
-2.116448089616895345e+00
-2.016204928148249920e+00
-1.880039473255493698e+00
-1.463772895575828237e+00
-1.580296783129843785e+00
-1.627378603911539878e+00
-1.835589445556012889e+00
-1.981212045976433522e+00
-1.994079684499656668e+00
-2.585029903809684892e+00
-3.078389354162256897e+00
-3.511854828510278193e+00
-3.492591964390282744e+00
-3.088404556510977450e+00
-2.804079197042700144e+00
-2.218504667058323498e+00
-2.061105103291159146e+00
-1.602265069066059144e+00
-3.620792583934799858e-01
3.313932203336085180e-01
5.026835651509454772e-01
3.140206980499198330e-01
5.422925675515923860e-01
1.434503492937102997e+00
1.925988881254503848e+00
2.441988536462925463e+00
2.942453503089229816e+00
2.951879418485183759e+00
2.661775736035623563e+00
1.906794415501129603e+00
1.491645261163959013e+00
1.486696045737661009e+00
1.427471017061697989e+00
1.886634842290417780e+00
2.153131705488549485e+00
2.142888042521784442e+00
2.387445261456768719e+00
2.630668862918164930e+00
3.358323205506542841e+00
4.072674338291449203e+00
4.280275267990053756e+00
4.173181934537459448e+00
3.856334317696020975e+00
3.790795993537997344e+00
3.568749820087910418e+00
3.213880040469752508e+00
2.612751347227082910e+00
1.824219635244852755e+00
1.558599943452173564e+00
1.676252135649310526e+00
2.380625848952929502e+00
8.613612618896331341e-01
-2.975543220235254083e+00
-2.598432535488555573e+00
-2.323604691871374861e-01
-1.847228322534836265e+00
-2.510441261639376975e+00
-7.714536965812297531e-01
-1.877393266581896869e+00
-2.242377492914160886e+00
-1.253560053194010759e+00
-2.787884891853774860e+00
-2.434012586734501049e+00
-2.078952089747351906e+00
-3.168179383911229774e+00
-2.318870515106730146e+00
-3.265188738461147100e+00
-2.922191084384669679e+00
-1.006424839066826227e+00
-1.570965219681375480e+00
-1.032095935746198734e+00
-1.265356057523013389e+00
-1.662990634282207614e+00
-1.234838797133708255e+00
-2.001475445733870373e+00
-1.704726592540955377e+00
-2.551493979274758406e+00
-3.111457820100000049e+00
-2.673800097318475899e+00
-3.528762846768544570e+00
-3.388022140647009905e+00
-3.656773598741478892e+00
-3.117872812190817911e+00
-2.118136896984695206e+00
-2.147853228665142389e+00
-9.954930816079773370e-01
-7.377400263455262674e-01
-1.082143023685879640e-01
6.878905095088323485e-01
4.353580543300603622e-01
1.262411621961384789e+00
1.764540364531719696e+00
2.348296023488822826e+00
2.662011653299909852e+00
2.477714191756438034e+00
2.313341291982256909e+00
1.752911419683064853e+00
1.853382423654928557e+00
1.109458428650054174e+00
1.000744235099612300e+00
1.801542858659497037e+00
1.529272922810209767e+00
2.277037694446007787e+00
2.930471590831013273e+00
2.965462650112588250e+00
3.402549042857816008e+00
3.864443571845220582e+00
4.459688915691502942e+00
4.279447036144949479e+00
3.905642873286074401e+00
3.911241081524138075e+00
3.667158158903481180e+00
3.233747970737961719e+00
3.225004170173281892e+00
3.213216358457672506e+00
1.954357237315506701e+00
9.287999241910336323e-01
6.873877735464741789e-01
2.017170818747233696e-01
5.659915447549714873e-01
6.060881200687364689e-01
-8.295875023795816761e-01
-8.834098911877681370e-01
-9.444615794262691821e-01
-2.581561015705337248e+00
-2.265236507329475124e+00
-1.885362781881792626e+00
-2.669393547373725806e+00
-2.384350120520866145e+00
-2.673584550326804088e+00
-3.139993343121404656e+00
-3.184298788560567139e+00
-3.032804664374599390e+00
-2.697888751631916104e+00
-2.831287876614850152e+00
-2.288899241522989403e+00
-1.813648452976219794e+00
-1.558698948957194297e+00
-1.352334397760252882e+00
-1.484249912277131545e+00
-1.280474999430300631e+00
-2.024696727465629564e+00
-2.205936335663476910e+00
-1.715401536900908130e+00
-2.353929042641476066e+00
-2.797770542502272750e+00
-3.057618925914226793e+00
-2.751090602907109162e+00
-2.772895312687305491e+00
-3.350395191881078372e+00
-2.823635241825314779e+00
-2.310705097305711053e+00
-1.575277304498032382e+00
-7.042081593759121905e-01
-2.473300113037606163e-01
8.094025446266039925e-02
1.353788862329846632e-01
8.181365214182658718e-01
1.450064038446667647e+00
1.829325097671435030e+00
2.242478245614522692e+00
2.538227492103287908e+00
2.896348157114675193e+00
2.448681057141873119e+00
2.228570318894807833e+00
1.942347132063189763e+00
1.033133120148053585e+00
1.046816788958662592e+00
1.092687403407063051e+00
1.462828716186351574e+00
2.386204163176145254e+00
2.668588730762196271e+00
3.020702558384759318e+00
3.560900297397566749e+00
4.029744484564560025e+00
4.372886504118369544e+00
4.299593805242183819e+00
3.961766409854115878e+00
4.158638716180035999e+00
4.464832270479108800e+00
3.279509973693647495e+00
1.801768047640272874e+00
1.456729359331290219e+00
1.496577592525886402e+00
9.846856865164610451e-01
4.985320499168948150e-01
8.399408452121728264e-01
4.153286234211433503e-01
-3.893694945571243293e-01
-5.885034844078188554e-01
-7.867254500518594540e-01
-9.018179391159191205e-01
-1.739016329778856784e+00
-1.932838951523840665e+00
-1.799591252991915580e+00
-2.783057237745940604e+00
-2.355701490061329118e+00
-2.331403656798340940e+00
-3.399149072403682137e+00
-3.196496160918628426e+00
-3.555989652269278434e+00
-3.436748316717781471e+00
-2.410740305566659636e+00
-2.195607912454123234e+00
-1.566440951109288271e+00
-1.459036183659246255e+00
-1.869286654058115005e+00
-1.583155858511040570e+00
-1.598305607330050115e+00
-1.663389651327861873e+00
-1.916214224353374185e+00
-2.410662676132488969e+00
-2.693375951883850483e+00
-3.054075560883944718e+00
-3.223678519575938761e+00
-3.286258104140646452e+00
-2.892027486407345194e+00
-2.412642246006670099e+00
-2.206209408520324988e+00
-1.640717391289968408e+00
-1.164622999401334624e+00
-3.322242867809463984e-01
4.293098151053109657e-01
5.521013584944873820e-01
8.557620160935246467e-01
1.205458011596066026e+00
1.699265453386909819e+00
1.999797766382473085e+00
2.344172151332766241e+00
2.524409249079214490e+00
2.132884837175356374e+00
2.249711778817157892e+00
1.896502578911264392e+00
1.302155452853281936e+00
1.260715636105689264e+00
1.355598973000454510e+00
1.922952250715726619e+00
2.098137254672471474e+00
2.433094572994608740e+00
2.976261136150924802e+00
3.088006364097951817e+00
3.728254416442657870e+00
4.164452335203428390e+00
4.302938722692326579e+00
4.287299292271109508e+00
3.834474353094557753e+00
3.579519292591647694e+00
3.364106101089181511e+00
3.043406884927652545e+00
2.341548727545758712e+00
1.760342429575849188e+00
1.638240285898261650e+00
9.249736110097724895e-01
3.287414738102059086e-01
4.055166619616398238e-01
-1.079451580548830142e-01
-1.122238262506601636e+00
-1.582758663398515342e+00
-1.763615553572952299e+00
-2.106652355042960334e+00
-2.231013266512659854e+00
-1.898213190657757288e+00
-1.964144482988089413e+00
-2.716297511605344717e+00
-2.667462968093236242e+00
-2.591615697719779288e+00
-2.952391703822679681e+00
-2.633009780700508173e+00
-2.992180427118808161e+00
-3.211153614531579770e+00
-2.712310189318992482e+00
-2.415591493289739766e+00
-1.609949910792147332e+00
-1.518725635902429927e+00
-1.452996999775274745e+00
-1.219282013347332327e+00
-1.767721524914149800e+00
-1.567984807329368735e+00
-1.860684970648172287e+00
-2.191114466423819351e+00
-2.334116863362069694e+00
-3.367051533563175436e+00
-3.235372578966878798e+00
-3.287936274658288749e+00
-3.278057831176024450e+00
-2.246922082697586198e+00
-2.049579038719146595e+00
-1.415812211725500980e+00
-8.399983781411675121e-01
-5.995750319800137174e-01
1.250786998931845417e-01
4.094739365016721311e-01
1.035960732089171721e+00
1.670726098226971601e+00
1.948797672242238432e+00
2.395246794305991855e+00
2.647577534512163489e+00
2.707454685594218535e+00
2.539997100893783166e+00
2.313884761748605801e+00
1.763828766291374528e+00
1.022017065568067595e+00
9.320307855265402841e-01
1.598240718476567679e+00
2.148485580166724418e+00
2.400890414078514112e+00
3.078860959005364162e+00
3.137812355252859398e+00
3.269714361771166811e+00
4.078143708850646476e+00
4.084694316405262704e+00
4.347584801393567844e+00
4.368181000581325080e+00
3.941597945111392498e+00
4.130527502287769437e+00
3.699802133284054495e+00
2.645841455449911450e+00
1.283609474385329019e+00
1.124952918065920793e+00
1.802075951436836743e+00
4.424969031233234040e-01
-5.206329824593312061e-01
1.520879026586941518e-01
1.340992605620077160e-01
-4.418949558569330582e-01
-9.818452376210153876e-01
-1.303928706078210542e+00
-1.397460307833344739e+00
-1.606095005178100443e+00
-2.046160023994416655e+00
-2.322647320079436195e+00
-2.290724965235498178e+00
-2.558863673723815957e+00
-2.978253955267255115e+00
-3.095246846860803203e+00
-3.083347249359136732e+00
-2.761993287855980306e+00
-2.125063805245603010e+00
-2.085589283037922570e+00
-2.081974790970422262e+00
-1.685619578497106863e+00
-1.839059638906968663e+00
-1.799300887613872968e+00
-1.903547317122697091e+00
-2.237475051875296383e+00
-2.064243383726501069e+00
-2.616622246488356840e+00
-3.082829186076232020e+00
-3.128972258348848179e+00
-3.261178872930029726e+00
-3.041826256926001726e+00
-3.182092486659770181e+00
-2.961115472585776232e+00
-2.435583867460454854e+00
-2.172815171605883666e+00
-1.582445458648393810e+00
-7.723793800419942457e-01
1.810400468949298070e-01
3.664610450315740064e-01
2.117331947171460227e-01
6.732191412214530990e-01
1.361059102592800274e+00
2.204060155121074338e+00
2.533808545513016597e+00
2.645926278674485488e+00
2.954598120729635014e+00
2.866345559526392250e+00
2.246128244701782073e+00
1.369585437676653861e+00
1.010841305698838344e+00
9.733490282270101934e-01
1.168800769372763781e+00
2.082322269431386097e+00
2.905542422129185010e+00
2.948132975426229763e+00
2.981943703852711458e+00
3.520593101643739953e+00
3.970884943990415028e+00
4.357827904593927215e+00
4.332630983504374811e+00
4.041764269568060897e+00
4.115279129762853039e+00
3.687409694086492884e+00
3.185955623999983999e+00
2.512888201716650283e+00
1.755094798516342980e+00
1.868405337906307695e+00
1.276089385558594858e+00
4.061563638263050446e-01
1.324239985887271098e-01
-2.192057698787740205e-01
-4.798239214493803528e-01
-1.198601056315764080e+00
-1.538387614136539350e+00
-1.357370141895957838e+00
-1.663847013866290192e+00
-1.888691403888899556e+00
-2.191350078295637438e+00
-2.304254521328825689e+00
-2.340084350060187557e+00
-2.863006582320954063e+00
-3.089518494361411349e+00
-3.190817736393060766e+00
-3.103386302711229838e+00
-2.824205491604968365e+00
-2.926256176073213755e+00
-2.255671673078413875e+00
-1.334605062464536696e+00
-1.501902878194201429e+00
-1.402958514313747740e+00
-1.273034044822044741e+00
-1.641344858649170124e+00
-1.576457733639598180e+00
-1.986003958435114791e+00
-2.634913718535845550e+00
-2.799488307128028097e+00
-3.157776869775914541e+00
-3.471399986562127449e+00
-3.468840803569890774e+00
-2.917248324306631169e+00
-2.439947386084588832e+00
-2.383073494039797069e+00
-1.808665712363400901e+00
-1.090698510014493028e+00
-3.278915376604296661e-01
5.665720473788644629e-01
9.756989212001206946e-01
1.002932298002785938e+00
1.155791609086559424e+00
1.723172524239507508e+00
2.166757289647541551e+00
2.335697521967453838e+00
2.460622078316276884e+00
2.298088341661185474e+00
2.023742079519744053e+00
1.796949360880266244e+00
1.508918245697141725e+00
1.330941879726454724e+00
1.583332197694138799e+00
1.961898972617540426e+00
2.378899532160422048e+00
2.961521207889203033e+00
3.125580069344255030e+00
3.205366399995529303e+00
3.678066722259690113e+00
4.152692473245709337e+00
4.321062468127468748e+00
4.236061946396033839e+00
4.083366614786807958e+00
3.654319493632624649e+00
3.240786814967658191e+00
2.816762170431957202e+00
2.068348920344336594e+00
1.486105918875984200e+00
1.051701959199753178e+00
7.947921192109930200e-01
6.781235929545210706e-01
3.463632772720526276e-01
-2.331898002017503690e-01
-8.548345925839351267e-01
-1.250369856676038394e+00
-1.525358944370627912e+00
-1.314146759973142675e+00
-1.371043936221638671e+00
-2.174870620423955181e+00
-2.192284615896544775e+00
-2.251845443567006555e+00
-2.884774429202078938e+00
-2.983095170207007207e+00
-3.262244997134059687e+00
-3.398913806375679858e+00
-2.804459552945226530e+00
-2.599981991754829469e+00
-2.581349212401929272e+00
-2.052012585861938465e+00
-1.726057842226817129e+00
-1.672097964859023067e+00
-1.509739111621152707e+00
-1.489136732942450969e+00
-1.634442287933304927e+00
-1.930973938864412487e+00
-2.205748984780504074e+00
-2.642485000735963485e+00
-3.054805791993960185e+00
-2.962876575548969882e+00
-2.991475098883288997e+00
-2.894529962448423088e+00
-2.596137923002658887e+00
-2.476520530822453381e+00
-2.148027727880281734e+00
-1.456984218933749631e+00
-4.437115850007579687e-01
-1.703009040424330323e-02
1.248042568185808721e-03
3.895592949552211248e-01
9.654540922585012064e-01
1.516681993082831248e+00
1.683414509536780068e+00
2.311424124017348092e+00
2.749570272164351792e+00
2.755812717835378400e+00
3.160732348842630657e+00
2.304301615434503958e+00
1.383688913325510583e+00
9.841449500129314520e-01
6.388869373579197930e-01
1.740780718294205220e+00
2.200150020334827872e+00
2.222044780826658794e+00
2.821562008490376083e+00
2.654026775181971054e+00
3.122248592420298507e+00
3.905522093085092905e+00
4.162262398509234629e+00
4.423361564218218689e+00
4.042060474006646587e+00
3.568485420071221270e+00
3.460558121181450897e+00
3.111161439479556812e+00
2.491189705998658965e+00
1.994465085622961098e+00
1.509187356563026938e+00
6.844436334470775929e-01
5.042372733566655718e-01
1.319896142709368947e+00
9.341210750574314714e-01
-8.926532834681828454e-01
-1.479630202163917829e+00
-1.294350758409022140e+00
-1.690621120126656995e+00
-1.751808671284842855e+00
-2.063078917590525752e+00
-2.319983649244631074e+00
-2.101507794625180114e+00
-2.720454286554256029e+00
-2.892561736970679309e+00
-2.518656455238504677e+00
-2.975958527723583380e+00
-3.270592802947681399e+00
-3.388288457998652525e+00
-3.059036578821659802e+00
-2.050336147923832897e+00
-1.663036403524615015e+00
-1.486730707613946878e+00
-1.413866210267189727e+00
-1.589802585998060458e+00
-1.478716762705468035e+00
-1.633334285552918930e+00
-1.870919591194292853e+00
-2.098529961068562599e+00
-2.626017585870686677e+00
-3.074930243313259481e+00
-3.294408590261641123e+00
-3.199227368261916560e+00
-2.968336310505898190e+00
-2.690307221555513273e+00
-2.318034271795765822e+00
-1.579321538982868756e+00
-8.309495121192140843e-01
-4.861768311351706284e-01
6.064326300162712347e-01
1.346482514917070716e+00
6.927535523316565857e-01
6.245254137031730490e-01
1.309374382918135016e+00
1.890090368917497932e+00
2.610811897005683058e+00
3.366801372632623135e+00
3.147797071846353933e+00
2.176645941032015585e+00
1.695065627103435002e+00
1.232875564596803919e+00
9.935824927825697150e-01
1.524219791628456333e+00
1.973300218753982982e+00
2.254613765275832016e+00
2.479931496933659218e+00
2.418621356676403877e+00
2.590728986780198362e+00
3.345652190633565226e+00
3.999416157823805662e+00
4.343734088730426990e+00
4.340605157237638068e+00
3.934172683334931087e+00
3.569339690624323769e+00
3.060693592436911636e+00
3.079611632842352620e+00
3.278198706094906267e+00
2.088491079712934351e+00
9.687815050838533004e-01
9.681072950253527543e-01
9.509282341692857354e-01
5.499637984671172930e-01
-3.347467303264777261e-01
-1.350817463919374628e+00
-1.239853726980529647e+00
-1.322594501153741442e+00
-2.281010364429141291e+00
-1.762851680760116224e+00
-2.103491582499557921e+00
-2.939985466391813240e+00
-1.970674888330097962e+00
-2.934680388696313535e+00
-3.015318914553423379e+00
-2.205091261045573070e+00
-3.493907988403068821e+00
-2.406434738376347138e+00
-2.318073312022628230e+00
-3.278950866350910154e+00
-1.838388489240786461e+00
-1.813243879257599112e+00
-1.367887966798558619e+00
-9.545257166480065614e-01
-1.543397122167038615e+00
-1.259090968994053927e+00
-1.727588576042765833e+00
-1.851995924088184031e+00
-2.404656252678010642e+00
-3.073731117247942901e+00
-2.810324169507225633e+00
-3.120285484941153431e+00
-2.938037949969076301e+00
-2.993972392170461738e+00
-2.626538053063437683e+00
-1.984518783342078763e+00
-1.891960495271644227e+00
-9.729720491334880039e-01
-7.158101789676769577e-01
-9.557618572710868676e-03
7.962439503925227147e-01
7.672593349058239864e-01
1.583099684518726846e+00
2.049620933029715708e+00
2.333906183989039818e+00
2.306108068397929145e+00
2.437060506804120230e+00
2.521535161939385983e+00
1.571914625748411343e+00
1.458192495430456592e+00
9.087126404425087678e-01
7.936175616171170510e-01
1.757922436221657447e+00
1.787339510201394921e+00
2.482410661236575056e+00
2.956718438162862395e+00
2.807580934375638826e+00
3.301529698921026768e+00
3.942725484378537537e+00
4.551714470636942345e+00
4.443470602462616270e+00
3.943041272883538895e+00
3.740854871635584278e+00
3.986364376372458995e+00
3.762071172270543329e+00
2.491537256888140650e+00
1.881973234155055685e+00
1.971719648079302445e+00
9.774002816246565306e-01
-3.916814993416430912e-01
3.158980240700826059e-02
6.082834656413400598e-01
5.451741580382749586e-01
1.832422676824294605e-01
-1.678747144375104750e+00
-1.591160026742943767e+00
-6.505357758149692415e-01
-1.834445687208862585e+00
-1.984815996703611196e+00
-2.305566223108535873e+00
-2.598994981663357962e+00
-2.123342731674890960e+00
-3.038426467378695595e+00
-3.320200469230356610e+00
-3.338988301990376328e+00
-3.397240645384927760e+00
-2.591386192833889712e+00
-2.472105247724173616e+00
-2.100115611358735812e+00
-1.769922345832163568e+00
-1.968794302142439001e+00
-1.774459221744248083e+00
-1.790341944211174985e+00
-1.752391353668836471e+00
-2.033873097736449864e+00
-2.342305670486481528e+00
-2.346036133306363958e+00
-2.804316402944968090e+00
-3.001691914986893917e+00
-3.344595024492040380e+00
-3.179303663834249338e+00
-2.494504316401314981e+00
-2.441385851171661514e+00
-1.812927023017630201e+00
-1.425581218255519644e+00
-8.014971324828241706e-01
2.802016952566548369e-01
2.839821001421316549e-01
4.902891015529072805e-01
7.496959093163259036e-01
1.567216081190887067e+00
2.412496831088896787e+00
2.292500608996727252e+00
2.989929575177301402e+00
3.117417442707487663e+00
2.437120384240119009e+00
1.910435620615286156e+00
1.563630524439482361e+00
1.455537123012681899e+00
9.688757005478271234e-01
1.580540870158048783e+00
2.241353298444626052e+00
2.280098119423439762e+00
2.783797877342546911e+00
2.744409591444010754e+00
3.249899808987560146e+00
4.119925982467915304e+00
4.347863342005171106e+00
4.097389709903624500e+00
3.448397819295234257e+00
3.391096228011115432e+00
3.732524700530964967e+00
4.037573359967647768e+00
3.329306719051537744e+00
2.055984563470580895e+00
1.585557432017120405e+00
5.927408995219272114e-01
-3.115510072675616859e-01
1.262372169884937723e-01
2.081811453464710859e-01
-8.433701919589798868e-01
-1.303168596283734937e+00
-1.323381127404553492e+00
-1.618293983770322741e+00
-1.365808060145547120e+00
-1.979429441595718098e+00
-2.496274591565780909e+00
-2.011296180068120609e+00
-2.628422840568438890e+00
-2.891884873665733213e+00
-2.660609065321471789e+00
-2.965037558754398006e+00
-3.429186474099237270e+00
-3.916022201573244210e+00
-2.894955349793050470e+00
-1.611065032067963143e+00
-1.595352934938566225e+00
-1.458018442316054930e+00
-1.227688252086993170e+00
-1.473438241249245717e+00
-1.554333271314052300e+00
-1.364965641957978093e+00
-1.858656193718224658e+00
-2.565187311311093676e+00
-2.750222204196069775e+00
-2.853171105991671563e+00
-3.134145353459950378e+00
-3.377513560525763570e+00
-2.825159170636266204e+00
-2.320616211710354371e+00
-2.182808504400059579e+00
-1.531582595288865534e+00
-9.855654409269140048e-01
-3.348626153975640118e-01
4.574437322903610048e-01
9.374275822719869700e-01
9.452599252813597142e-01
8.722283238039346687e-01
1.868879618408652021e+00
2.675056328654170645e+00
2.697881333041669549e+00
2.675103860841817838e+00
2.343386926113971924e+00
2.052676032900117686e+00
1.458560446107847852e+00
1.057335124233002244e+00
1.552609206777578299e+00
1.853232924945076077e+00
1.779408201292705050e+00
2.086639456268293280e+00
2.699502011958964776e+00
2.823343624186956724e+00
3.215972280228790670e+00
3.910526136723609270e+00
4.005338340040117906e+00
4.219083239764088944e+00
3.985378599979771952e+00
3.644885095036456857e+00
3.622218968332191924e+00
3.220550033356381014e+00
3.172845311946469682e+00
2.550677436651503260e+00
1.649088965823292341e+00
1.212807347795681778e+00
4.756883020478546165e-01
3.439233586993802883e-01
2.993356286811764688e-01
4.427599733653742042e-02
-4.828544581163404792e-01
-1.660111437158610537e+00
-1.849355301553041286e+00
-1.546495347789183405e+00
-1.825801000836319021e+00
-2.209691012564848123e+00
-2.415576424469208394e+00
-2.559555454423988685e+00
-2.892146323716684009e+00
-2.971903630734419544e+00
-3.130450563030261257e+00
-3.110794913106296189e+00
-2.618596230598084773e+00
-2.652065581322642807e+00
-2.758431988007774116e+00
-2.381861119587201259e+00
-1.773708128528026062e+00
-1.609378764646514082e+00
-1.697082863495059435e+00
-1.438693711355267135e+00
-1.692276917842923112e+00
-1.936477050764419561e+00
-2.060576207321617392e+00
-2.563754485710283859e+00
-2.783634978481022149e+00
-3.130554748451838343e+00
-3.255320793934195933e+00
-3.039874278124083062e+00
-2.704192760378095528e+00
-2.126808150504747363e+00
-2.061563953125286730e+00
-1.461795200035319375e+00
-6.117391306599244682e-01
-4.487579017279065829e-01
-3.770496812796475528e-02
1.878093744946995880e-01
8.269175180404891856e-01
1.682496756834848783e+00
2.024219754656487957e+00
2.768651307187490751e+00
2.834473671336939837e+00
2.332044208033751787e+00
2.154970029762997008e+00
2.285002268141735016e+00
2.428595989708033809e+00
1.493102095498571424e+00
1.277344579099817024e+00
1.964504424822684392e+00
1.809377136046676604e+00
2.187510171595691055e+00
2.711082635374907124e+00
2.852056543730898674e+00
3.607283736440291655e+00
3.985067872695285729e+00
3.979543994808478313e+00
4.264540155699157786e+00
4.026739994564943359e+00
3.577946408994027383e+00
3.494692137581053792e+00
3.391057048743945757e+00
2.958933163272179367e+00
1.831504901781516814e+00
1.149587324526278653e+00
1.191588752407218843e+00
8.045048325136394674e-01
5.762921808309733329e-01
9.806870745793427879e-02
-7.563173318331641859e-01
-1.153254347454366613e+00
-1.407989553784911863e+00
-1.580682644919042978e+00
-1.809771580858759332e+00
-1.734618174443108840e+00
-1.916509832345615783e+00
-2.561834332122801428e+00
-2.491743317932826329e+00
-2.420056803410675084e+00
-2.435165633468685087e+00
-2.684587310017227058e+00
-3.379303280275816501e+00
-3.098222671675883166e+00
-2.215828398392353460e+00
-1.872559328619917807e+00
-1.883247976526708278e+00
-1.588800715754345561e+00
-1.516076696318267913e+00
-1.740939413585041562e+00
-1.545568475347143700e+00
-1.744195003075355244e+00
-2.004833203727291568e+00
-2.219532270850029132e+00
-2.804596508861723070e+00
-2.843388230698938202e+00
-3.028368622773928820e+00
-3.359054893620360804e+00
-2.985117262795383475e+00
-2.665668682199178630e+00
-2.340241289754498411e+00
-1.764695299120827121e+00
-1.247096449161408493e+00
-5.055313862357766475e-01
1.491421477584444766e-01
4.513911158749395747e-01
6.362070828334295269e-01
7.149850801662204214e-01
1.280978402531415927e+00
2.056997145901860335e+00
