3003 0.00333
1.150421972517454963e-04
1.324282446605191119e-04
1.214711791262126857e-04
9.976559635272972163e-05
6.815770866151002613e-05
5.069197693287519926e-05
9.412170541918024510e-06
-2.063455227344237032e-05
-6.786332088084108755e-06
-2.848489229820468511e-05
-4.886396355402625695e-05
-4.728921289946373847e-05
-6.628914589189093638e-05
-7.334014032407480102e-05
-1.012353440159654021e-04
-1.459569380696830584e-04
-1.442839256695943758e-04
-1.346639662052092734e-04
-1.308686194924281888e-04
-1.292890949062549622e-04
-1.565545490338660247e-04
-1.772968783752655261e-04
-1.624662082308080027e-04
-1.525388610557718992e-04
-1.637492599179178436e-04
-1.597405505444033725e-04
-1.684541487258847268e-04
-1.874685200199255461e-04
-1.696974796441239367e-04
-1.852658200522387839e-04
-2.021571146724590107e-04
-1.696037249049659108e-04
-1.826141789333982871e-04
-1.926383334459022859e-04
-1.458340251711454007e-04
-7.623317385576977362e-05
1.394834783951867759e-05
6.251764320162558506e-05
4.596624503784563898e-05
1.388521042142207531e-06
-1.321362499552468623e-05
9.598268466808419078e-06
7.101159678443453020e-07
-9.342351630055335595e-06
-7.768038664135984005e-06
-7.659824481019678367e-06
1.737178992546536079e-05
3.711624162449775539e-05
7.176673614922670405e-05
1.025694807606329097e-04
9.884040620584825035e-05
1.167075139971313622e-04
1.258052765044588887e-04
1.096982104325144777e-04
7.786118936450995870e-05
4.000239349492593446e-05
4.628288101324043788e-05
4.068494849197114077e-05
2.624790331511998151e-05
6.594189504727250150e-05
9.897177373009583348e-05
9.328158275306139995e-05
7.210812425695897841e-05
8.106738180221389675e-05
1.369055504212105814e-04
1.759835555487488485e-04
1.752445875432474169e-04
1.691265896333905545e-04
1.847058570939209973e-04
1.814886480849933802e-04
1.345151211714484265e-04
9.794624222924850059e-05
6.583617266473615792e-05
2.348787499998369037e-05
1.906255012458651118e-05
5.882420619309312865e-05
6.652581695554183499e-05
8.769824577870597386e-06
-2.190539559823950774e-05
2.382753163559181834e-06
-1.001435371424314170e-08
-4.449375582167095904e-05
-7.919070046404014316e-05
-8.111921868306648119e-05
-6.048446401875103419e-05
-2.576581426231323377e-05
-1.176885849381819590e-05
-2.836578046943655289e-05
-3.242128658570415613e-05
-1.426920173681675581e-05
2.147230813289235734e-05
6.316058102829081341e-05
8.707548948300080564e-05
9.512506327982304022e-05
7.996378865846949697e-05
3.557193973420801373e-05
5.499559063794928651e-06
7.203279549621286925e-08
-2.474146548105155024e-05
-2.991686090936814698e-05
7.265071287324605725e-06
1.540236757676611952e-05
1.599342383246143401e-05
4.668975331818266101e-05
6.186209959283834193e-05
5.561534489538510101e-05
5.111779849607439493e-05
4.371343189269212825e-05
3.803845539155445313e-05
5.187081727739643736e-05
6.011434797441486775e-05
6.395746995912563577e-05
9.841877988065482529e-05
1.203868720624712491e-04
1.098571550574611492e-04
8.288646595843776057e-05
4.507715643833308121e-05
5.538038416948604667e-05
1.044634317266621842e-04
1.225213508046779241e-04
9.829577963848760557e-05
5.209132388794960905e-05
2.859034524648606531e-05
3.229397163430677554e-05
4.614840470743562014e-05
6.573837448366255816e-05
3.820978470774444812e-05
-9.626168916629833109e-06
-8.695372014504112632e-06
-1.062065063599551823e-05
-3.192400571979247273e-05
-3.176250463530890737e-05
-4.255682658319765777e-05
-7.734656083162052512e-05
-1.005266018071912721e-04
-1.255399273529038374e-04
-1.733936897629468309e-04
-2.131472695050578485e-04
-2.245826017750935408e-04
-2.128000012580803595e-04
-2.118650087992575654e-04
-2.695079541413732170e-04
-3.417409315722451163e-04
-3.886278827893354521e-04
-4.451070318321098435e-04
-4.943830209804470207e-04
-5.291881949294313095e-04
-5.814096908778392751e-04
-6.406476155327356153e-04
-6.932753421258962224e-04
-6.985739150426539205e-04
-6.200740826907568835e-04
-5.244449815992083784e-04
-4.333407188380301650e-04
-3.024685745136173080e-04
-1.850482732173851252e-04
-1.124431293566687895e-04
-6.181000547240161794e-05
-4.488839026746737151e-05
-1.128517409511615993e-04
-4.025471633678405297e-04
-8.891062666030759547e-04
-1.298963313478619565e-03
-1.437294851303098095e-03
-1.322285513328259757e-03
-1.097204232020823839e-03
-7.940204800798915212e-04
-2.613744067178325171e-04
6.945967474552387777e-04
2.032496393302899319e-03
3.261269412166727198e-03
3.963180272261915445e-03
4.252713256708547628e-03
4.425102919301126744e-03
4.321298969092850564e-03
3.494927373259557046e-03
2.484951127899961455e-03
2.363615836119392372e-03
2.778374951609992316e-03
2.836340621985088128e-03
2.714108598916353809e-03
2.388766833204764364e-03
1.308764593078270110e-03
-1.311958157875227327e-04
-8.806812539600017030e-04
-6.910029778094099609e-04
-1.029192081338916025e-03
-3.070734567640182999e-03
-5.039053220636640837e-03
-5.312342213176923442e-03
-4.821829871841361824e-03
-4.036296943735127353e-03
-3.291893267245232617e-03
-4.301752097348170156e-03
-7.219328609111114528e-03
-9.830804074929446607e-03
-9.830951195196047793e-03
-6.376509142527488766e-03
-1.370157055683491340e-03
2.573210721914616014e-03
5.529113035738527152e-03
7.971272414467192938e-03
8.442464813410615124e-03
7.181713481307419426e-03
6.492746090091642240e-03
6.178202218191547988e-03
5.459916239720770566e-03
5.315172967320239486e-03
4.185437980147559654e-03
4.202415056182425500e-04
-2.949021429186312378e-03
-3.565796805441212407e-03
-3.336830154602393218e-03
-4.617692543585310942e-03
-7.780346234833645201e-03
-1.090036832166365807e-02
-1.187114905432724334e-02
-1.137844076385531242e-02
-9.466067469822359720e-03
-4.945659605747778145e-03
3.105167836284527020e-04
4.640852409020810275e-03
7.579731973627806124e-03
8.277978365010034423e-03
8.159884602071083154e-03
8.759733128328103802e-03
8.987382526053470239e-03
6.968212467312580663e-03
3.982268229997663021e-03
2.119776878954118121e-03
1.058087507002195579e-04
-1.674736886568915740e-03
-3.138601780252569563e-03
-5.616800984090591052e-03
-6.809027473348485890e-03
-5.837437043929383576e-03
-2.151765435199451057e-03
4.670547588186755097e-03
9.365801687307273582e-03
8.583232541101539978e-03
4.408633442785112738e-03
7.919807697196280588e-04
-9.546147931984297135e-05
-9.946104329445020192e-04
-2.706354713828385081e-03
-4.456266967416221310e-03
-6.779795661382679445e-03
-7.490797663970310584e-03
-7.436617933994777753e-03
-6.807475793488738589e-03
-3.203035951839334258e-03
-1.078479547864446110e-03
-1.148362030793941176e-03
-5.008403467503993447e-04
-1.145560156191742377e-03
-1.466514629739826400e-03
8.699199298426227430e-05
2.157611774152676243e-03
4.291313835979981145e-03
5.575625414871294289e-03
6.901357237676250533e-03
8.984828364317897290e-03
1.057966805005431180e-02
1.126025664768301460e-02
1.209371608858757045e-02
1.217216379012613613e-02
1.081524703701119625e-02
1.074365273855725292e-02
1.108136536971571565e-02
1.105702903694488412e-02
1.146909469110122225e-02
1.107131351628774969e-02
1.120788695372658059e-02
1.078825012138101384e-02
8.997182013598309380e-03
7.917049724816936293e-03
6.931296517998730700e-03
6.494350489323732871e-03
5.952582058657655655e-03
4.756893057531776971e-03
4.329344726490061412e-03
3.754498648092083682e-03
2.504853814706732226e-03
7.056963238388361866e-04
-1.786671603555191595e-03
-5.658587200212151190e-03
-1.143400533226755084e-02
-1.812550384407059581e-02
-2.372587299508111675e-02
-2.701422056514320852e-02
-3.087209295014029312e-02
-3.550380012630205417e-02
-3.806101342113404201e-02
-3.979482125494548245e-02
-4.231530595770305325e-02
-4.704364009782002753e-02
-5.178252656147734612e-02
-5.213766699322017889e-02
-5.006885339530810913e-02
-4.708449518385283972e-02
-4.286169172247166620e-02
-3.790861446039443805e-02
-3.237776683790701687e-02
-2.874260380428329820e-02
-2.512019459218146206e-02
-1.906459015910960328e-02
-1.309869003193115181e-02
-5.287037522188216786e-03
2.581198564468797484e-03
5.262766540211845194e-03
7.754581579703990514e-03
1.489866269707643132e-02
2.457558079154353869e-02
3.348822604606211534e-02
4.079304031164762701e-02
4.717463561320282134e-02
5.129170838491729778e-02
5.541071748333257357e-02
6.096512206767142755e-02
6.300027553037855499e-02
6.116019350570583296e-02
5.933887657287884032e-02
6.081335607475039928e-02
6.553781010131846940e-02
6.888188739968119367e-02
6.995773201560522014e-02
6.949515899345047598e-02
6.755244189253803433e-02
6.438022765405036762e-02
5.821461440273530130e-02
5.280540096540159434e-02
4.975355013695733492e-02
4.569834207153356670e-02
4.276480745877060674e-02
3.986778157950441465e-02
3.582143422041973030e-02
3.098012733577532388e-02
2.366636541654008885e-02
1.815040525069555946e-02
1.471299322727691837e-02
1.074012414544690472e-02
6.722469959609941870e-03
1.117008608889003950e-03
-5.362399596241859169e-03
-1.259410097008428243e-02
-1.975618366735343995e-02
-2.467248267970447231e-02
-2.701042687012169749e-02
-2.719781933758807710e-02
-2.992223883204161994e-02
-3.755846538935260492e-02
-4.876328206018556988e-02
-6.140022316622386483e-02
-7.131853257785658595e-02
-7.577489802037623567e-02
-7.382254189380228759e-02
-7.164005359715376609e-02
-7.724321357824685819e-02
-8.817583318026553374e-02
-9.737359530333741797e-02
-1.026364287659746050e-01
-1.049119658043841108e-01
-1.046204419400682678e-01
-1.058498169271395034e-01
-1.105571851503387437e-01
-1.141911569635790658e-01
-1.127582569186783568e-01
-1.063600767147399873e-01
-1.008414601819824369e-01
-9.750180092934931930e-02
-9.380977352781104395e-02
-8.922304983529964761e-02
-8.209189908619848874e-02
-7.717382492365558455e-02
-7.180071043318936308e-02
-5.919180808253263204e-02
-4.894032390612145650e-02
-4.319162483073773345e-02
-3.562119004068291239e-02
-2.640312770838057835e-02
-1.540647498076502808e-02
-6.014469957176496635e-03
1.358226582897370700e-03
9.705385623383190954e-03
2.110992872958159308e-02
3.857215617434835153e-02
5.595231830590011168e-02
7.306635921004353551e-02
9.616728371955657328e-02
1.180168985663643116e-01
1.351461704465511116e-01
1.504086841300953381e-01
1.623579157834068032e-01
1.719176246263604824e-01
1.810070251342063563e-01
1.882666391012243201e-01
1.912734603104122577e-01
1.893853623047939139e-01
1.791869812695135178e-01
1.604645056384382540e-01
1.393951529909605302e-01
1.169500005681489291e-01
9.315567284603273879e-02
6.978901700951964382e-02
4.919852009041421337e-02
3.188051343438675495e-02
1.333316855911903000e-02
-5.542147085397241234e-03
-1.880744788497026171e-02
-2.580613075497027384e-02
-3.080417242651120255e-02
-2.963288564596143829e-02
-2.418877348557175316e-02
-2.796834191907740519e-02
-2.802827254388191164e-02
-1.342753021434500184e-02
4.095251287514804772e-03
2.248629620693242542e-02
3.275673826803197214e-02
3.253829556921884747e-02
3.740974699395968606e-02
4.549566269444953875e-02
5.090868671777974697e-02
5.553949832192164870e-02
5.862753984702315235e-02
6.301886864249620079e-02
6.789274870930954442e-02
6.592434810265317136e-02
5.920901041939578835e-02
5.297139923445814969e-02
4.518166075588945368e-02
3.603216251089392391e-02
2.780277077182256862e-02
2.216264749313969981e-02
2.005544974226003072e-02
1.983552046537499086e-02
2.097546787579752242e-02
2.411657314698379892e-02
2.867268824506614966e-02
3.257912251552669974e-02
3.655352202099491910e-02
4.199082468922953754e-02
4.847734788269165984e-02
5.597926872954579747e-02
6.204209229362252914e-02
6.591373820161985919e-02
6.514821905749444697e-02
5.718820740866877028e-02
4.637438458108350536e-02
3.442302438771224771e-02
2.180954141016403294e-02
8.422478444229108963e-03
-9.228072411876361500e-03
-3.475221150972947898e-02
-6.813750517201253021e-02
-1.022054741868549665e-01
-1.333335771703740291e-01
-1.654399272539531507e-01
-2.014175795764815979e-01
-2.329751600465287953e-01
-2.532605751324295551e-01
-2.753448854676565638e-01
-3.024351216153182698e-01
-3.225379742200648048e-01
-3.393188468070792996e-01
-3.612793196547400831e-01
-3.833675079530369234e-01
-4.001450633009720481e-01
-4.098361091502242814e-01
-4.067138876118427948e-01
-4.010159286249673216e-01
-3.989362277806531853e-01
-3.836909612636386635e-01
-3.599496709774041570e-01
-3.304688993896845450e-01
-2.854341252708817445e-01
-2.378625826469094040e-01
-1.909150940810384334e-01
-1.426624350728997459e-01
-1.009926408605212045e-01
-6.883440953808619978e-02
-5.684060478140328526e-02
-6.490529350195901881e-02
-8.015390234055586038e-02
-9.555106365961973935e-02
-1.054790599275081675e-01
-1.137014261121239433e-01
-1.235644966678021150e-01
-1.304327406850683546e-01
-1.333254688732135318e-01
-1.351977361159170110e-01
-1.355392787280089717e-01
-1.225720998886539181e-01
-8.879110937606532472e-02
-4.248931552491723440e-02
2.831310635514684790e-03
4.247401408955684549e-02
8.437337990390882114e-02
1.306112620606383612e-01
1.810261116876022980e-01
2.352046116159948741e-01
2.893772600905417658e-01
3.507351630451218671e-01
4.103189565815779649e-01
4.543742369340935672e-01
4.920085806282190610e-01
5.203211326340930754e-01
5.375526008267369482e-01
5.501410279301366391e-01
5.569384455034011028e-01
5.662006905051010230e-01
5.796349012591760497e-01
5.957141460177715064e-01
6.149303691409304662e-01
6.312877566876217150e-01
6.531189196868025792e-01
6.852485647198950369e-01
7.225311630776798388e-01
7.619293215123696950e-01
7.967969701846436825e-01
8.283758071734589334e-01
8.545060767202071750e-01
8.681745225391647169e-01
8.663140348578916017e-01
8.452819729663021420e-01
8.168988763813679332e-01
7.935952566417036058e-01
7.669867763720796816e-01
7.251428453895697457e-01
6.652459608913626754e-01
5.880720068233907805e-01
4.981421348173274977e-01
4.067646234192620058e-01
3.156885267180897237e-01
2.209994697578213096e-01
1.253926350512322152e-01
2.791169420869783063e-02
-7.233431108964905043e-02
-1.716438416924760402e-01
-2.720643975521805369e-01
-3.816984814091761158e-01
-4.906063876805618063e-01
-5.807581278727060869e-01
-6.539167683043706214e-01
-7.107003653676151611e-01
-7.488315892487754644e-01
-7.697088114123026292e-01
-7.805163959582043232e-01
-7.909899576557075651e-01
-7.941164297068118438e-01
-8.028402898474833460e-01
-8.357431725328968719e-01
-8.866313582820360972e-01
-9.573380933952826410e-01
-1.036075404773582287e+00
-1.114024850696392344e+00
-1.195835262877706029e+00
-1.267760934612412571e+00
-1.332085774338791051e+00
-1.392032468247800248e+00
-1.434479332643002980e+00
-1.456310644495637963e+00
-1.460848533479393474e+00
-1.449658518195656498e+00
-1.418960374361784238e+00
-1.375895245662578148e+00
-1.316840522084546050e+00
-1.234250670629090996e+00
-1.146679100937169071e+00
-1.046885924907708709e+00
-9.291156382461290830e-01
-8.127963318099342693e-01
-7.004715531129633854e-01
-5.971770547230919046e-01
-5.000096919018500730e-01
-4.032300934723028751e-01
-3.093283670844856892e-01
-2.087534978042716594e-01
-1.003944302618176992e-01
1.556708299601828292e-02
1.366811658785142547e-01
2.557936212723223579e-01
3.784888451944124488e-01
5.057803007667470707e-01
6.399211088365409639e-01
7.812184742611300026e-01
9.204043729863017331e-01
1.056206095770694242e+00
1.185819451217020815e+00
1.301366217810362880e+00
1.396738828969819712e+00
1.471540637071589552e+00
1.532430023222799642e+00
1.583722428545610850e+00
1.624626815325544094e+00
1.646062218712814218e+00
1.639756868249998556e+00
1.618227482537409223e+00
1.595848333254390683e+00
1.561233217972296305e+00
1.508777743860378662e+00
1.451520961158841105e+00
1.387219315731174074e+00
1.316835917577324544e+00
1.242275363344534256e+00
1.144482678064994596e+00
1.034505951811876656e+00
9.368580287293940545e-01
8.360495209116887150e-01
7.226814215733504687e-01
6.137833702306467742e-01
5.221906972801292346e-01
4.461858929980945243e-01
3.753267441036806651e-01
3.109534236248941985e-01
2.533537605776587376e-01
1.946900414351812880e-01
1.365064554346392678e-01
7.130961043453586112e-02
-1.294317507284513218e-02
-1.185751649869801333e-01
-2.441081574233949780e-01
-3.803573871812376828e-01
-5.180447262832469368e-01
-6.463726903556801240e-01
-7.568261014182056101e-01
-8.546846274651401787e-01
-9.555567127308994824e-01
-1.068074890486692574e+00
-1.164848915610688929e+00
-1.220440175522259585e+00
-1.250512892039450596e+00
-1.265517623422981686e+00
-1.264129845116484629e+00
-1.255651447188038672e+00
-1.231084482510287126e+00
-1.176878938792562668e+00
-1.110962559600213284e+00
-1.049320934070807843e+00
-9.908035906670205062e-01
-9.287009730400719310e-01
-8.667314356069916181e-01
-8.216187401142477365e-01
-7.720960170086911267e-01
-7.068350197364534626e-01
-6.467015826320141603e-01
-5.725951182225628155e-01
-4.832411399354274439e-01
-3.968816245202115289e-01
-3.047045299737310420e-01
-2.061223980587098825e-01
-9.577382802113117155e-02
2.431555062703646269e-02
1.446356900145672475e-01
2.645995174548508300e-01
3.770738118369936775e-01
4.897556317078605170e-01
6.061499115534433324e-01
7.069588884296313935e-01
7.751905539142887047e-01
8.184034056937201651e-01
8.568420275930735963e-01
8.872168235828017391e-01
9.069970738965285051e-01
9.155806755097438687e-01
9.049912716059064222e-01
8.836858144143313609e-01
8.518892507204419706e-01
8.076930243696160971e-01
7.617133136021668749e-01
7.107753762411967990e-01
6.413327742134881104e-01
5.572188798451354064e-01
4.775796642123883995e-01
3.986446425494289403e-01
3.053395975809472529e-01
2.020746530657339946e-01
1.028406933397811862e-01
2.464767640183388592e-02
-2.871005844887409772e-02
-7.063197492951306389e-02
-1.050048801969578338e-01
-1.294917171852226212e-01
-1.567693481924841148e-01
-1.935106312705119069e-01
-2.347770625608959494e-01
-2.849335640920494517e-01
-3.418419592389163597e-01
-4.087088527627862899e-01
-4.945800541176381682e-01
-5.931230764555613932e-01
-7.007011593028276142e-01
-7.994882459692795873e-01
-8.756122530786468738e-01
-9.448159256492738578e-01
-1.009901068000915281e+00
-1.060355080411131912e+00
-1.082739922314024383e+00
-1.078521480172423663e+00
-1.066604268382373322e+00
-1.046769734684312336e+00
-1.020496309710282601e+00
-9.864366939483725227e-01
-9.279204731048996679e-01
-8.478629712470390212e-01
-7.602337845476618838e-01
-6.749536789624114297e-01
-5.901023817870263422e-01
-5.065871845685154806e-01
-4.428551110431229176e-01
-3.906960515022366298e-01
-3.315210867264024586e-01
-2.710714201665831435e-01
-2.023980728838100651e-01
-1.151809376941537039e-01
-2.289795323160466814e-02
6.899073456698347206e-02
1.713877404872809207e-01
2.873684382955274397e-01
4.175461092918752448e-01
5.566467681496115594e-01
6.871203633224457485e-01
8.072721126542196091e-01
9.254562297312669550e-01
1.036693986511541876e+00
1.131415417452607874e+00
1.209358374065396813e+00
1.275558139396018253e+00
1.321028063879670311e+00
1.348237383657923560e+00
1.374204190780679680e+00
1.386025105634337118e+00
1.373851446302861934e+00
1.347765179221132925e+00
1.311921781252265884e+00
1.271485112231355297e+00
1.219195745299743061e+00
1.148246258137203490e+00
1.067580040246491224e+00
9.785757630069785717e-01
8.824301121255593294e-01
7.856750899354177919e-01
6.847520881498779799e-01
5.709546410029266994e-01
4.530464307099627552e-01
3.473657978784099876e-01
2.587685076739585366e-01
1.879212847232124561e-01
1.286179849993790147e-01
7.657747751812030157e-02
2.662723549250557709e-02
-2.935486056615406111e-02
-8.662016353862961315e-02
-1.465558918026377277e-01
-2.149900079706707212e-01
-2.979959581412434111e-01
-4.000625580945669224e-01
-5.099799987806931112e-01
-6.207644978698756422e-01
-7.285775173467196053e-01
-8.338725845193595276e-01
-9.375012661818438175e-01
-1.026841500317729583e+00
-1.098853247010657785e+00
-1.149272786577686167e+00
-1.173577240789241305e+00
-1.187226343668231765e+00
-1.201616212285251395e+00
-1.207266920995656800e+00
-1.187640748076465691e+00
-1.144346872907112900e+00
-1.083610259578423829e+00
-1.006590402143616503e+00
-9.272539348459218900e-01
-8.509212189534672843e-01
-7.784149209429942484e-01
-7.197382194542857325e-01
-6.669564068840725390e-01
-6.129413684076877589e-01
-5.628573385297037657e-01
-5.052704183390547277e-01
-4.359553129599252896e-01
-3.618914773318280820e-01
-2.775996677117829048e-01
-1.854058155753744996e-01
-8.376200860901307499e-02
3.558728920928710265e-02
1.642440906096621078e-01
2.937649306371637459e-01
4.188960960514278575e-01
5.403701618496512538e-01
6.602030202614072030e-01
7.658414182592939712e-01
8.518586660908769037e-01
9.210257868359789102e-01
9.727450822184270374e-01
1.009048184312403729e+00
1.032241877403091479e+00
1.045223978616199867e+00
1.051852385747114704e+00
1.051093089410795267e+00
1.031164865231431138e+00
9.885133744068744788e-01
9.434470157348446850e-01
9.040006575502149699e-01
8.516317005610211099e-01
7.789546135843318231e-01
6.997745129236945250e-01
6.224136764421490664e-01
5.386561296665856036e-01
4.416417213482507487e-01
3.373641014732646215e-01
2.296385610680337364e-01
1.230912444822378771e-01
3.536375104980224449e-02
-2.784090343110998123e-02
-7.640510728512223126e-02
-1.187902363739598427e-01
-1.638555902271803533e-01
-2.121067464287010595e-01
-2.621976798989167912e-01
-3.144282149802493098e-01
-3.679386860471444143e-01
-4.329095025862812474e-01
-5.119526047578155659e-01
-6.019257434297337062e-01
-7.036742131750327589e-01
-8.067446525757865361e-01
-9.018954692949215923e-01
-9.832737827314413925e-01
-1.049291280723539499e+00
-1.100106287043386200e+00
-1.126704619093697568e+00
-1.134381932793896208e+00
-1.137871317314284259e+00
-1.137291941901479086e+00
-1.120079551322693545e+00
-1.078730487388022796e+00
-1.020730371107803514e+00
-9.483691552722185447e-01
-8.640959720862275706e-01
-7.751600404592304816e-01
-6.803756213799572183e-01
-5.880261203098714473e-01
-5.147383305202044568e-01
-4.629206102500365017e-01
-4.190313721858547891e-01
-3.725296835011661645e-01
-3.187067094755350882e-01
-2.468405971698668655e-01
-1.592900521376296175e-01
-6.684589538549617904e-02
3.400151925362195071e-02
1.489355671962243055e-01
2.806897697851090112e-01
4.239934859881325235e-01
5.631985154024619078e-01
6.929390063858499316e-01
8.172638091883087652e-01
9.335822441221495183e-01
1.038454374408886105e+00
1.134080401991643727e+00
1.212100960064692590e+00
1.250804484065362487e+00
1.255838204817166348e+00
1.264133812122621769e+00
1.286125084304573285e+00
1.301995214122235955e+00
1.295080256175843880e+00
1.261468009662510159e+00
1.216095575808272100e+00
1.164572363686018575e+00
1.097773680627137871e+00
1.022059861277297754e+00
9.412282267125824387e-01
8.561784948490821501e-01
7.731442549981213386e-01
6.831311608266179558e-01
5.835391250480806979e-01
4.781284156431328536e-01
3.604506376814048951e-01
2.454182246020634450e-01
1.550338904309608856e-01
8.966782508348160319e-02
3.996368076672874442e-02
-7.699430461160752977e-03
-5.787486505185383823e-02
-1.079458491412740306e-01
-1.565998894040923350e-01
-2.090186972232811746e-01
-2.791728389892120799e-01
-3.619115187752861007e-01
-4.492647348072511537e-01
-5.480221489820102931e-01
-6.568614425671597257e-01
-7.669630116963226385e-01
-8.650829961984011218e-01
-9.489202154619331697e-01
-1.025248796961739872e+00
-1.087830468032455533e+00
-1.122556652926868681e+00
-1.126391445235275235e+00
-1.116734056983000878e+00
-1.104760394082075603e+00
-1.087995331237783914e+00
-1.055798763379081073e+00
-1.000156751576092518e+00
-9.349035616009245819e-01
-8.652614792543286137e-01
-7.910599942151782527e-01
-7.187551559041002180e-01
-6.527019675262422105e-01
-5.998116667069990360e-01
-5.515448432871318252e-01
-5.054824473509708094e-01
-4.612016093707376752e-01
-4.027905675554215303e-01
-3.306138338133010612e-01
-2.480247162683449080e-01
-1.555404016716756266e-01
-5.469377581552906098e-02
5.761790970035806508e-02
1.833839137010681297e-01
3.196087719503197255e-01
4.518152438589413955e-01
5.771607848161991461e-01
6.985420709204097633e-01
8.163643464927888838e-01
9.244550975189799180e-01
9.936813331698530760e-01
1.029875704447270612e+00
1.060176115187327239e+00
1.080046456747324912e+00
1.093847704273605004e+00
1.108786983558345041e+00
1.101313605332092216e+00
1.061124355145662168e+00
1.021594121550466916e+00
9.844766355746172870e-01
9.294888570729645805e-01
8.756025092499227780e-01
8.159284319185489132e-01
7.422809326769351790e-01
6.674531215577212961e-01
5.815252977645581911e-01
4.912714551690375298e-01
3.972476295205174535e-01
3.000838188959465969e-01
2.140444657950848761e-01
1.275396698460667111e-01
4.818069315547162529e-02
-1.320383191889913134e-02
-6.625674314852532387e-02
-1.117931170030414811e-01
-1.609415509196930882e-01
-2.200416314317669708e-01
-2.811292419967372225e-01
-3.463494528122991745e-01
-4.196513408898255304e-01
-5.009614508273703137e-01
-5.970041142054232086e-01
-7.051675500832614851e-01
-8.106343098844440709e-01
-9.106564792650758688e-01
-1.004217439486128072e+00
-1.087630231489316035e+00
-1.151760926655810646e+00
-1.189986530129674147e+00
-1.211765991675020748e+00
-1.214957113071331030e+00
-1.200250798007702180e+00
-1.176017225940505062e+00
-1.144128006587960877e+00
-1.105664125729250102e+00
-1.047382620556534860e+00
-9.673299899014331515e-01
-8.736975213829412112e-01
-7.704489744825427922e-01
-6.722822445221702248e-01
-5.936831012625058968e-01
-5.446850592117064016e-01
-5.113793289068446768e-01
-4.738742974778493156e-01
-4.240327155024926631e-01
-3.469714999639001984e-01
-2.519054384072011987e-01
-1.527543965878911947e-01
-4.678820604110304343e-02
6.584094912133792166e-02
1.921751932302489529e-01
3.318342058718392051e-01
4.765611451417522404e-01
6.183817658677851492e-01
7.473530542473352245e-01
8.621699957256209190e-01
9.629551414064219106e-01
1.051158188413413797e+00
1.126981439937315699e+00
1.183946255236408174e+00
1.219692713596358224e+00
1.240067388692784212e+00
1.251721538888100893e+00
1.254788608590945431e+00
1.247523292069333323e+00
1.222817899206283476e+00
1.179399804580994582e+00
1.132299852337718127e+00
1.081308169221449456e+00
1.018054693286857493e+00
9.474614961438181382e-01
8.714470049727044421e-01
7.913403062199925175e-01
7.066346730737296244e-01
6.079131489259750332e-01
4.908438390075036128e-01
3.696369621764827307e-01
2.708743200461078415e-01
1.997319727872780559e-01
1.410347177674297903e-01
8.909335958033756664e-02
3.818630053485259912e-02
-1.825493750713456931e-02
-7.516239735282490009e-02
-1.294858401213656307e-01
-1.877848710590562242e-01
-2.549741340022886882e-01
-3.332867113105319468e-01
-4.264195842936688297e-01
-5.298062617022711862e-01
-6.385547214775839642e-01
-7.485448970178540939e-01
-8.476382722110972212e-01
-9.350159616433181275e-01
-1.012254488466491242e+00
-1.072126382021471480e+00
-1.107826833009720291e+00
-1.117395269122656298e+00
-1.117064623096422293e+00
-1.116486891510665380e+00
-1.101429001393540830e+00
-1.061038661191176624e+00
-1.002787298983761843e+00
-9.383165864497312603e-01
-8.614107289162590275e-01
-7.690872595705118275e-01
-6.738895659099422009e-01
-5.947894118981397193e-01
-5.448092413922446253e-01
-5.068987954166441767e-01
-4.722619953734093490e-01
-4.416683408424941226e-01
-3.915936731269619164e-01
-3.164821676159648156e-01
-2.287436870686459511e-01
-1.341129234650503266e-01
-3.509767021444072654e-02
7.590653981700411224e-02
2.037855418948170960e-01
3.409957098272901610e-01
4.789981366049365641e-01
6.166637626981334996e-01
7.449606521079467081e-01
8.494409624612351273e-01
9.367314432681130842e-01
1.011827981361947959e+00
1.065061921022694591e+00
1.101514117373359580e+00
1.133650311561770874e+00
1.156624418984710578e+00
1.161372442837895091e+00
1.147218613349319405e+00
1.120055383276403749e+00
1.093832183934605240e+00
1.061867707762427226e+00
1.010024640794044082e+00
9.532132077264904302e-01
8.913323696331695301e-01
8.126938075975859155e-01
7.303004028156425687e-01
6.463936215587422485e-01
5.495732368094242704e-01
4.444258738419903376e-01
3.355959550961563620e-01
2.168237482488296619e-01
1.023721553667768513e-01
1.522003855214948582e-02
-5.001354831547461660e-02
-1.052135436505469562e-01
-1.523942399674391712e-01
-1.953783097073942543e-01
-2.422901335360386210e-01
-2.951292652207308520e-01
-3.545732044083418910e-01
-4.274344997182983330e-01
-5.110153377406506658e-01
-6.072500152289546094e-01
-7.110036976305615930e-01
-8.061682125394838971e-01
-9.025706971719029692e-01
-9.978081551874524724e-01
-1.077486416360193155e+00
-1.145731267131633091e+00
-1.197379146414393025e+00
-1.223571842394279185e+00
-1.223094068387574840e+00
-1.206402092715146201e+00
-1.186782142109890303e+00
-1.160410428762752577e+00
-1.112931495494242640e+00
-1.040083510885851270e+00
-9.583592558488310820e-01
-8.702063888096592814e-01
-7.743633437588604007e-01
-6.867240373524671204e-01
-6.074874422155133180e-01
-5.446886709246789859e-01
-5.056343150156848987e-01
-4.659592994282164558e-01
-4.133980301350709818e-01
-3.487584143453234531e-01
-2.628794037070568690e-01
-1.630329703914431549e-01
-6.647660665622877330e-02
3.379533422119507247e-02
1.484916916674212384e-01
2.781715997070024482e-01
4.188763369505165146e-01
5.557012828775251823e-01
6.845185507790431112e-01
8.058098751828088879e-01
9.120486559008367244e-01
1.001279332224199736e+00
1.073514254059976691e+00
1.128050970398640551e+00
1.156303827889058056e+00
1.163370322404543744e+00
1.175736155410824990e+00
1.195270060104160592e+00
1.199193731621938541e+00
1.176738088577702568e+00
1.138647444477264514e+00
1.091860833134970843e+00
1.035728264101992924e+00
9.770337012499892282e-01
9.136157375933413594e-01
8.425267113647159078e-01
7.662917932288858536e-01
6.789260188632330051e-01
5.822145747702293095e-01
4.852263355819391721e-01
3.882554049839430088e-01
2.926524188270665516e-01
2.051815581319882675e-01
1.284116580073777214e-01
6.581048363718479399e-02
1.655939824510586217e-02
-2.982437234130865672e-02
-7.851049391109647668e-02
-1.358693818061393332e-01
-2.037189984960034173e-01
-2.733141526008188715e-01
-3.461990086526668953e-01
-4.278627047873420630e-01
-5.208844227699115370e-01
-6.219508638891543262e-01
-7.201130328659618440e-01
-8.091809306167216942e-01
-8.902261935746029753e-01
-9.695796120559005971e-01
-1.038903116270732951e+00
-1.083677407867236653e+00
-1.108644828649945513e+00
-1.117546296834980302e+00
-1.108311884151925719e+00
-1.080147023593394540e+00
-1.041266078604157430e+00
-9.977297346260299848e-01
-9.342404659409179191e-01
-8.534976171895486408e-01
-7.659203331530248793e-01
-6.709283105000888314e-01
-5.897714759182138833e-01
-5.386131936317779534e-01
-5.125850880742557347e-01
-4.928952802687595613e-01
-4.586377366999181970e-01
-4.071591042323545184e-01
-3.334346617982641425e-01
-2.444807917917263540e-01
-1.540445545781838899e-01
-5.282375360176574247e-02
6.145143739414832273e-02
1.891087481330420705e-01
3.300458740025828952e-01
4.689262072947646964e-01
5.989974953865955243e-01
7.168645162705539198e-01
8.223473581671104649e-01
9.217991188378785727e-01
1.010788350421550685e+00
1.084152903064129703e+00
1.135746938374119885e+00
1.161588162113036615e+00
1.175514262956560030e+00
1.183968179941946364e+00
1.172495841044328468e+00
1.140115965982311907e+00
1.106724206879717176e+00
1.069277082446987936e+00
1.016602204163443490e+00
9.625761583601222249e-01
9.025192748394669229e-01
8.304917357681600443e-01
7.580295603358627732e-01
6.739731399225089570e-01
5.777545063291359417e-01
4.777794496697796989e-01
3.694661546071910108e-01
2.630269453077453967e-01
1.715018724333640665e-01
9.815804939520902939e-02
3.663224985623047408e-02
-1.798675152960862306e-02
-7.052954515626497223e-02
-1.291387194101993041e-01
-1.863629503682794619e-01
-2.439305647651288378e-01
-3.054359626016488471e-01
-3.702489407386301279e-01
-4.498797286401648443e-01
-5.382735845645117978e-01
-6.325378506391594602e-01
-7.359624983487689232e-01
-8.404262814169063400e-01
-9.402335901300454823e-01
-1.024002507184199606e+00
-1.094281922376700411e+00
-1.151513448511273685e+00
-1.181300580546432277e+00
-1.186632871038635795e+00
-1.177569078428776894e+00
-1.167098357675583342e+00
-1.151779904503008600e+00
-1.116350686014763172e+00
-1.063598877596741765e+00
-9.912641907401953389e-01
-8.997461774577505400e-01
-8.018823603774555275e-01
-7.142930678725931681e-01
-6.491860754409423118e-01
-5.952782122859003877e-01
-5.468725869923198868e-01
-5.078077705655360541e-01
-4.579214384452351405e-01
-3.834056462065438264e-01
-3.023604843903199835e-01
-2.231052957503863454e-01
-1.363348887217616379e-01
-3.865515507174689669e-02
8.090833932999387523e-02
2.221695417866732247e-01
3.679701940041906205e-01
5.095114901855339884e-01
6.366450452844740759e-01
7.501788080858103891e-01
8.530512450350744569e-01
9.427489251368799117e-01
1.030434107852485681e+00
1.109684857921953816e+00
1.163083151813112615e+00
1.194832290171347289e+00
1.216172018479765971e+00
1.225523240285319782e+00
1.213777838842896806e+00
1.185287934206634253e+00
1.147122424276141750e+00
1.100644190724495264e+00
1.049388916792811210e+00
9.920772274930107493e-01
9.252393863950780784e-01
8.506669919352887188e-01
7.670407762251510997e-01
6.659925282073501096e-01
5.593850768499368797e-01
4.650128094745953899e-01
3.728258053040851006e-01
2.697841685800483891e-01
1.598152921674587390e-01
6.950190930904703857e-02
8.468325485505313541e-03
-4.440025941743609705e-02
-8.642875427509504049e-02
-1.245465584337319687e-01
-1.813635713463388754e-01
-2.457299848028705880e-01
-3.061793542306054383e-01
-3.748340419892494113e-01
-4.606265157347588790e-01
-5.536850793828668182e-01
-6.505523457829495149e-01
-7.512033722749144049e-01
-8.444009343104706966e-01
-9.324758584393412209e-01
-1.012583917373077513e+00
-1.074230679042008418e+00
-1.115192694872215728e+00
-1.130812407298443789e+00
-1.124850075164421703e+00
-1.102535215323595663e+00
-1.071218605993580653e+00
-1.038863501681408508e+00
-9.944654198266527079e-01
-9.293072514676107287e-01
-8.473199948336574971e-01
-7.542812238319059892e-01
-6.625833331547982263e-01
-5.889169952648649620e-01
-5.419816920288741402e-01
-5.115617879604641427e-01
-4.759000060476346050e-01
-4.300651363461072130e-01
-3.756432626910379269e-01
-3.027551759659710684e-01
-2.176806138945962532e-01
-1.314675225035141226e-01
-4.035830055629379548e-02
6.517048044766546311e-02
1.933671191796587363e-01
3.305035242445955590e-01
4.635347519741163103e-01
5.940451539378294177e-01
7.181777632919065235e-01
8.305416745322155014e-01
9.255784332507031031e-01
1.009790292415206014e+00
1.083508258489358944e+00
1.126860127378558341e+00
1.138209652734178290e+00
1.141278321370122972e+00
1.159460369727071116e+00
1.181619567138599391e+00
1.177796215326809781e+00
1.148901454217596374e+00
1.112189770679621992e+00
1.068779704083604010e+00
1.013255032283561174e+00
9.472793350839042725e-01
8.696758446748140692e-01
7.871540348919596752e-01
7.049446533948640070e-01
6.080016496860302100e-01
4.997795376616617768e-01
3.929297436324983850e-01
2.908103036628748028e-01
2.001587354661658880e-01
1.151457345187572034e-01
3.787804814510521700e-02
-2.288520023316215415e-02
-7.783021159899329577e-02
-1.329048517729163881e-01
-1.838173480920397840e-01
-2.337730295908123090e-01
-2.912912163250135911e-01
-3.577603450657938500e-01
-4.304868235937274190e-01
-5.117596485288906649e-01
-6.062001916589994099e-01
-7.089640915878487881e-01
-8.051628599404158093e-01
-8.932664828175911342e-01
-9.765924498867576409e-01
-1.049332397591132615e+00
-1.107234315675742931e+00
-1.147135681194056289e+00
-1.167472009720107673e+00
-1.166190380118888870e+00
-1.152404607362859990e+00
-1.131796264085173975e+00
-1.095151066873695012e+00
-1.044916154442772305e+00
-9.721153981068522132e-01
-8.783682625085421636e-01
-7.866641545968321436e-01
-6.995446914673956185e-01
-6.299795793365928764e-01
-5.770949637586024750e-01
-5.230864101310152003e-01
-4.770009879400070041e-01
-4.317120084699010429e-01
-3.726433019922513190e-01
-3.023665251993177261e-01
-2.205485671762571209e-01
-1.282028352359501633e-01
-2.785386082683631234e-02
8.763360020397197025e-02
2.228815289707489489e-01
3.600996529946789426e-01
4.901155158721149929e-01
6.179881322502757124e-01
7.397629537713230619e-01
8.501894541282205564e-01
9.451062212970746668e-01
1.028931435876635270e+00
1.093376300175074256e+00
1.131251546735225988e+00
1.159287649373662576e+00
1.178049430135613473e+00
1.189629519503217381e+00
1.192778395015657855e+00
1.168094392022583028e+00
1.122476593070464990e+00
1.076216543602818154e+00
1.029779324631576509e+00
9.705010993717086976e-01
8.991784842769559027e-01
8.209876416835143464e-01
7.361802259395965331e-01
6.489932881527398223e-01
5.547253998117794849e-01
4.566743722103551728e-01
3.529009474158180115e-01
2.399256335572275134e-01
1.380842649215970330e-01
5.321936834595317189e-02
-1.176661972122863137e-02
-6.034766119595860040e-02
-1.120948932103245504e-01
-1.637925928024163702e-01
-2.128368020523745408e-01
-2.658039878708001180e-01
-3.254456080827360376e-01
-3.951623246287399582e-01
-4.736083956517233573e-01
-5.622280704563434872e-01
-6.596724233556556793e-01
-7.568779587346483595e-01
-8.496935463204656758e-01
-9.411441515183206485e-01
-1.022378289609165325e+00
-1.081072292621444220e+00
-1.126639641088716060e+00
-1.159226415262343934e+00
-1.162956695903224258e+00
-1.143623913710597018e+00
-1.124748349175508144e+00
-1.106135198557627097e+00
-1.058877204635977565e+00
-9.807002097732682167e-01
-8.948010676865724156e-01
-8.073371947894326661e-01
-7.218261686063875970e-01
-6.454232579902756672e-01
-5.750655761364176222e-01
-5.108487255497998758e-01
-4.561435260101444622e-01
-4.028698861489077854e-01
-3.482983410116170520e-01
-2.918701949317615285e-01
-2.219580055639221727e-01
-1.380342849083413537e-01
-4.333565098412674871e-02
6.372804688690848762e-02
1.842098672041300456e-01
3.189610520365454560e-01
4.546266476257386224e-01
5.806224219702036393e-01
7.006270909476449704e-01
8.165979750163769868e-01
9.251609455531073500e-01
1.017835268076269228e+00
1.087106134062383989e+00
1.131369774369024306e+00
1.163559388586961951e+00
1.191357877260439624e+00
1.200178108380723918e+00
1.198111395114230593e+00
1.198549081165965591e+00
1.176710885302928222e+00
1.127858475377839342e+00
1.076682708850878578e+00
1.022405541479995295e+00
9.591426675854992645e-01
8.882310467023429856e-01
8.081559862037964725e-01
7.273748704717087898e-01
6.430940696653685285e-01
5.504453369857821299e-01
4.586671940926430047e-01
3.639501434917795097e-01
2.630130308986776133e-01
1.642129785511955986e-01
7.889611135050839108e-02
1.495177422626708073e-02
-3.731056747560784759e-02
-8.749751932156756007e-02
-1.366779018756707209e-01
-1.891172965515386384e-01
-2.468021746205891209e-01
-3.084145762428270321e-01
-3.790929221254736303e-01
-4.662075468405283418e-01
-5.659342770622980412e-01
-6.729486693740943659e-01
-7.806174677373107773e-01
-8.781617022428386266e-01
-9.648296396272332265e-01
-1.039984435475235891e+00
-1.098231463312402845e+00
-1.132334863044627937e+00
-1.140599515043403622e+00
-1.139081893781741073e+00
-1.138038780578839448e+00
-1.125226135358689872e+00
-1.089529229354328610e+00
-1.041910621786423796e+00
-9.834520803561883628e-01
-8.984124660035458509e-01
-8.026980361861459912e-01
-7.165138094372955901e-01
-6.389377927345979424e-01
-5.763543303947215035e-01
-5.310245142637870508e-01
-4.935945988610415669e-01
-4.496023594189920147e-01
-3.904514382651887994e-01
-3.194490746509739409e-01
-2.384040275782837170e-01
-1.494210610796308236e-01
-4.932021634973453306e-02
6.943002275429684123e-02
2.039698497256127729e-01
3.462841765151037365e-01
4.848397047780396152e-01
6.103387618861874087e-01
7.211797401055484169e-01
8.127607875526131620e-01
8.961614297421337527e-01
9.966833605167038090e-01
1.093111848687312149e+00
1.142888144636829084e+00
1.160786098254465104e+00
1.176322560952424823e+00
1.184983899390552597e+00
1.181092640791294723e+00
1.158210869783542485e+00
1.115003543995504831e+00
1.067053149929975353e+00
1.005138954806790164e+00
9.251415020848116066e-01
8.511490593349160250e-01
7.768101383501214707e-01
6.951216706813060364e-01
6.131021348025220696e-01
5.232914559562467094e-01
4.238381693994603405e-01
3.136845390165128311e-01
2.115489157881866034e-01
1.329020272252600665e-01
6.021768283208992628e-02
-4.329744802746429179e-03
-5.909949433276411729e-02
-1.123773393015076172e-01
-1.609912242191907372e-01
-2.107693759121935795e-01
-2.637508266616294672e-01
-3.177074899880211190e-01
-3.762877219183682342e-01
-4.505340317058016963e-01
-5.423148366128880404e-01
-6.354862165095913618e-01
-7.287043169801323828e-01
-8.274026750160315968e-01
-9.229850475153019707e-01
-1.001419577076983369e+00
-1.066155087790796818e+00
-1.119937645522471659e+00
-1.144078289476883281e+00
-1.148203328300264170e+00
-1.149013967770573963e+00
-1.144027624170870672e+00
-1.126447793307318701e+00
-1.076853012586922453e+00
-1.006909363989646256e+00
-9.330016113981941528e-01
-8.444963842571170387e-01
-7.488852978908283609e-01
-6.571832103706749528e-01
-5.784218075357533406e-01
-5.147883757836858587e-01
-4.604023532666288165e-01
-4.214414789219602109e-01
-3.825219852136027554e-01
-3.240893953252826920e-01
-2.515318761692266758e-01
-1.649902355422936395e-01
-7.014307262873897830e-02
3.180180782681833740e-02
1.563006877878323486e-01
2.942227744238441467e-01
4.315757822572414137e-01
5.667583198250848442e-01
6.946116830851988277e-01
8.116987741842223159e-01
9.103754091019309325e-01
1.001325439732206224e+00
1.090676676669545042e+00
1.154766953853554989e+00
1.193220520578265553e+00
1.215231888234511226e+00
1.224472088577343021e+00
1.235675869062783372e+00
1.242197165410659609e+00
1.217509293338539633e+00
1.172303370379553789e+00
1.133173312002978772e+00
1.078201372671723002e+00
1.005487038590229032e+00
9.373930291503391743e-01
8.593139610052628052e-01
7.751218721583444937e-01
6.908689163275604228e-01
6.012273818563822481e-01
5.097854250808911969e-01
4.039992125549297652e-01
2.850191116924739032e-01
1.720041025918118138e-01
8.509714155030653759e-02
2.458960634166957107e-02
-2.623189293763432753e-02
-7.126185798722529940e-02
-1.236120213399401341e-01
-1.830214067831027192e-01
-2.394519481732604038e-01
-3.041228203370279770e-01
-3.768188857298697680e-01
-4.579598149172823263e-01
-5.568814431591605496e-01
-6.678203861312191902e-01
-7.776785631694999035e-01
-8.784665820421551086e-01
-9.653262915768626717e-01
-1.037729105875144997e+00
-1.099084893690931208e+00
-1.146699225213533957e+00
-1.175103412838727879e+00
-1.177299564699489043e+00
-1.157923148859948403e+00
-1.129994392487011057e+00
-1.094090374636390584e+00
-1.049792240193120119e+00
-9.901656364287880763e-01
-9.174273721943765336e-01
-8.413998386519093708e-01
-7.568844934574117111e-01
-6.765882973006863699e-01
-6.112330569065901331e-01
-5.562274368535468083e-01
-5.108768102304117598e-01
-4.659738355513936003e-01
-4.172676340708524889e-01
-3.543306377753853709e-01
-2.681425954894300911e-01
-1.736395813813312594e-01
-7.449931510396479162e-02
3.420047060124740274e-02
1.544453472064970245e-01
2.878413140676808757e-01
4.211544686078814714e-01
5.479875936675694392e-01
6.697190651797494398e-01
7.796206924549700101e-01
8.786424127967231712e-01
9.665240291283189178e-01
1.038748395054360785e+00
1.088338609824868852e+00
1.110935293803281931e+00
1.129881124642935886e+00
1.154739676416959293e+00
1.162904322797762235e+00
1.151730929977530238e+00
1.133829213105956857e+00
1.101093010468972011e+00
1.033777656292785618e+00
9.491576478810713757e-01
8.784164167933410372e-01
8.090689800020124389e-01
7.320482388814019137e-01
6.583926794137787697e-01
5.747767146300236663e-01
4.712324395864181392e-01
3.625810763629101485e-01
2.601860342945348514e-01
1.752318924984183623e-01
1.056430736553309463e-01
3.602663495167295754e-02
-1.792233623442758550e-02
-5.980216895647693515e-02
-1.117502909754868462e-01
-1.568637073980071184e-01
-2.029778013063156250e-01
-2.639910034497681690e-01
-3.281707811919306605e-01
-3.994635698138438995e-01
-4.768827349060110188e-01
-5.680439277794149255e-01
-6.706433470179654632e-01
-7.645789096643214044e-01
-8.571334182080315722e-01
-9.437020946940574140e-01
-1.015818667918605644e+00
-1.075166178361242952e+00
-1.111468304620905290e+00
-1.131213287419794877e+00
-1.139199675825889546e+00
-1.129456933219632031e+00
-1.104097073291924413e+00
-1.063451187199998760e+00
-1.008072009773231636e+00
-9.344757141189568017e-01
-8.432133769332673667e-01
-7.453502203162216677e-01
-6.527752960843986596e-01
-5.790370067019715572e-01
-5.260920592218528702e-01
-4.870720558141869994e-01
-4.592413178348589420e-01
-4.299842120958796143e-01
-3.819803267437110739e-01
-3.134835713188278694e-01
-2.299125781095900656e-01
-1.325717008293156030e-01
-2.364507667727959103e-02
9.561466205578147970e-02
2.276500759582535949e-01
3.689829643721480035e-01
5.097578656499838212e-01
6.451122005120841774e-01
7.694340588997869990e-01
8.756788556650278998e-01
9.677779390021952199e-01
1.048363743978308005e+00
1.114611487769031850e+00
1.165765447812624034e+00
1.197640738461467347e+00
1.212096677463894157e+00
1.224488098530434721e+00
1.239994586368724505e+00
1.233121131032246742e+00
1.187141881246612352e+00
1.123733754087491432e+00
1.061296519506259584e+00
9.983573101901930258e-01
9.268766571503785912e-01
8.455940106599584283e-01
7.633893480165402368e-01
6.774705742195720193e-01
5.864411853686993803e-01
4.918813523709310576e-01
3.842169173143030192e-01
2.715807689195164354e-01
1.718646308366859887e-01
8.882366398186530843e-02
2.510782908875402314e-02
-2.385945176478937446e-02
-7.452862839823240493e-02
-1.286141231660929973e-01
-1.793696309249076526e-01
-2.347251272017021051e-01
-2.961825461031306617e-01
-3.619753635077031517e-01
-4.425638574304004424e-01
-5.381716285945910005e-01
-6.447784985018598647e-01
-7.560413429180704581e-01
-8.587412182877064426e-01
-9.527492076001964350e-01
-1.036919622005517239e+00
-1.105767151203251641e+00
-1.155296899982733771e+00
-1.175775542319667188e+00
-1.173752642425133441e+00
-1.161619392763825864e+00
-1.142462942684034477e+00
-1.117859928194686381e+00
-1.077971341838166452e+00
-1.018628163652069096e+00
-9.429322159350622679e-01
-8.539583380535780144e-01
-7.659526740667496059e-01
-6.850733397673667291e-01
-6.152753792125179588e-01
-5.613411771354644975e-01
-5.170836647105611084e-01
-4.780355462529955468e-01
-4.272549582874780594e-01
-3.548640156174129867e-01
-2.761506382469252618e-01
-1.921329551692594340e-01
-9.985098935755053196e-02
9.967267777499044887e-04
1.210258706620453845e-01
2.563373992460823425e-01
3.963619291642334619e-01
5.335225935350692561e-01
6.562642031559476896e-01
7.641411470035652798e-01
8.650788408232470417e-01
9.656694178061334677e-01
1.057998027262067708e+00
1.120517877706816101e+00
1.154605311010997504e+00
1.178132052300272514e+00
1.196075434102627622e+00
1.200662820044279711e+00
1.181135457528940780e+00
1.143731390092556310e+00
1.096389773723770666e+00
1.036488901266110929e+00
9.862783314355977327e-01
9.531700037180055318e-01
8.975033212931621263e-01
8.172287240034897815e-01
7.381901557919141599e-01
6.516848898112332922e-01
5.591574412944400052e-01
4.638639481610275506e-01
3.575029687497938147e-01
2.568612870741587839e-01
1.627249282665426400e-01
7.123563007832960092e-02
5.985084491429551240e-04
-5.630462986322035818e-02
-1.060814922253475456e-01
-1.479663569916423449e-01
-1.952076310423928873e-01
-2.449939772484316380e-01
-3.012987951843709156e-01
-3.713535262594106490e-01
-4.470582160822330620e-01
-5.389906279585656712e-01
-6.484836349875648942e-01
-7.571789520361401626e-01
-8.604485839285881399e-01
-9.543330321689631468e-01
-1.029157330808669890e+00
-1.082380114806957838e+00
-1.122200877287902854e+00
-1.142002643739378653e+00
-1.128175682529791946e+00
-1.101243515957759822e+00
-1.076808096434356488e+00
-1.045118100643761538e+00
-1.001089445202738570e+00
-9.430945688256517911e-01
-8.736172853407313532e-01
-7.921004752353151268e-01
-7.034982672274053828e-01
-6.237745795319921127e-01
-5.608107334478541484e-01
-5.211430559046352773e-01
-4.957352282832296897e-01
-4.592733539005194321e-01
-4.037048397768813190e-01
-3.299955053329742816e-01
-2.412028523483021880e-01
-1.500481712610803042e-01
-5.859097069772009614e-02
4.827682464812765861e-02
1.762967966344105852e-01
3.144578609043395256e-01
4.494787981090463957e-01
5.738678962009345907e-01
6.882870689300432110e-01
7.977920063664298844e-01
9.084004501135096721e-01
1.011674631461136453e+00
1.086378749365491947e+00
1.136797224497312353e+00
1.179841576771097689e+00
1.206237908537065806e+00
1.202554194472124527e+00
1.177988635008139218e+00
1.149415409206811178e+00
1.113040060640863027e+00
1.056237587212577766e+00
9.969248827080279263e-01
9.457765299977475282e-01
8.837084985680165872e-01
8.191622788455507065e-01
7.535245430663665145e-01
6.657973984645689791e-01
5.677035658878827329e-01
4.651800734458901854e-01
3.579231452225957733e-01
2.590908207971088784e-01
1.721922080812784972e-01
1.016363301848021844e-01
3.776309145744644047e-02
-2.059035298160203503e-02
-6.705760436994044615e-02
-1.175510473355271951e-01
-1.686307012343244982e-01
-2.225906030184894302e-01
-2.879434040342100376e-01
-3.567028763492582910e-01
-4.347932498878864793e-01
-5.182473135454993551e-01
-6.063315497719381497e-01
-7.031181208230347091e-01
-7.993329167438472105e-01
-8.925810106700974300e-01
-9.712283380629198604e-01
-1.033046416036274673e+00
-1.084256993113858591e+00
-1.117693894735731774e+00
-1.132665494775216386e+00
-1.131566091256569484e+00
-1.119852444353550691e+00
-1.095861113081909366e+00
-1.053016399265615188e+00
-9.929649824207027464e-01
-9.145008087529995500e-01
-8.232497672184656556e-01
-7.261588470065954981e-01
-6.266881494077858328e-01
-5.425791686694860783e-01
-4.911295451292852499e-01
-4.605950174170738709e-01
-4.334139842221400030e-01
-4.032898025004186260e-01
-3.519086271995182091e-01
-2.772621845593350454e-01
-1.932815513630704307e-01
-1.036246875603340223e-01
-1.046502717370467912e-02
1.020332271218964137e-01
2.390593255349779123e-01
3.821199723344851917e-01
5.189281368966031094e-01
6.442055698736438574e-01
7.647965848896407515e-01
8.752281055991517622e-01
9.651535146225654893e-01
1.042078539292779826e+00
1.103642054299766251e+00
1.141123889368975908e+00
1.160825043778000998e+00
1.176662957028135947e+00
1.182645856817418961e+00
1.171993140671429234e+00
1.153000595935022465e+00
1.120840491752552737e+00
1.075380671146062062e+00
1.022700379352008637e+00
9.642866587295926273e-01
9.005492088076103574e-01
8.254090417781168032e-01
7.380894688637070766e-01
6.391189007970250469e-01
5.380246391824369256e-01
4.408190608558610890e-01
3.410323214469642705e-01
2.448234841316125621e-01
1.522650020618483147e-01
7.286415255501901833e-02
1.789476051629851003e-02
-3.090147917049613363e-02
-8.075802816463358014e-02
-1.333569538823310696e-01
-1.903800562462624191e-01
-2.447988119781469296e-01
-3.034734742899387050e-01
-3.721115500461260606e-01
-4.528510847640786485e-01
-5.472290865965365736e-01
-6.503117962401140373e-01
-7.595394414117250248e-01
-8.655125144535015247e-01
-9.589959558813506701e-01
-1.038157735000946325e+00
-1.100592480146879382e+00
-1.149345656326407283e+00
-1.179216301076692064e+00
-1.180637640953286382e+00
-1.161029276438438895e+00
-1.130093764979803295e+00
-1.097986971568836401e+00
-1.062224461008306697e+00
-1.004536809656440211e+00
-9.285167065908949136e-01
-8.410695874328042443e-01
-7.489629978092408047e-01
-6.708076952713170060e-01
-6.082555076750856271e-01
-5.590293594787539844e-01
-5.154768387563167797e-01
-4.620849509566610780e-01
-3.968716169105328540e-01
-3.216030761134963112e-01
-2.404216101734986955e-01
-1.530299272210078054e-01
-5.669709786651692951e-02
5.146222383380683052e-02
1.805246985493672018e-01
3.260359831399887720e-01
4.723797406732508364e-01
6.002271947917949824e-01
7.063966682807190089e-01
8.089635934171839349e-01
9.086506464090328139e-01
1.002165018284042697e+00
1.092947422041207428e+00
1.160730143810569270e+00
1.177176423398685667e+00
1.163925990149295986e+00
1.169138088176295609e+00
1.179613696031740488e+00
1.166222187158926227e+00
1.139066568307624427e+00
1.097095552224250037e+00
1.044266968959434161e+00
9.990272567254265823e-01
9.490119362067425124e-01
8.836263652646066946e-01
8.131336375616473600e-01
7.303295986972223597e-01
6.362474483078657261e-01
5.459600104591912917e-01
4.550992834099493178e-01
3.634027725769133910e-01
2.686167392032869361e-01
1.709347172469362630e-01
8.820023178183387935e-02
2.052477270366584797e-02
-3.729713928128565448e-02
-9.071964993493568385e-02
-1.454696264763901681e-01
-1.995745709972115978e-01
-2.595347151526814500e-01
-3.226090390644447137e-01
-3.919936814276171466e-01
-4.790374806559681842e-01
-5.793191107807550422e-01
-6.852158471816123253e-01
-7.896689146601845177e-01
-8.888980599819645834e-01
-9.717597765299723633e-01
-1.042680610226287552e+00
-1.112378574197757208e+00
-1.158426926831897408e+00
-1.178663638012772408e+00
-1.187606499112422886e+00
-1.186312575362853394e+00
-1.172382595172894115e+00
-1.137528715257893897e+00
-1.083361589743662812e+00
-1.007024546738061632e+00
-9.139091353361720182e-01
-8.252711879544463169e-01
-7.439976811633071119e-01
-6.692706016475568065e-01
-6.089063888359841359e-01
-5.667068935560446441e-01
-5.220311182731568467e-01
-4.608144398343360093e-01
-3.997436802217396723e-01
-3.338545025887704742e-01
-2.548745876986269754e-01
-1.703756971114452623e-01
-6.906002648750642070e-02
5.639630175206230417e-02
1.971619797206511093e-01
3.430072884689380763e-01
4.800348835622313959e-01
6.073579271856288653e-01
7.334800440142824618e-01
8.505451148140759088e-01
9.529451468794568614e-01
1.038378110323539216e+00
1.100858040281832650e+00
1.148279292400903540e+00
1.183835375328987638e+00
1.207358384660511152e+00
1.220433626182861886e+00
1.219713455703808735e+00
1.202937626266057380e+00
1.161215696388661067e+00
1.106724184438556247e+00
1.057753953582533546e+00
1.004958616782272607e+00
9.443674186792122560e-01
8.763194027372962491e-01
7.966875528226733394e-01
7.071521140885356216e-01
6.200773177194753849e-01
5.390892747440408916e-01
4.414194608787539442e-01
3.270982210276991986e-01
2.242795926513442839e-01
1.443009118753014464e-01
7.679960391168176581e-02
1.315971154469349966e-02
-4.145694935346821985e-02
-9.117771806105912091e-02
-1.435707651466076318e-01
-2.001336732277933239e-01
-2.624759729099622185e-01
-3.274069966834530221e-01
-4.022005700105418802e-01
-4.947048779735153112e-01
-6.023476198678245908e-01
-7.167558022266847795e-01
-8.242474960503036741e-01
-9.204932633115358032e-01
-1.002530390243409508e+00
-1.072432038368878349e+00
-1.132268244584600847e+00
-1.164353157308810394e+00
-1.164854372314366948e+00
-1.151230854027137207e+00
-1.137891092438506391e+00
-1.123904371267814062e+00
-1.091616076294412929e+00
-1.036726970026698336e+00
-9.653819556777980537e-01
-8.774343639584670784e-01
-7.811583930339931481e-01
-6.894669145193543791e-01
-6.148454886637061412e-01
-5.593365644389453051e-01
-5.106893799514716781e-01
-4.630903951061789980e-01
-4.089589499365722802e-01
-3.429748170634422944e-01
-2.728051341063533197e-01
-1.988082555358240133e-01
-1.168441357682273862e-01
-1.902203546980215515e-02
1.023532775614539175e-01
2.387874328980937877e-01
3.768632441341572825e-01
5.080145522674506253e-01
6.329201022755381878e-01
7.531283477542689564e-01
8.639134499761665920e-01
9.590836077418211092e-01
1.031555538829673768e+00
1.086809329841258442e+00
1.139646271503074626e+00
1.205909896596272901e+00
1.258863379369286717e+00
1.224331071225354783e+00
1.133287702122876439e+00
1.087050519962055262e+00
1.053083244494145587e+00
9.819065946905984887e-01
9.283012711062585964e-01
8.850359319063890728e-01
8.177450382405463403e-01
7.606436179405565712e-01
6.946320707138767814e-01
6.093394249627334114e-01
5.356262394747155486e-01
4.499214304799920572e-01
3.602978778968973228e-01
2.690898084698584158e-01
1.680273120264328124e-01
1.038586745483492946e-01
6.176048741527671859e-02
1.924299757392711543e-02
-1.828277917593455759e-02
-6.611336911853890608e-02
-1.134455008109854918e-01
-1.663063249439995228e-01
-2.268421318664671504e-01
-2.963617490093048978e-01
-3.888584216671624461e-01
-4.833527996500047164e-01
-5.846632918816916380e-01
-6.976396369913917539e-01
-8.127068649200546169e-01
-9.233615682699788385e-01
-1.008884718256253477e+00
-1.078563907872073901e+00
-1.129906226332866526e+00
-1.158216249286591282e+00
-1.172033771207792396e+00
-1.162565542927036288e+00
-1.144218794022289210e+00
-1.116488018349131250e+00
-1.067046844034948094e+00
-9.998692139657564537e-01
-9.180326019807761861e-01
-8.340821189316715012e-01
-7.558266955297029410e-01
-6.894099469258107016e-01
-6.305060054915729850e-01
-5.821120000043216169e-01
-5.476446882655670034e-01
-5.018731116765885458e-01
-4.474687324875858407e-01
-3.852977870740387778e-01
-3.002401530365737536e-01
-2.039380267219852993e-01
-9.992515253309924850e-02
1.877136138804502002e-02
1.547348279930992332e-01
2.974768159328127215e-01
4.311692097319907990e-01
5.588474563404766116e-01
6.826303770938872972e-01
7.953473624983052881e-01
9.008423594047001437e-01
1.006002000142173003e+00
1.090407338604773679e+00
1.137499818575814947e+00
1.163898062764965324e+00
1.178420390286715635e+00
1.190959874296065868e+00
1.210104213313413668e+00
1.206453652627532014e+00
1.178474152750090820e+00
1.148618339904095897e+00
1.091025520943124327e+00
1.011859626581006921e+00
9.440651905007811928e-01
8.696693947834367444e-01
7.871233145223301975e-01
7.045087798858391537e-01
6.095518333265187438e-01
5.062530591498715093e-01
4.047050673358370543e-01
3.111019268214821887e-01
2.207902909875193997e-01
1.371589466653472811e-01
7.014936851509025184e-02
1.506662637350053915e-02
-3.248117345011089507e-02
-7.881294876575302422e-02
-1.239709978198631490e-01
-1.779565159968768684e-01
-2.470581957284556096e-01
-3.111079560706668246e-01
-3.775749774912092738e-01
-4.617210354200925182e-01
-5.573609176108936802e-01
-6.522383460063262417e-01
-7.424651985565750012e-01
-8.424808825065183138e-01
-9.433253347000268851e-01
-1.027187852780274246e+00
-1.090660129237496001e+00
-1.127892446984500641e+00
-1.143434538426022717e+00
-1.146152290477850499e+00
-1.142619009345426928e+00
-1.127044622407244123e+00
-1.089996628332606132e+00
-1.036432233969450722e+00
-9.699248232913880718e-01
-8.918384490185135016e-01
-8.030719924656645192e-01
-7.157681560402230359e-01
-6.393715691020215308e-01
-5.712452632791813478e-01
-5.226448102576511934e-01
-4.886716364247703503e-01
-4.537257237731359694e-01
-4.119848179063389515e-01
-3.491160620163397121e-01
-2.665528440642637165e-01
-1.736259513992885473e-01
-6.612435391393954587e-02
5.785858122895615879e-02
1.951042148772570983e-01
3.367574728822441132e-01
4.716956391595518161e-01
6.043314943463995448e-01
7.451842512276446451e-01
8.716776269241770514e-01
9.546734436773377519e-01
1.007896599848718822e+00
1.056134881942920822e+00
1.096662967900650987e+00
1.120889327281345604e+00
1.142751475084870627e+00
1.163254607241213101e+00
1.163678614566382885e+00
1.147706379583512071e+00
1.125243871498174730e+00
1.097663794769694556e+00
1.054529332113561368e+00
9.945545330981114818e-01
9.335903244881228469e-01
8.587389479673823711e-01
7.748042614729331312e-01
6.982467264909286708e-01
6.046458839055980361e-01
4.969149231403430234e-01
3.866221832377663703e-01
2.724052487106208287e-01
1.768944161752445676e-01
1.016559366039694046e-01
4.020794718362689230e-02
-9.209137418685186399e-03
-6.357279773696736247e-02
-1.199637853823925654e-01
-1.719286634539279046e-01
-2.252040522155057123e-01
-2.836720490595264765e-01
-3.543457419451473966e-01
-4.377133224816464607e-01
-5.315901838831661452e-01
-6.341288218194698345e-01
-7.404598481534382381e-01
-8.413738025894924588e-01
-9.280184213643366542e-01
-1.003461127691301469e+00
-1.066295483615022910e+00
-1.112116931687437971e+00
-1.136565911363389247e+00
-1.134980150323674053e+00
-1.118950123708005728e+00
-1.095954576099666289e+00
-1.062287329594394203e+00
-1.014842593170574903e+00
-9.544233892109886819e-01
-8.834705049644993036e-01
-8.039488003736601218e-01
-7.278781888217080720e-01
-6.562943896049019399e-01
-5.885715754607910855e-01
-5.363258147002600840e-01
-4.944647753380853605e-01
-4.517308082230587774e-01
-3.981801000278069602e-01
-3.325010314281229840e-01
-2.584894766861485782e-01
-1.701349538074636292e-01
-7.108333095202357121e-02
4.025108694605357418e-02
1.691677965800776895e-01
3.074711985328766883e-01
4.477811396859842086e-01
5.804393477886111707e-01
7.015369250994736294e-01
8.149516720109685197e-01
9.196097464950222511e-01
1.007565726734698686e+00
1.074564581233217853e+00
1.130075841803821701e+00
1.171942480471053649e+00
1.192420223866223594e+00
1.204413339265573368e+00
1.209273768060359799e+00
1.189180382633105770e+00
1.144997909594295704e+00
1.090339404365259668e+00
1.027123802939695407e+00
9.562738908601734478e-01
8.888285511380118464e-01
8.257421527218663515e-01
7.492934513368753047e-01
6.613569919776465245e-01
5.754570417277897754e-01
4.849031652335858422e-01
3.936731722759036489e-01
3.017932842379557057e-01
2.004701971685528272e-01
1.037184126087889041e-01
1.996106129064678311e-02
-4.579072306413533439e-02
-9.689341440740321942e-02
-1.454324918356403595e-01
-1.890805619383304492e-01
-2.378692322810551096e-01
-2.923534920147044525e-01
-3.483561841337673437e-01
-4.145368580090982302e-01
-4.884504027188555364e-01
-5.815712919052935526e-01
-6.894129765109200392e-01
-7.959624201679347255e-01
-9.032090697946953961e-01
-9.934521579649371326e-01
-1.063629703506765445e+00
-1.120232191304590508e+00
-1.157077811945766310e+00
-1.180591300175992231e+00
-1.188341557190582209e+00
-1.179610361521131301e+00
-1.156001137546502466e+00
-1.111791062200509383e+00
-1.052671027766984846e+00
-9.817169258659492748e-01
-8.993491982675486662e-01
-8.118819762456079836e-01
-7.261719353732383198e-01
-6.468903278874894580e-01
-5.802863823202191185e-01
-5.347833515486681843e-01
-5.028666178656368002e-01
-4.615380487142764498e-01
-4.003403327064414818e-01
-3.260324174980376855e-01
-2.365280764830661742e-01
-1.349871104036323433e-01
-3.032881164211283925e-02
8.968853033309916178e-02
2.230174696443203430e-01
3.607473654567552312e-01
5.031076335481824424e-01
6.388366544244963308e-01
7.706839262384076461e-01
8.985817898904654433e-01
1.002229311293590053e+00
1.066411587473693467e+00
1.105752202595154721e+00
1.153561267689508396e+00
1.190223335095395019e+00
1.188947087723148499e+00
1.182927401380462928e+00
1.187601882339002657e+00
1.182574455180548600e+00
1.159319581169347524e+00
1.121984549593844527e+00
1.077861006926768006e+00
1.028801985688398757e+00
9.691473303311550769e-01
8.977887602556231528e-01
8.224355520275888898e-01
7.432240685548510140e-01
6.527827271940810361e-01
5.535802908174021209e-01
4.526612973576793486e-01
3.571855508919956068e-01
2.773620708032569215e-01
2.085867369878147137e-01
1.405152040503883093e-01
7.897663627753499782e-02
2.140575957818290423e-02
-3.802194783582424353e-02
-9.850297441511972341e-02
-1.661409844325038021e-01
-2.364037477581711066e-01
-3.128593686591300549e-01
-4.059522135506386520e-01
-5.074136042133723379e-01
-6.117880962387856059e-01
-7.147391759780585829e-01
-8.163984863642282930e-01
-9.167394950477593119e-01
-1.004887293223305500e+00
-1.080159270187751375e+00
-1.141496382981104230e+00
-1.179959267707579418e+00
-1.189617997406436922e+00
-1.180675306196291574e+00
-1.171231283852219862e+00
-1.156776782130316317e+00
-1.123549593293239557e+00
-1.065318183129481344e+00
-9.879314940273693502e-01
-9.033275183162792210e-01
-8.118505129599520309e-01
-7.167732562169382149e-01
-6.332678984645065956e-01
-5.742100966763260539e-01
-5.353290393993910268e-01
-5.029199689516630212e-01
-4.679308439100975381e-01
-4.148281380873340973e-01
-3.333581019680257884e-01
-2.377462168107448148e-01
-1.408864198582403249e-01
-3.467625956514320401e-02
8.768692081492911183e-02
2.237252014342087647e-01
3.656721152517956042e-01
5.024565562771422522e-01
6.356908481966236923e-01
7.631372365042905503e-01
8.754043799320536667e-01
9.684873003859703067e-01
1.038199040917725968e+00
1.097384023921005536e+00
1.148745100160928123e+00
1.176222313445368872e+00
1.185019296581929060e+00
1.183601833503297618e+00
1.172184127185535552e+00
1.144769321047461874e+00
1.100064306050328788e+00
1.052766012378508531e+00
1.003418508782292440e+00
9.453925896551254038e-01
8.787506200996418881e-01
8.053209880309858404e-01
7.294619824243225858e-01
6.444765162166353756e-01
5.472500549978823736e-01
4.446692411224195673e-01
3.418619153191037596e-01
2.450427056078710031e-01
1.511166773895992743e-01
6.647688157630377015e-02
7.834557974802654201e-03
-3.849596995013794543e-02
-8.594295923387540448e-02
-1.296516850974037405e-01
-1.772541300740863579e-01
-2.298125913856238212e-01
-2.880005938023799672e-01
-3.634770458168367080e-01
-4.522406664633214501e-01
-5.495445508200585971e-01
-6.578232053795844969e-01
-7.711826693613242911e-01
-8.754908140448646181e-01
-9.629933737598961319e-01
-1.041770908758539838e+00
-1.110237309847207365e+00
-1.157594510278050048e+00
-1.180765263610255467e+00
-1.176866739702693065e+00
-1.151675825496762950e+00
-1.119357555683229366e+00
-1.084097714938199397e+00
-1.037073722421898214e+00
-9.735369703173020195e-01
-8.999954492835666731e-01
-8.216540436443924289e-01
-7.439269331931275264e-01
-6.733356677342056118e-01
-6.109298309887158940e-01
-5.569329465565427961e-01
-5.105476652189177011e-01
-4.629469324342568304e-01
-4.050403673292954920e-01
-3.341392838317289171e-01
-2.469107206110173758e-01
-1.474861388341330848e-01
-4.407867503520129099e-02
6.835291238212266862e-02
1.962577923157894366e-01
3.346651397139494555e-01
4.744342149072312553e-01
6.103208492255953743e-01
7.367055059303804221e-01
8.493277590878494099e-01
9.482696440732218957e-01
1.028061338841080197e+00
1.086118560125711285e+00
1.127570225773443013e+00
1.157730213777276695e+00
1.181788303499288872e+00
1.198521913467165190e+00
1.200370449430914421e+00
1.182599039807690433e+00
1.148213367155035414e+00
1.102875584423819388e+00
1.056496092076064874e+00
1.012637127061162934e+00
9.547193997630086804e-01
8.833878146372824425e-01
8.107989496915255501e-01
7.268991985066708406e-01
6.310554702242825442e-01
5.290462697999921415e-01
4.202452333090452852e-01
3.189215040385733335e-01
2.306472474019832519e-01
1.460171969792082025e-01
7.033748704299556953e-02
8.627806995243660071e-03
-4.687648060316398219e-02
-9.884749376741440441e-02
-1.478300822059707142e-01
-1.988495286802980100e-01
-2.570857894331325388e-01
-3.246535738149253780e-01
-4.038429308524564276e-01
-4.969004846091295002e-01
-5.951912022117470391e-01
-6.924474984388375720e-01
-7.885874450088582455e-01
-8.782700925160563665e-01
-9.611251202703768870e-01
-1.036660872936136846e+00
-1.095543876321215748e+00
-1.126589176339150677e+00
-1.134114769605629514e+00
-1.134372548051266971e+00
-1.127989237782727638e+00
-1.105856923370664324e+00
-1.065314581300328856e+00
-1.013045325060315971e+00
-9.477950290133646538e-01
-8.651305178941713914e-01
-7.752075190195623078e-01
-6.785687426912169196e-01
-5.893047906806017089e-01
-5.290664441805206231e-01
-4.903910745986027608e-01
-4.638810398114479039e-01
-4.250123812077055141e-01
-3.606425978486973993e-01
-2.884120157347060953e-01
-2.060315077003778972e-01
-1.165951569639480656e-01
-2.224749680591125989e-02
9.254164985139388955e-02
2.243180180125236012e-01
3.645525948513268499e-01
5.028238355259784242e-01
6.271318284687833478e-01
7.419417655063650363e-01
8.492819327083557246e-01
9.407887754956959503e-01
1.014055890882866517e+00
1.071283323595177750e+00
1.107113324415156308e+00
1.126528822308571209e+00
1.156323579079898245e+00
1.193139907408874878e+00
1.193817227802966618e+00
1.155069179647871813e+00
1.109759945531209713e+00
1.061004459607365336e+00
1.004777016244877030e+00
9.424659775788426508e-01
8.708745676840555783e-01
7.986554739618914045e-01
7.198952330146348721e-01
6.282141938419868454e-01
5.398292498168092424e-01
4.500821318003505600e-01
3.480531486581319167e-01
2.392893127502757900e-01
1.339809621626157077e-01
5.052625632440917863e-02
-1.012667125055676139e-02
-6.157386482540513906e-02
-1.089511996731543642e-01
-1.580120745072722821e-01
-2.081321955672236768e-01
-2.589633481716092644e-01
-3.162006045055413828e-01
-3.810362041848595616e-01
-4.582053102249238896e-01
-5.513225967350742218e-01
-6.553571479740949446e-01
-7.614219249480331797e-01
-8.621607514297390251e-01
-9.545870543571939315e-01
-1.036391551390070997e+00
-1.100049597128795575e+00
-1.139418120882629060e+00
-1.160931601579126005e+00
-1.158967385449731546e+00
-1.127069152992691059e+00
-1.093760984802873759e+00
-1.072245011219298938e+00
-1.040657368806215288e+00
-9.883984313623952467e-01
-9.148822690665989743e-01
-8.172460260849713221e-01
-7.108388552023072737e-01
-6.238712665850065786e-01
-5.606320849301309472e-01
-5.128081182843162722e-01
-4.764419316354017719e-01
-4.353170303526315843e-01
-3.781897626350484987e-01
-3.091324953897998662e-01
-2.318000901677118308e-01
-1.517888423503438167e-01
-6.996786711294387950e-02
2.699490530552044187e-02
1.469666809353011860e-01
2.832407769599317726e-01
4.250877346848380700e-01
5.602450597605062033e-01
6.828048046474258781e-01
7.910974477812989791e-01
8.913910442241815835e-01
9.952372930667641171e-01
1.082894925686724408e+00
1.132831346041390574e+00
1.164467809791294162e+00
1.195812664462724273e+00
1.220327709611595868e+00
1.223842989876631204e+00
1.196311574275287448e+00
1.153996457778045048e+00
1.112142325276579635e+00
1.053282304663851754e+00
9.872312773694463806e-01
9.240797797275048797e-01
8.417013908278804246e-01
7.614923833249768181e-01
6.813700271043744428e-01
5.841848209848493623e-01
4.989164683201767203e-01
4.058310092294198923e-01
3.094568762501592740e-01
2.322884153327600676e-01
1.408685813616691318e-01
5.728375139620880269e-02
-2.360733639514852808e-03
-5.432022781685000995e-02
-9.225372007747700831e-02
-1.330539174536883862e-01
-1.788287770638817553e-01
-2.276121554146723902e-01
-2.860798357852362694e-01
-3.556065026122734452e-01
-4.450885644770644634e-01
-5.411966641115730781e-01
-6.380651664939538392e-01
-7.370197010665753279e-01
-8.339110817914627827e-01
-9.257145322252573472e-01
-1.001029920721212330e+00
-1.064346976490341490e+00
-1.111141781944264384e+00
-1.138725759784289027e+00
-1.150573663510584543e+00
-1.137724204306855835e+00
-1.112186488870942735e+00
-1.073796547273318858e+00
-1.014460960158498626e+00
-9.428619624636053187e-01
-8.670735936701049473e-01
-7.896003382717559083e-01
-7.086083721269835767e-01
-6.417473960023167834e-01
-5.922546868224736194e-01
-5.535944867499220656e-01
-5.257892210450508808e-01
-4.841132597593515441e-01
-4.262061919681586208e-01
-3.564655870804507853e-01
-2.676247560660451885e-01
-1.734727076197816742e-01
-7.368863272423557820e-02
4.463649595046537827e-02
1.833817051217039862e-01
3.303059097909366026e-01
4.672882594836842984e-01
5.927943297446091053e-01
7.190080244148358002e-01
8.455682587139285999e-01
9.477125100328561702e-01
1.019147899664883949e+00
1.082092770410790994e+00
1.130262663150600089e+00
1.139829588738837218e+00
1.133947976993200824e+00
1.144399442997858563e+00
1.163239616112873076e+00
1.175137315064846089e+00
1.150710261835654835e+00
1.097300742570122667e+00
1.060685667924672559e+00
1.020096850451153170e+00
9.577143668477161587e-01
8.876367653030815541e-01
8.075273791807590085e-01
7.303943677892916764e-01
6.460838363111700566e-01
5.422242494480256081e-01
4.334553907749760793e-01
3.234281848286794103e-01
2.256120500726066236e-01
1.429067531045354056e-01
6.822569786957582982e-02
5.013852390104696875e-03
-5.605303678708566800e-02
-1.171940297075174664e-01
-1.754202442718252597e-01
-2.332860100027431272e-01
-2.951295283594390639e-01
-3.666085006970235538e-01
-4.431862348005445318e-01
-5.273102905042861277e-01
-6.221435982664738074e-01
-7.258016279354939648e-01
-8.323607057460746805e-01
-9.250346994624492059e-01
-1.005655801898027502e+00
-1.075144259375529376e+00
-1.128040919510600704e+00
-1.164417237814137973e+00
-1.172931895032387262e+00
-1.163716714382671880e+00
-1.151070039569105807e+00
-1.130816558396321669e+00
-1.092972928862573578e+00
-1.027969691052914802e+00
-9.511199096156602861e-01
-8.648385438379261325e-01
-7.650832752192523456e-01
-6.743573984421294965e-01
-6.033459403034230339e-01
-5.466017598132492106e-01
-4.972877321684421870e-01
-4.576882216528930791e-01
-4.160469436827830547e-01
-3.536214619957859795e-01
-2.797696570443252706e-01
-1.970577521967485091e-01
-1.067619462742029346e-01
-8.852994535843813212e-03
1.115231605027629247e-01
2.498330676024427821e-01
3.877748751137529148e-01
5.110251275900518086e-01
6.227390295358371519e-01
7.390937605153184986e-01
8.660078227011817065e-01
9.863358635038533828e-01
1.074297326460620816e+00
1.133776998875218434e+00
1.169356561418161133e+00
1.173949418701781600e+00
1.170922568111189888e+00
1.176384840595142256e+00
1.166009885023939985e+00
1.130949071745359413e+00
1.088047927851038210e+00
1.039999636171396569e+00
9.912583578217900593e-01
9.366184193014738257e-01
8.635138361202255863e-01
7.898887527861274682e-01
7.141052062047071880e-01
6.239384321081061779e-01
5.332459394815678433e-01
4.413585965002309597e-01
3.369175791260112240e-01
2.169435114406133569e-01
1.056953879587392703e-01
3.209562814855512064e-02
-2.027688067824108542e-02
-7.014958007433604037e-02
-1.140169732233723698e-01
-1.581362279712538454e-01
-2.075907881374333686e-01
-2.552735948321990800e-01
-3.079271056284916819e-01
-3.801846170944138126e-01
-4.670046557273773713e-01
-5.585285208683253844e-01
-6.563232523562474441e-01
-7.626824099766702503e-01
-8.639946954320149031e-01
-9.480439895058808686e-01
-1.021601352620177705e+00
-1.082270916805611716e+00
-1.123385131827347783e+00
-1.144952541549532077e+00
-1.142950344489596093e+00
-1.120167004642494746e+00
-1.089415845834746044e+00
-1.059729628895073938e+00
-1.014957331154753284e+00
-9.407382717730107258e-01
-8.529785885350524843e-01
-7.652181289229774697e-01
-6.832478568806169550e-01
-6.114441031301164342e-01
-5.540927954147679690e-01
-5.129990377322701800e-01
-4.703691205100591355e-01
-4.147392871752474397e-01
-3.554049984436736809e-01
-2.922583291217524248e-01
-2.140831695292423065e-01
-1.238749419044074679e-01
-2.523086968224718535e-02
9.117086118580740306e-02
2.204658209966992577e-01
3.548006445336682746e-01
4.888094526624006120e-01
6.134395092645025249e-01
7.321378435491437964e-01
8.439052374535743750e-01
9.483327193353803253e-01
1.041818736678017387e+00
1.110416251177799962e+00
1.157161463900742371e+00
1.184740760871809462e+00
1.198128010874373484e+00
1.208634778033601975e+00
1.214247210068906124e+00
1.207083622992989991e+00
1.172081168097632409e+00
1.114758766700874926e+00
1.059292130742246263e+00
1.004210222487519344e+00
9.382959083628292785e-01
8.627484088899178838e-01
7.814863460762340175e-01
6.924401573277065847e-01
5.966588177891862799e-01
4.969851002122018246e-01
3.950427810409039564e-01
3.014609113865368561e-01
2.153717660822578872e-01
1.269985924589641102e-01
4.303884394209543662e-02
-2.483676970738184567e-02
-8.009492694008217561e-02
-1.341015139125767974e-01
-1.853201909643808210e-01
-2.364603693819838370e-01
-2.957311666413271478e-01
-3.610176355902641743e-01
-4.365498346145046393e-01
-5.238922225362929730e-01
-6.204925275696099307e-01
-7.247971836225035602e-01
-8.276206966112282792e-01
-9.214422771946595425e-01
-1.000350155222700987e+00
-1.068761559233157632e+00
-1.126310874465179523e+00
-1.160179258485739995e+00
-1.177501045838801552e+00
-1.185446760093022966e+00
-1.182995007255970732e+00
-1.166420813347713414e+00
-1.125432918876895894e+00
-1.064888708728975342e+00
-9.866036303096875626e-01
-8.950841480042119880e-01
-8.106960532438288736e-01
-7.374067331386399138e-01
-6.648857796149683086e-01
-5.878955154306404474e-01
-5.238398715012055895e-01
-4.785883651746515866e-01
-4.256371381917328223e-01
-3.639958776350389891e-01
-2.987121192625662447e-01
-2.187002188609909747e-01
-1.278338506081894144e-01
-2.232924724097126029e-02
1.016815666195860779e-01
2.317727492492389352e-01
3.664287343341779968e-01
5.018556023605392769e-01
6.260678884360302288e-01
7.415898910322964444e-01
8.540593082295137028e-01
9.577778258560110114e-01
1.036023164557275278e+00
1.084715281599507586e+00
1.122955232228512568e+00
1.155558726211855181e+00
1.178112181348871301e+00
1.189126956071871355e+00
1.178375353428344985e+00
1.147185077968950084e+00
1.105350616521473261e+00
1.056534690863112358e+00
1.001156198198236869e+00
9.432633764715504521e-01
8.836271295034656692e-01
8.104794233414961413e-01
7.279360547576650964e-01
6.477084307056827361e-01
5.684049267495482338e-01
4.847806740841796302e-01
3.857352075440396710e-01
2.799335657789437937e-01
1.931357155183237029e-01
1.263574213210097164e-01
6.501137933130153590e-02
8.300151208625084626e-03
-4.241382973307476073e-02
-9.561279091659695417e-02
-1.492934604966541234e-01
-2.030273057359898159e-01
-2.642626203060318701e-01
-3.332619274398617160e-01
-4.153242884826006120e-01
-5.075764944239254950e-01
-6.034837157536526719e-01
-7.078136558722063487e-01
-8.114371434148462958e-01
-9.037351032653067051e-01
-9.854998846787078604e-01
-1.052548482193591317e+00
-1.101742034482921406e+00
-1.130368844126556693e+00
-1.136189981211611855e+00
-1.126381081070066514e+00
-1.108616632751733500e+00
-1.086546732878554300e+00
-1.053945363939390090e+00
-9.994240396227229706e-01
