3904 0.00333
-5.307376603101637835e-01
-6.019830441242527419e-01
-6.781015807144011864e-01
-7.578602766653815825e-01
-8.435779531225228167e-01
-9.280514261428149947e-01
-9.996154228782875295e-01
-1.049243875412714022e+00
-1.092813244919514482e+00
-1.149543025966368370e+00
-1.206618948085862675e+00
-1.252578213331345003e+00
-1.277971622555792219e+00
-1.267931418897438878e+00
-1.214790233729789115e+00
-1.120203705057207344e+00
-1.011323987915233591e+00
-9.148857203078850642e-01
-8.318990344553532923e-01
-7.503664509966252449e-01
-6.532236411944425392e-01
-5.385217108498495664e-01
-4.184594369583633511e-01
-3.041108967006764807e-01
-2.033283821466791985e-01
-1.132648370319433995e-01
-2.202709609243954161e-02
8.250137218937717010e-02
1.895973042863852986e-01
2.697352774611375681e-01
3.224870441918896158e-01
3.721329379283313532e-01
4.340810120935458816e-01
5.118309827432219183e-01
6.037934832936671103e-01
7.058674507657104469e-01
8.037926508604966713e-01
8.884738612901533772e-01
9.721483738588848622e-01
1.072503270182682211e+00
1.192526772824759718e+00
1.307669698550267601e+00
1.387401037562403294e+00
1.416039756597792021e+00
1.384957844229582902e+00
1.297416278116070965e+00
1.177881936033927879e+00
1.066171921867823835e+00
9.828597418388811402e-01
9.098966159412956722e-01
8.190047882892117492e-01
7.031716523510770367e-01
5.815045226184045735e-01
4.679231841382472390e-01
3.682098913758449776e-01
2.922811660259799771e-01
2.294568437981876763e-01
1.642850048902503579e-01
9.816964015322982018e-02
4.099917047484560872e-02
4.230682828008354955e-03
-2.986017297720726729e-02
-9.498305172406019958e-02
-1.901711638147358940e-01
-2.865857407188486805e-01
-3.690339880861494559e-01
-4.509573446806123265e-01
-5.390425887310545949e-01
-6.225927653808609463e-01
-7.103409154898312483e-01
-8.119168845092178399e-01
-9.059001931059821322e-01
-9.781368079781483926e-01
-1.039433984864714500e+00
-1.099654609455058774e+00
-1.165305322356422257e+00
-1.225120187264235438e+00
-1.261256117029571300e+00
-1.277181214008504151e+00
-1.258542685618269319e+00
-1.189288361236821467e+00
-1.092026988388707043e+00
-9.938349393239492846e-01
-9.114016206353519056e-01
-8.384938430749775407e-01
-7.547058100797306990e-01
-6.547534702343851265e-01
-5.361118835055134202e-01
-4.082291453838573503e-01
-2.927630440439271675e-01
-1.994062286411631135e-01
-1.219320904636606584e-01
-4.057115329025148820e-02
5.020349570114574639e-02
1.292345797104469951e-01
1.900613002918483396e-01
2.524459055403231456e-01
3.255400532987567375e-01
4.110323027849586697e-01
5.111699912590984551e-01
6.126114556226559538e-01
7.080687520812011249e-01
7.933622503219868172e-01
8.630940353386196140e-01
9.391871084213033738e-01
1.039158185773785714e+00
1.154219337256901401e+00
1.260950115476786371e+00
1.320904455670159239e+00
1.317781100982434728e+00
1.259912823147274263e+00
1.156862950391122080e+00
1.044597618923450266e+00
9.524372443531918808e-01
8.691723089213260200e-01
7.836271258247810012e-01
6.854044954728162331e-01
5.732098850059207384e-01
4.669819785252186661e-01
3.724858793287295078e-01
2.909767484582360675e-01
2.245463769761857076e-01
1.605639574357360655e-01
9.213593459371478833e-02
2.462997586435600184e-02
-3.590604998478819088e-02
-9.135197943793534059e-02
-1.489172533271865551e-01
-2.169054350506152695e-01
-3.021533890300711067e-01
-3.950153799098812812e-01
-4.756908138162347366e-01
-5.419676023102797391e-01
-6.128936874566520698e-01
-6.961575543988778314e-01
-7.822337181553288277e-01
-8.696659782941449368e-01
-9.489223687773433724e-01
-1.007173538529257950e+00
-1.057113405538538498e+00
-1.110318584735796810e+00
-1.165926045670385491e+00
-1.219512532175153430e+00
-1.254477086755552140e+00
-1.255246965302952100e+00
-1.211085474028673170e+00
-1.122152575548635900e+00
-1.015096353855496236e+00
-9.166793596387657894e-01
-8.349612326235782422e-01
-7.603777434829200876e-01
-6.724087446771958021e-01
-5.611258765408294602e-01
-4.316008617925587432e-01
-3.029018243544859823e-01
-1.975434541270741362e-01
-1.192864453913124595e-01
-4.300717515922830581e-02
5.729433672668764882e-02
1.618992008993231924e-01
2.402925269403342057e-01
2.962764898087685839e-01
3.470298204507678563e-01
4.107357733435796354e-01
4.977097061578868997e-01
6.046958881211987880e-01
7.163696165393321769e-01
8.125985407924323223e-01
8.909597349053065551e-01
9.653434863079592976e-01
1.051352067932239676e+00
1.153685429948107632e+00
1.257106950433390713e+00
1.338878592634506370e+00
1.376677892749323506e+00
1.347958511950407390e+00
1.257486337415719468e+00
1.143012276040620945e+00
1.031376041572967139e+00
9.322464954074858312e-01
8.445120599416725549e-01
7.484543471597826514e-01
6.349238815715515516e-01
5.154934966270037222e-01
4.005898816688628350e-01
2.994767624829108299e-01
2.191497171276414191e-01
1.499448067939586349e-01
8.135454899389119032e-02
1.668800892706354816e-02
-3.796689659639829878e-02
-7.741592335529151603e-02
-1.167361863630138052e-01
-1.764204018840067889e-01
-2.508858060273311263e-01
-3.323750430196715788e-01
-4.183857243337604781e-01
-5.040038862537709052e-01
-5.854528804608640780e-01
-6.706654174634639753e-01
-7.687145224768007212e-01
-8.680246728409052315e-01
-9.603069440349627506e-01
-1.035273885765718660e+00
-1.086155902692597763e+00
-1.132171247289192273e+00
-1.183815147443502802e+00
-1.240474399617123025e+00
-1.291854282240915142e+00
-1.315069750266983917e+00
-1.296579274728218767e+00
-1.232888416736745985e+00
-1.137241071978239537e+00
-1.035615241790488472e+00
-9.486109913930075299e-01
-8.766152044858099845e-01
-8.009657770192765147e-01
-7.067950684831310060e-01
-5.900451867439332476e-01
-4.624509317369837613e-01
-3.446259469093169159e-01
-2.480383199116111270e-01
-1.690167310641864373e-01
-8.869677725024030512e-02
3.494140213139959421e-03
9.412344710292450123e-02
1.668340438599424935e-01
2.253466576518374787e-01
2.835989707308220753e-01
3.453498922252557501e-01
4.166958039583447126e-01
5.091113147644956705e-01
6.128937368327949109e-01
7.063406108606081757e-01
7.884544319282553726e-01
8.772607933826943594e-01
9.884643889883758527e-01
1.117528578544698670e+00
1.240358709739690646e+00
1.328562836197831221e+00
1.356647449964952346e+00
1.315785219002252537e+00
1.222986507665155376e+00
1.113291788470866184e+00
1.019957075889966536e+00
9.472044146670159925e-01
8.744968864615119131e-01
7.846947695547348278e-01
6.783460989172892530e-01
5.683467380663224100e-01
4.666524581511321546e-01
3.791968286051607406e-01
3.077670010454293670e-01
2.458706692785797288e-01
1.800862834544314783e-01
1.126114227286545422e-01
5.776215132420976089e-02
1.885381135167968000e-02
-1.666450759934114470e-02
-7.564500196296265744e-02
-1.629511621885070538e-01
-2.490754717787317107e-01
-3.189913190877455840e-01
-3.873863148791775735e-01
-4.673837561285217324e-01
-5.525397832259548725e-01
-6.423226749807040559e-01
-7.430684914544263275e-01
-8.368194638930667173e-01
-9.065177294231362426e-01
-9.616830638473993220e-01
-1.014726952174941577e+00
-1.070018378148568816e+00
-1.128064856346401301e+00
-1.172442944356353767e+00
-1.179416657386222589e+00
-1.142746986627506844e+00
-1.065515636564851931e+00
-9.646424792937973169e-01
-8.704918333420899046e-01
-7.954826144190877413e-01
-7.250453920890523873e-01
-6.394532100746388448e-01
-5.336228261092438308e-01
-4.085172465962927935e-01
-2.794435838446092668e-01
-1.727837970244897603e-01
-8.672469188641634963e-02
-4.082002171388474099e-03
8.559764776423803290e-02
1.833072017881959559e-01
2.710593987225626833e-01
3.316879792131485205e-01
3.797309286949626661e-01
4.470407598373647429e-01
5.385863266455274134e-01
6.417496994079139316e-01
7.459046085099411139e-01
8.374630064535715235e-01
9.114192445015543154e-01
9.714154674970671977e-01
1.041072253970363848e+00
1.143363134230374722e+00
1.261868372706373087e+00
1.363587916175497128e+00
1.412074112240645718e+00
1.391814907306226035e+00
1.317279681834630622e+00
1.205265312097007158e+00
1.091701088411033860e+00
1.003462300329689194e+00
9.261406725266216888e-01
8.392648035561165454e-01
7.303647050751551628e-01
6.097055523903306407e-01
5.007375873745404382e-01
4.058969527284496115e-01
3.249238327637143930e-01
2.587139904465932116e-01
1.963514360225623867e-01
1.354869642562950560e-01
8.619428500154724393e-02
5.147764877337430295e-02
1.255619733058453008e-02
-5.264816492180267316e-02
-1.377332257773600799e-01
-2.278449376525938097e-01
-3.221597232923993359e-01
-4.151520462645379994e-01
-4.965517665262034752e-01
-5.737769419272116256e-01
-6.615263743245379802e-01
-7.580306152664885166e-01
-8.545115773994995667e-01
-9.350608193508032073e-01
-9.854910161305776573e-01
-1.028240530169748590e+00
-1.086127242211266886e+00
-1.146614629147953313e+00
-1.197601444170375951e+00
-1.230479229182735779e+00
-1.228192886541553897e+00
-1.178511234215791070e+00
-1.085004070426042189e+00
-9.786067929606239169e-01
-8.890806277700474824e-01
-8.141091936212511149e-01
-7.409937254875429424e-01
-6.517311721109915190e-01
-5.347894133529578209e-01
-4.050473829779532298e-01
-2.804361671899463504e-01
-1.789302743534111340e-01
-1.063137183924282303e-01
-3.771970692608090509e-02
4.780320898254592638e-02
1.460890728797681060e-01
2.311954546203991712e-01
2.878711258814536933e-01
3.343803275670301223e-01
3.896885830282673102e-01
4.668722441731619210e-01
5.712528870330653152e-01
6.855624675816160973e-01
7.884198120552917688e-01
8.730383060089322855e-01
9.535076217990440250e-01
1.053360467192409278e+00
1.175832794990636421e+00
1.296365983963763346e+00
1.384815524355274663e+00
1.417864927288714272e+00
1.384668456801636305e+00
1.295936615342503817e+00
1.178404475824366360e+00
1.066253252430580778e+00
9.760212336322811044e-01
8.941714855710723997e-01
8.001925301935708390e-01
6.861831532238314990e-01
5.692393822652189739e-01
4.632607459200752675e-01
3.668715054058820368e-01
2.875921896005688150e-01
2.188405129830070794e-01
1.472247096202214112e-01
8.013585975264277128e-02
3.086492461775032503e-02
2.764171156315808984e-03
-2.923380840839415185e-02
-9.251785912044584170e-02
-1.796226038286091453e-01
-2.692752872758418792e-01
-3.493234243554129148e-01
-4.263159816954431580e-01
-5.102449592122466626e-01
-5.961125355553217320e-01
-6.877585102486513113e-01
-7.907586450015112733e-01
-8.835917800472589123e-01
-9.537256106846973003e-01
-1.014689146290495003e+00
-1.071699482668533765e+00
-1.128802581590781395e+00
-1.185230452326080375e+00
-1.225681273101240309e+00
-1.244752228277111072e+00
-1.228164462630087606e+00
-1.162174910817876272e+00
-1.068497010056199237e+00
-9.752397927955310797e-01
-8.953559163677639043e-01
-8.224932901756077941e-01
-7.391199740290740339e-01
-6.354952293820304021e-01
-5.127202008529699873e-01
-3.874203269479531420e-01
-2.775567202534376943e-01
-1.850479931765149078e-01
-1.005735660033485745e-01
-1.642028242486185535e-02
7.158708725531190420e-02
1.584658627577762713e-01
2.250114933142840501e-01
2.773702985306131796e-01
3.365347764774806461e-01
4.020117156706812245e-01
4.777241575516791294e-01
5.648127123985599018e-01
6.535860363962643360e-01
7.343235757740730341e-01
8.038459169566665175e-01
8.834355231388997254e-01
9.867348805213767005e-01
1.103562927154264184e+00
1.215360472429015015e+00
1.290649364816199851e+00
1.306070989855462772e+00
1.258125127182709191e+00
1.160685478761428469e+00
1.049287189147070531e+00
9.573102878932228110e-01
8.870889213467553214e-01
8.150358664154747634e-01
7.236872084876836420e-01
6.171035991624573835e-01
5.098783283869464666e-01
4.126467943254574222e-01
3.267114896118806233e-01
2.538018762703421749e-01
1.933106629381759756e-01
1.366956594208381948e-01
8.256500648469816683e-02
3.706212013676560280e-02
7.638876009377356080e-06
-4.712283635783569291e-02
-1.306403700866428375e-01
-2.415887006417020699e-01
-3.397011660306017422e-01
-4.070332447753080563e-01
-4.649284966201818747e-01
-5.416972656689117427e-01
-6.368782357317003262e-01
-7.354705505991776526e-01
-8.320747876167690071e-01
-9.148626541241675625e-01
-9.712844121741360803e-01
-1.013391665469301595e+00
-1.062865336001878713e+00
-1.124152688973631964e+00
-1.184331036258836400e+00
-1.225436995851593824e+00
-1.229450523120760641e+00
-1.184762590059596610e+00
-1.100826939115303160e+00
-1.000827901469315995e+00
-9.055625835737478591e-01
-8.283036033395818620e-01
-7.571864689449160357e-01
-6.699257969956060599e-01
-5.628679575885603414e-01
-4.414548242710482628e-01
-3.208645607731157590e-01
-2.173574963348728628e-01
-1.309527049159671108e-01
-4.834841431812822443e-02
4.748986631550576598e-02
1.484835579003686012e-01
2.309887356788396240e-01
2.906279034956354979e-01
3.431394035904298256e-01
4.152092604161390366e-01
5.176840487442180283e-01
6.328005667207032836e-01
7.369736556651690362e-01
8.225309556467010896e-01
8.940014197364573034e-01
9.569505294408309215e-01
1.030152085527503703e+00
1.129918996350168348e+00
1.242588356919190451e+00
1.334890086328496484e+00
1.373794409307877551e+00
1.346615370079286444e+00
1.264161641868549069e+00
1.153564637356859768e+00
1.043642655361021188e+00
9.456830666743222258e-01
8.573953102205617016e-01
7.654150579571592505e-01
6.565956286130042452e-01
5.380169208145311188e-01
4.255306431333670814e-01
3.273342502556174094e-01
2.473563103531106477e-01
1.813910444358378116e-01
1.145639684495773358e-01
4.671004024900225066e-02
-4.296322028376394972e-03
-3.289466988706890582e-02
-6.409269858267160891e-02
-1.297869649457240593e-01
-2.215963206043051748e-01
-3.106559825900375715e-01
-3.920851424171633570e-01
-4.752238445690816770e-01
-5.624468166250654599e-01
-6.500554978576776888e-01
-7.458217567533586001e-01
-8.517479598543564734e-01
-9.512551580519492678e-01
-1.033475311506646843e+00
-1.094723188301032879e+00
-1.143856618777912448e+00
-1.196930979966938535e+00
-1.255207145621598963e+00
-1.306046850647297086e+00
-1.330968830228973721e+00
-1.317282083248444424e+00
-1.258751129006710823e+00
-1.165098923633242300e+00
-1.066317256122728097e+00
-9.803019030645520049e-01
-9.028554619412864080e-01
-8.213803221543957145e-01
-7.236859957245471708e-01
-6.088794312710111845e-01
-4.872622233871234942e-01
-3.722643880117726400e-01
-2.772960499166368664e-01
-1.993216354605790719e-01
-1.160735488647026137e-01
-1.753093339571545894e-02
8.450449138807886174e-02
1.679601125840627374e-01
2.265355534263184534e-01
2.781208442074182274e-01
3.347905649357474367e-01
4.075602241948026450e-01
5.025211782856870979e-01
6.041630180040015174e-01
6.942724832312273664e-01
7.693412391372460579e-01
8.527749990038414607e-01
9.662576288442356054e-01
1.098044598216272538e+00
1.219314514190410259e+00
1.303846713591846562e+00
1.334221695862233048e+00
1.297421588868847619e+00
1.205950644697357133e+00
1.094826697048883135e+00
9.890223134721815024e-01
9.069527684956695257e-01
8.380324254202751177e-01
7.492019727110316163e-01
6.389547045241721346e-01
5.257771493443831323e-01
4.219126198575858799e-01
3.325921837284316340e-01
2.559522700482979585e-01
1.897203079847473717e-01
1.284452241690495211e-01
6.893545864469638462e-02
2.097861368021916584e-02
-1.614381392871271775e-02
-6.529600193985402035e-02
-1.456813926073921850e-01
-2.507176632248651060e-01
-3.457464976240539611e-01
-4.103315390014168895e-01
-4.697786991808676760e-01
-5.506164886717435092e-01
-6.452164622308783626e-01
-7.412317137541701850e-01
-8.412696206455791970e-01
-9.314353414181971713e-01
-9.929890877144001982e-01
-1.039376449211991682e+00
-1.088848826929250446e+00
-1.150809567607680384e+00
-1.217385964825517419e+00
-1.260035027841053035e+00
-1.267611888375163032e+00
-1.233356648402530675e+00
-1.153557566531306033e+00
-1.052999614136469697e+00
-9.574032919429787958e-01
-8.778976975235839308e-01
-8.046771977021081046e-01
-7.144302650068931060e-01
-6.017734056736949722e-01
-4.761004318977539174e-01
-3.540566805337670986e-01
-2.530028795099124039e-01
-1.692324282662766022e-01
-8.416638549414511006e-02
1.180155746839238982e-02
1.129835351703897955e-01
2.000995248293964968e-01
2.587824517564527582e-01
3.084963524609261598e-01
3.814121519964576712e-01
4.806834949606239582e-01
5.876249436178521135e-01
6.882431977993060945e-01
7.771780640465932866e-01
8.487797192308194072e-01
9.082905275943785606e-01
9.809898928738772783e-01
1.082612048811536276e+00
1.201956811555664029e+00
1.308816558946681807e+00
1.364344397141713516e+00
1.353134786940795475e+00
1.287232910861347390e+00
1.183210975072979343e+00
1.070856535500547713e+00
9.758999801524705919e-01
8.949483811023354329e-01
8.124695670862908115e-01
7.133205268376231478e-01
5.999800603800684584e-01
4.926223875423391685e-01
3.990354274927020439e-01
3.166157646172208517e-01
2.462282314898933122e-01
1.833485124415779322e-01
1.198125541457549514e-01
6.267569763785663106e-02
2.150119120758606228e-02
-1.704224467191338757e-02
-7.579917720500416178e-02
-1.613523584152740942e-01
-2.572184786163281833e-01
-3.455065914933769244e-01
-4.231378897759878188e-01
-4.960919107248534243e-01
-5.769721961502912722e-01
-6.692322997835156162e-01
-7.644737849603924218e-01
-8.562317338996823235e-01
-9.316107835944812399e-01
-9.829529588239435123e-01
-1.026731646200365722e+00
-1.079076245472284645e+00
-1.137292653808136045e+00
-1.189548828775996547e+00
-1.220302963097689819e+00
-1.215890976249097477e+00
-1.167993188994005616e+00
-1.083188011625328073e+00
-9.878223804528062368e-01
-9.019185832890128651e-01
-8.283949544600361925e-01
-7.549501856372802244e-01
-6.629658352343787975e-01
-5.506134759243306309e-01
-4.263225581515990847e-01
-3.065137830011429032e-01
-2.086113402504848058e-01
-1.269151564384131681e-01
-4.122748101225568590e-02
5.973338240672198401e-02
1.575895946810726977e-01
2.291584752880047315e-01
2.797647075793219806e-01
3.240528747587557712e-01
3.804513659400312053e-01
4.620494993104682924e-01
5.624983323812513536e-01
6.689486202763045286e-01
7.659844065552031678e-01
8.487142144926612675e-01
9.320564346292410374e-01
1.030855482468646445e+00
1.145568800322165570e+00
1.263565261050633826e+00
1.359384275558969124e+00
1.400052571928348977e+00
1.366728010852317432e+00
1.274863575877561717e+00
1.163361092128865293e+00
1.056263769151590148e+00
9.625923460591194747e-01
8.811608564058349691e-01
7.870541175341202456e-01
6.765922798229984103e-01
5.647198542858545833e-01
4.522540537064757005e-01
3.549174506873049029e-01
2.779828138470802346e-01
2.067235711612566140e-01
1.380451161762058787e-01
7.399137895099487661e-02
2.263147127183749718e-02
-1.783646270731097452e-02
-6.141816415687124248e-02
-1.248734250972022564e-01
-2.145393758206733115e-01
-3.010816957869946187e-01
-3.728356054411852694e-01
-4.488239500942134419e-01
-5.300522529216727952e-01
-6.158178916496107602e-01
-7.107914450086000313e-01
-8.139140065608262420e-01
-9.121458803844345598e-01
-9.883455989852099055e-01
-1.046482669551485500e+00
-1.099992005005085538e+00
-1.157758796567337045e+00
-1.220014293233034897e+00
-1.272374607468241381e+00
-1.292273185539526636e+00
-1.265837016253293257e+00
-1.197771713091011270e+00
-1.100929602072123981e+00
-9.991969178159310072e-01
-9.126968191703959121e-01
-8.365710743276359995e-01
-7.546564163727541574e-01
-6.482222185835412320e-01
-5.182982524563944926e-01
-3.892713940829789498e-01
-2.789604844668417405e-01
-1.898281488110660498e-01
-1.078491686863211618e-01
-1.565398107071363371e-02
8.659748226622093759e-02
1.776141718987450380e-01
2.431425898596343282e-01
3.008928319001290541e-01
3.681496739341174607e-01
4.417516952084444837e-01
5.192173044054011477e-01
6.065673031322913467e-01
7.014944910623772678e-01
7.845502918829284633e-01
8.539903619088630160e-01
9.357415445837631296e-01
1.039763739967510814e+00
1.157478188592411250e+00
1.276156281577337070e+00
1.361779818988077428e+00
1.380876006200142614e+00
1.330486863188472757e+00
1.231176360945578807e+00
1.119840938841758060e+00
1.023268743355526533e+00
9.445377459042841872e-01
8.708063236263783313e-01
7.815852738143747036e-01
6.766857219349646790e-01
5.678448825411455125e-01
4.636460750725346358e-01
3.735402494869440870e-01
2.950408081619286249e-01
2.236990214514183450e-01
1.614528450185633845e-01
1.119847798622636698e-01
7.451817395513959941e-02
3.365144892693243406e-02
-2.838066249838799154e-02
-1.161223388333811474e-01
-2.127653372650701591e-01
-2.984527550098781679e-01
-3.711237844759689986e-01
-4.390861359422545962e-01
-5.184996229896676745e-01
-6.130651424414472750e-01
-7.120082055907953622e-01
-8.120888353006465721e-01
-8.999446177209663444e-01
-9.627622746298419854e-01
-1.013278554347993410e+00
-1.066557020116407406e+00
-1.129169014359192147e+00
-1.191863388282826008e+00
-1.229546827816509369e+00
-1.231235392455706013e+00
-1.190457599069114858e+00
-1.106847948709879903e+00
-1.006699069403078184e+00
-9.108898777511554856e-01
-8.281784338991634575e-01
-7.540379272526503973e-01
-6.655714778207072468e-01
-5.549132162434424753e-01
-4.273038719912894412e-01
-2.994694029311554262e-01
-1.935599855822152382e-01
-1.081997668528918294e-01
-2.785446413393342577e-02
6.377737259381979773e-02
1.629755102564647007e-01
2.469049455943963800e-01
3.078077387745103977e-01
3.602255328850516025e-01
4.293761651310501470e-01
5.238145368105097122e-01
6.324953570686131510e-01
7.386744969624587931e-01
8.266736707502161385e-01
8.956819875096736494e-01
9.550053843876570303e-01
1.028277866437403487e+00
1.131769882870527377e+00
1.245966936065067143e+00
1.340505774297741981e+00
1.388740431375687256e+00
1.377856330950499864e+00
1.305297272626255944e+00
1.187438921678769743e+00
1.070707751258790141e+00
9.755455190042254809e-01
8.932285720614415725e-01
8.087786455199998947e-01
7.030877286927954550e-01
5.859466699812415635e-01
4.728731648497411233e-01
3.693153027253399667e-01
2.862632368866114829e-01
2.200063910337675399e-01
1.582488671445772266e-01
9.414468147206206394e-02
3.577509761059786270e-02
-5.171455092458983761e-04
-3.042319938083562839e-02
-8.761791873255728169e-02
-1.715860037659995563e-01
-2.582626278981815515e-01
-3.438793903997909851e-01
-4.323907631426451847e-01
-5.191169503573722643e-01
-6.104937621710671003e-01
-7.088790003751082036e-01
-8.053352309470754866e-01
-8.972946458626456234e-01
-9.771284268856652577e-01
-1.038188044767023754e+00
-1.092091367376670341e+00
-1.149915643719963132e+00
-1.208398148231629055e+00
-1.258445144167186669e+00
-1.289129944777470227e+00
-1.286862057038127061e+00
-1.237293717645520319e+00
-1.145641904143196887e+00
-1.044244602188698634e+00
-9.570082817052057989e-01
-8.860145095779358160e-01
-8.170649276793804372e-01
-7.250925007067017258e-01
-6.076227401443617948e-01
-4.835374250495819703e-01
-3.656940593421183494e-01
-2.643569719703433574e-01
-1.800122291676708453e-01
-9.279600547186088455e-02
1.183875371530696170e-02
1.198314631760656751e-01
2.063908909963977079e-01
2.642728894553480479e-01
3.096132028475259701e-01
3.646924647872629710e-01
4.423632300376201809e-01
5.461876039173134689e-01
6.613350686749273066e-01
7.645086331307113792e-01
8.505050586325629824e-01
9.325892422965564865e-01
1.036466463003818950e+00
1.165937488788909127e+00
1.288318007860992598e+00
1.375796146747795712e+00
1.406953126886514749e+00
1.370409542785265833e+00
1.280993498304317413e+00
1.163544794346137889e+00
1.053601294162542334e+00
9.678634135656298820e-01
8.857376293929325461e-01
7.905443518802268699e-01
6.785697297746000611e-01
5.599425869970264813e-01
4.505733154117143036e-01
3.550755055960631568e-01
2.783566011381706784e-01
2.144701382015559987e-01
1.509896927298860769e-01
9.072865974783346499e-02
4.163700987102518514e-02
4.668869108873397247e-03
-4.150910862805969742e-02
-1.213307224823823721e-01
-2.252491685843958924e-01
-3.241694988683743728e-01
-4.016538933399492195e-01
-4.705549263507340374e-01
-5.476614938525405929e-01
-6.296303224802377585e-01
-7.208393434165998315e-01
-8.257844655614589024e-01
-9.202413365854306138e-01
-9.871345866523054680e-01
-1.040421848070374411e+00
-1.090875603479517952e+00
-1.144242676830270256e+00
-1.207555584698242424e+00
-1.260096992055313558e+00
-1.276154115296420866e+00
-1.249079756523654661e+00
-1.176113806409020190e+00
-1.075189146698558140e+00
-9.776293959193028682e-01
-8.963548295623795514e-01
-8.237472754107176831e-01
-7.426827982751799118e-01
-6.392377269557116826e-01
-5.134791958121402988e-01
-3.870158418630483266e-01
-2.798383834795304947e-01
-1.929449064586745421e-01
-1.137638729805102722e-01
-2.378872480321698318e-02
7.130577679907332267e-02
1.536559873800249776e-01
2.211652312426440892e-01
2.814714899992831199e-01
3.477158500896316840e-01
4.284374330973249045e-01
5.265668095624929101e-01
6.309324001500613566e-01
7.265751216597373663e-01
8.074613678000792660e-01
8.703512109078863634e-01
9.419649343399106867e-01
1.042058750214440499e+00
1.157122887565765312e+00
1.268855611660281379e+00
1.338216074504364750e+00
1.342790224183282755e+00
1.288822641946992142e+00
1.189631177786609761e+00
1.085243396148507733e+00
9.978254301193633102e-01
9.194957263634926381e-01
8.408769010783960773e-01
7.457035880812448170e-01
6.354814486753188607e-01
5.285184862937012396e-01
4.334412494992923026e-01
3.529824056686056699e-01
2.842384973299277307e-01
2.191622069328470479e-01
1.547844413939010733e-01
9.761783901853374190e-02
5.613488243476322942e-02
1.920948968832046980e-02
-3.980200067695473243e-02
-1.234903200730445849e-01
-2.136076213152666714e-01
-3.019558954474394485e-01
-3.803380028995664297e-01
-4.477976687000178591e-01
-5.282526126047110138e-01
-6.268826094119603898e-01
-7.256681372286047926e-01
-8.217776414540530761e-01
-9.042477185458538402e-01
-9.629135372410684290e-01
-1.011838971726364722e+00
-1.061792544126791249e+00
-1.119876478042836521e+00
-1.180289229711374066e+00
-1.222337657932393018e+00
-1.227710619753315413e+00
-1.182394059722709612e+00
-1.097499173224141700e+00
-9.958874457060036267e-01
-8.999323976109757650e-01
-8.275753462387362980e-01
-7.604898051401631776e-01
-6.699345017482619680e-01
-5.464508154501709347e-01
-4.055998381635411709e-01
-2.830440491982213480e-01
-1.912859218206836853e-01
-1.157791816860525430e-01
-3.693573594103426866e-02
5.762080273340135922e-02
1.542521783243902544e-01
2.274512898825841456e-01
2.781299692094239551e-01
3.305752543932143905e-01
3.981707966812094157e-01
4.916431832584454154e-01
6.131581267169339267e-01
7.312039337021694063e-01
8.251527266177531850e-01
8.983955728703451049e-01
9.589601038532296062e-01
1.034351585175403487e+00
1.138536007362473734e+00
1.249441931070915279e+00
1.336660141845289695e+00
1.373403293824849936e+00
1.346696562637688332e+00
1.262939116209336854e+00
1.150541881802447985e+00
1.044138816959706784e+00
9.525189119536160431e-01
8.664826402005658679e-01
7.717465181794336271e-01
6.590992247682739835e-01
5.409893534743668297e-01
4.315394123871209575e-01
3.352266218660472918e-01
2.572442823839105053e-01
1.917760561014190401e-01
1.267978287542515514e-01
6.563093033175379509e-02
2.084155782359559117e-02
-7.117104374671246250e-03
-4.590156027700597469e-02
-1.180635929971778908e-01
-2.052142814232285339e-01
-2.945843140830356477e-01
-3.912705422361432150e-01
-4.823125662160376859e-01
-5.613763318692258641e-01
-6.435318060458375955e-01
-7.366494237299574532e-01
-8.336017996608636738e-01
-9.260639971843472873e-01
-1.004041311159553640e+00
-1.061682559184171204e+00
-1.112157355456510954e+00
-1.168620915628225898e+00
-1.229673935572732857e+00
-1.280994981496486051e+00
-1.304318352193522434e+00
-1.289467001867571128e+00
-1.228843021296592175e+00
-1.132302407334501826e+00
-1.028025638668090380e+00
-9.356081165981023906e-01
-8.577304048881584375e-01
-7.790073163975674841e-01
-6.794179450731010483e-01
-5.544383955386970042e-01
-4.214186921287668142e-01
-3.033255336442166050e-01
-2.097147448423882232e-01
-1.333604574683933675e-01
-5.240513314296808139e-02
4.554783447547645914e-02
1.452832927075055902e-01
2.205572990959978885e-01
2.716589285016666189e-01
3.218331928564225897e-01
3.783566612362737613e-01
4.512685120129701355e-01
5.493400421466393402e-01
6.546500787239214469e-01
7.510809058561412899e-01
8.324706272534559970e-01
9.136336228174410934e-01
1.021368666115398449e+00
1.148141473458710538e+00
1.263841075253604229e+00
1.344442099176353489e+00
1.371994061422973088e+00
1.335932820094249962e+00
1.247928638543836621e+00
1.139009102026855347e+00
1.037516091639887783e+00
9.582030046827278991e-01
8.863122384686960009e-01
7.960739898612009258e-01
6.866177051183202096e-01
5.742379295550311680e-01
4.732814170950613852e-01
3.845896687006848391e-01
3.067060841714718822e-01
2.402930110968679311e-01
1.799776361748309517e-01
1.267343181442700806e-01
8.403070615574634306e-02
4.691070821613740199e-02
-4.490704142296194669e-03
-9.005197345460509706e-02
-1.963335670233885555e-01
-2.918543646096261046e-01
-3.640287528595656519e-01
-4.292484271019803010e-01
-5.082012089314940084e-01
-6.020113221625493782e-01
-7.013781626882931164e-01
-7.986221990086151967e-01
-8.842462183996790959e-01
-9.422505217311273329e-01
-9.833583390160194337e-01
-1.039487969275291634e+00
-1.109552033413426120e+00
-1.174131331453988958e+00
-1.218523980924914429e+00
-1.229852810627162230e+00
-1.195934008009906124e+00
-1.117041963260283488e+00
-1.019878275927883715e+00
-9.277226591459963867e-01
-8.530146638033246909e-01
-7.871891178114465148e-01
-7.026705454378815441e-01
-5.969285868389843097e-01
-4.751370552239979617e-01
-3.527662792784900803e-01
-2.530872307202578497e-01
-1.690365897738567991e-01
-8.689291158880368959e-02
6.106876931848742932e-03
1.099630831548181337e-01
1.986412834762289470e-01
2.594654199235973957e-01
3.135520479982026876e-01
3.889111548482314107e-01
4.800087568321591003e-01
5.736829388821924613e-01
6.715444293526393604e-01
7.620526599416865832e-01
8.317115028307574542e-01
8.862683237331034913e-01
9.563644392105401515e-01
1.058049836572408253e+00
1.171329549987314422e+00
1.272690759492516088e+00
1.328744293509997343e+00
1.320940628909271108e+00
1.257301366231149853e+00
1.152615535817063552e+00
1.045874231966933854e+00
9.584040080121055682e-01
8.794294111489915355e-01
7.967850271405928497e-01
6.953114157504968196e-01
5.829206278874061731e-01
4.791836587075532505e-01
3.872619562120746539e-01
3.082713193717963596e-01
2.404612426168552808e-01
1.735974068144490456e-01
1.026909811941440903e-01
4.252534437009240081e-02
3.759450789978391848e-03
-2.949421899642462597e-02
-8.391027305077200515e-02
-1.676305376490772880e-01
-2.543686741647272487e-01
-3.299616172429263861e-01
-4.096893314290372401e-01
-4.956885820440070090e-01
-5.833685666821520899e-01
-6.768283199025161290e-01
-7.792156060008170737e-01
-8.820225655209379401e-01
-9.672073135040245573e-01
-1.028419286110950015e+00
-1.075809935208451584e+00
-1.124289181900603785e+00
-1.179608348603315537e+00
-1.234440920935401698e+00
-1.270677037148357780e+00
-1.267432749574036066e+00
-1.219208263538801296e+00
-1.134167462869345444e+00
-1.034185443612909650e+00
-9.468820461185393222e-01
-8.752929419382196041e-01
-8.012374231781562717e-01
-7.052840351659136475e-01
-5.844539450608278175e-01
-4.594229171938318812e-01
-3.487388966232641274e-01
-2.576344514575885647e-01
-1.792013142374192791e-01
-9.244521752574579032e-02
8.239840452436721779e-03
1.041614830770746930e-01
1.793260814227266575e-01
2.330184718103661123e-01
2.839291265539484743e-01
3.507808169633396811e-01
4.404126703971875667e-01
5.526344534196909741e-01
6.651655029265641783e-01
7.594849433664231375e-01
8.407696061300896639e-01
9.203101333950787222e-01
1.019956996763450530e+00
1.144032654308942076e+00
1.262162533114776775e+00
1.345593275845882397e+00
1.377232048013109056e+00
1.344390327914736893e+00
1.254662019587957200e+00
1.141713957146745395e+00
1.032005963469553089e+00
9.368213407031712459e-01
8.542705606624715342e-01
7.586643782298150285e-01
6.440339639734314892e-01
5.281814580588027885e-01
4.177418270095673014e-01
3.228815332981181951e-01
2.490077407151646549e-01
1.866828455743466675e-01
1.263586511953894986e-01
6.741947754835407591e-02
2.113702741689146153e-02
-1.503223892099042093e-02
-6.471788396180609693e-02
-1.465247369211067907e-01
-2.476614551751868953e-01
-3.271106874844820211e-01
-3.785800893873170203e-01
-4.431198298261820323e-01
-5.359422002096647653e-01
-6.363786717611954469e-01
-7.416662342759657855e-01
-8.547928102400002004e-01
-9.506798062102514990e-01
-1.016958626217552286e+00
-1.068329262256015433e+00
-1.116815019265888331e+00
-1.177848400796312589e+00
-1.247930222868849137e+00
-1.298789933424132181e+00
-1.314930584065513663e+00
-1.283085479343747837e+00
-1.205388455008524984e+00
-1.110349753221394176e+00
-1.015803013638894692e+00
-9.352682753713330577e-01
-8.660419282739536539e-01
-7.824855387713891552e-01
-6.787822604542961269e-01
-5.618119200417065473e-01
-4.408042754825158283e-01
-3.272297443210920309e-01
-2.271671668362349183e-01
-1.437281693794093540e-01
-5.835718546670165541e-02
4.163461016741470261e-02
1.347221654285719883e-01
2.063695295267252705e-01
2.661696102488930182e-01
3.279408748591359224e-01
3.969041882546209821e-01
4.782512221560142329e-01
5.738910753254309327e-01
6.708401379699775458e-01
7.520748615582204533e-01
8.164185577400941973e-01
8.963504762581815388e-01
1.013597027359102842e+00
1.146696765028630827e+00
1.264581978680644259e+00
1.335062221244806668e+00
1.343675074003344294e+00
1.295393808112905054e+00
1.200625797171793963e+00
1.091581526743636399e+00
9.967481434970265619e-01
9.195970507623340007e-01
8.463657828442016084e-01
7.576994487024104608e-01
6.525930439243415870e-01
5.447813268536215725e-01
4.458824500231378107e-01
3.609687347338152996e-01
2.901015460771401711e-01
2.291041092322897432e-01
1.723227145094737567e-01
1.197945627679063707e-01
7.749724776093985801e-02
4.231948264497607803e-02
-1.254794627266079925e-02
-1.028870510631742230e-01
-2.051533028188179952e-01
-2.926867245552351449e-01
-3.640853999690767395e-01
-4.352260233518135402e-01
-5.193421651022981367e-01
-6.164041263495598777e-01
-7.160711469223649539e-01
-8.080366553291445930e-01
-8.876802874673676014e-01
-9.506723457468093663e-01
-1.001488967695224996e+00
-1.052839169882273662e+00
-1.111926277310148814e+00
-1.172572425500232329e+00
-1.212775699258243689e+00
-1.215592997425789967e+00
-1.175945246336254746e+00
-1.097662327975024166e+00
-1.001882715221492859e+00
-9.123016798646947922e-01
-8.387744201393901866e-01
-7.680418101752563009e-01
-6.761395057714948420e-01
-5.602948979076343150e-01
-4.343575408997501497e-01
-3.162960669417000936e-01
-2.184564923746195320e-01
-1.344273312693168299e-01
-5.166998766634518792e-02
4.164164750192791281e-02
1.426802832622730000e-01
2.243567965299998190e-01
2.761798478048980710e-01
3.226262778412480325e-01
3.957980755518220595e-01
5.027602988122417127e-01
6.173918026081681720e-01
7.174533061651143795e-01
8.016501064447282277e-01
8.717616831309540348e-01
9.338878863392222618e-01
1.008769131506801919e+00
1.113700027026817363e+00
1.230475655573297855e+00
1.318213612188825268e+00
1.354426212665578388e+00
1.336810663117929288e+00
1.263949849857840091e+00
1.150649639555323400e+00
1.034086323955913489e+00
9.351145798237199269e-01
8.486041005155177119e-01
7.575062819375063539e-01
6.459459031767694759e-01
5.258805371174397614e-01
4.176119375253184440e-01
3.214007767002367011e-01
2.389167146787790907e-01
1.730392936895269185e-01
1.142201435972259871e-01
5.591543901439871567e-02
2.428609653312127138e-04
-4.809308461254203221e-02
-9.507588035673496252e-02
-1.611462783182876224e-01
-2.462150956067876706e-01
-3.275962234657467387e-01
-3.994505179511497195e-01
-4.745894125600109703e-01
-5.593254630448947218e-01
-6.463244535239374144e-01
-7.337052010138268576e-01
-8.269522460265638086e-01
-9.195524757399688998e-01
-9.940140825520672463e-01
-1.043285569295663517e+00
-1.089757893393845212e+00
-1.152201844503999428e+00
-1.216159700099149088e+00
-1.266380549260902821e+00
-1.293511210664431088e+00
-1.282459988189599498e+00
-1.225867924512169749e+00
-1.133393652336978974e+00
-1.032289592484330498e+00
-9.479239492162272462e-01
-8.785937444502872617e-01
-8.031770504999171667e-01
-7.063782678399603832e-01
-5.880721178810768279e-01
-4.609829896273007210e-01
-3.418100670672118979e-01
-2.421534349013581555e-01
-1.601865555630556937e-01
-7.288902186417860196e-02
3.215061756024660544e-02
1.349815665772835793e-01
2.144083927177814486e-01
2.705821186283839941e-01
3.246108625804172143e-01
3.903904813968555043e-01
4.650635955387080189e-01
5.542994081211392032e-01
6.578789074073292387e-01
7.569170115303365254e-01
8.403133678540900542e-01
9.219863509091571485e-01
1.024711061326325945e+00
1.150830124141255961e+00
1.275132021749680877e+00
1.365342413367863772e+00
1.400908708606071640e+00
1.369529566554781530e+00
1.281693504129650218e+00
1.168247734156413031e+00
1.056126060901963815e+00
9.718738190162941049e-01
9.030509882622866913e-01
8.115264398371617727e-01
7.006077381901674173e-01
5.859062349558773475e-01
4.790949610622801114e-01
3.892632178611981630e-01
3.117360280256105121e-01
2.468384049307282002e-01
1.889820321673695014e-01
1.313529065279323838e-01
8.050049747052095972e-02
4.115290820059254451e-02
-1.378147960775046900e-03
-7.742374974283861011e-02
-1.830022308591597313e-01
-2.781446526285046295e-01
-3.489557893461585625e-01
-4.233553305478316986e-01
-5.164206624653070454e-01
-6.045824252859686165e-01
-6.871635564919177375e-01
-7.843653403907310251e-01
-8.791658075668037364e-01
-9.484620557930218965e-01
-1.000763582550916020e+00
-1.054726736147855393e+00
-1.115255365334138160e+00
-1.173143872499981200e+00
-1.215437423104375636e+00
-1.229247286341939027e+00
-1.201780357329743865e+00
-1.130871197341629664e+00
-1.033897626292754390e+00
-9.379507201939043526e-01
-8.608578123086582101e-01
-7.908753755102022609e-01
-7.059466703218079120e-01
-6.005454112091682672e-01
-4.775994212413507412e-01
-3.558737543649012625e-01
-2.504428641536123323e-01
-1.567339544700580289e-01
-7.226577736619639591e-02
1.564932805010935471e-02
1.131948904735814304e-01
1.978950748642666069e-01
2.606469355795292819e-01
3.219378984207114658e-01
3.974657703171956546e-01
4.896665380701500370e-01
5.932695389451095869e-01
6.890542951200221422e-01
7.730615298778066302e-01
8.477691178404272998e-01
9.092031126971180655e-01
9.841854420671742876e-01
1.088491646393817458e+00
1.207585799675596538e+00
1.314033118440124825e+00
1.365961979133105242e+00
1.359984578402588795e+00
1.306719292467142246e+00
1.207821775367260431e+00
1.100212458344242306e+00
1.008039771226038495e+00
9.225343536536466660e-01
8.375485031488353327e-01
7.403077416516881115e-01
6.286695839840236166e-01
5.234859832065735796e-01
4.291339771004152870e-01
3.434710091138469257e-01
2.757449081805029012e-01
2.162284168668308915e-01
1.599107704800285523e-01
1.155647935011315935e-01
7.783893303524444529e-02
3.922858790164732851e-02
-1.973272048915892390e-02
-1.101796953215518210e-01
-2.066629223022274364e-01
-2.906794321424203686e-01
-3.683551977243213482e-01
-4.474754886677460575e-01
-5.294703509574065770e-01
-6.221408752734712833e-01
-7.252995310712305743e-01
-8.188038009023110853e-01
-8.970909254545261780e-01
-9.606917956836299455e-01
-1.010940124966166476e+00
-1.065335758953781076e+00
-1.124104969984912827e+00
-1.175760517705005226e+00
-1.212925799729003051e+00
-1.214029094654221375e+00
-1.166246637105838424e+00
-1.081683390268101119e+00
-9.822842585395910042e-01
-8.932242659779926486e-01
-8.221428317358988602e-01
-7.507488952270459093e-01
-6.607696390222052019e-01
-5.455623282694208598e-01
-4.135709013562872127e-01
-2.895405143524484304e-01
-1.906622585697686778e-01
-1.103567998650866050e-01
-2.776786904287972119e-02
6.821930050465230266e-02
1.635933690852983680e-01
2.384338523660860798e-01
2.920407208518759901e-01
3.411328674312377740e-01
4.026439077107799580e-01
4.867468222383783960e-01
5.907993749828500674e-01
6.945572066370166997e-01
7.833280302009587581e-01
8.603936021444031912e-01
9.377356804206454788e-01
1.030781197563459983e+00
1.142316647971449939e+00
1.257119826534476070e+00
1.349338932119483081e+00
1.391310815913592069e+00
1.368732584231504790e+00
1.287415430939633509e+00
1.176115115286953117e+00
1.065119080363774895e+00
9.682061544010757137e-01
8.857384722017820344e-01
7.956613039185966851e-01
6.855717938720254923e-01
5.710635822694806185e-01
4.633338906836675930e-01
3.694634996790559511e-01
2.903809929388991296e-01
2.208666664266098478e-01
1.602449785931065740e-01
1.086498201176847311e-01
6.802240128965598986e-02
2.631447182848662206e-02
-3.309092396143627907e-02
-1.106204618512650201e-01
-2.061549841744655387e-01
-3.056727395897657074e-01
-3.825059067825263837e-01
-4.467601663732820305e-01
-5.271269425238381823e-01
-6.202228582533281243e-01
-7.185809725188453401e-01
-8.229004639462814685e-01
-9.134080728824830464e-01
-9.758883071482274962e-01
-1.020863699197573249e+00
-1.065603546061969054e+00
-1.123340983266295057e+00
-1.190015386338634462e+00
-1.243308933991710052e+00
-1.262740068407504967e+00
-1.240256032337088365e+00
-1.175535951705035442e+00
-1.081198188793909498e+00
-9.827861461442706226e-01
-8.991550441445613773e-01
-8.269393040381851634e-01
-7.481859351558073357e-01
-6.474782866439904305e-01
-5.198725457262906025e-01
-3.888686796815098434e-01
-2.823157082435138188e-01
-1.959668422251438780e-01
-1.216483235266000995e-01
-4.543225340645825477e-02
4.842542300661457216e-02
1.413595578808276854e-01
2.119255316228481900e-01
2.672024285675392297e-01
3.224130385957030276e-01
3.849389305656522597e-01
4.620491209301086366e-01
5.558419749758626294e-01
6.555252983584759496e-01
7.459669547731428985e-01
8.206275277083441289e-01
9.015238764264200677e-01
1.008251037735106603e+00
1.133047728227007944e+00
1.255513928503809495e+00
1.337513354886497696e+00
1.356415221066018528e+00
1.313305222523601046e+00
1.218523770201422440e+00
1.108436182475845966e+00
1.012565204936222596e+00
9.348447366667197445e-01
8.632404686819522555e-01
7.759598060705519273e-01
6.696289375927616527e-01
5.602839694399333048e-01
4.600882730758575900e-01
3.697154422152620357e-01
2.914876895759954123e-01
2.272760329425159431e-01
1.694762252627678989e-01
1.162234213869202115e-01
7.308355778475708608e-02
3.650504210120567722e-02
-1.582512264547945510e-02
-9.850229926433187733e-02
-1.957029971381018252e-01
-2.857059609853292437e-01
-3.609443037947894783e-01
-4.326425623036863066e-01
-5.147655643688655580e-01
-6.079869540051398014e-01
-7.099390242625098768e-01
-8.140581547019147823e-01
-9.052438086853014099e-01
-9.714671373732124415e-01
-1.019985742564524456e+00
-1.069191984625047498e+00
-1.127033371944938134e+00
-1.188876349914323782e+00
-1.237110275129228665e+00
-1.247786600619279040e+00
-1.209665658378899611e+00
-1.131678059478239184e+00
-1.031700239034274658e+00
-9.355760352275853675e-01
-8.642586532799172439e-01
-8.001371589239649751e-01
-7.168591643552221226e-01
-6.090291855393558107e-01
-4.818068400719707767e-01
-3.561690578061755263e-01
-2.476101297623419795e-01
-1.574890009176597161e-01
-7.531977655352667389e-02
1.997886673074512204e-02
1.230151731059546255e-01
2.085074303033539744e-01
2.637428051657570438e-01
3.060907702707235112e-01
3.710910749198074732e-01
4.668941509941214596e-01
5.797865663016819049e-01
6.890553299183089786e-01
7.757306192972176495e-01
8.452314644405379829e-01
9.092936849875407068e-01
9.831493006751358399e-01
1.084579231252581488e+00
1.198765191302405775e+00
1.288935315096003009e+00
1.330682530641463357e+00
1.312439703031288429e+00
1.236900595747468801e+00
1.129025668332038990e+00
1.018335940739870216e+00
9.235252698724789600e-01
8.456327460074435365e-01
7.623270166413121940e-01
6.563174232191998358e-01
5.391518584739749542e-01
4.318444418636313564e-01
3.408628186609440336e-01
2.634895765435408266e-01
1.973968295970122966e-01
1.352684676149208398e-01
7.320312883214100119e-02
1.702111318422193029e-02
-2.561880629174276280e-02
-6.306290160833630254e-02
-1.247546041868149713e-01
-2.186597235710086573e-01
-3.153830032901648872e-01
-3.921659629821031001e-01
-4.593007545809304482e-01
-5.330320212896528798e-01
-6.149538601820745409e-01
-7.084938656757806541e-01
-8.095775125123535476e-01
-9.031333885189831712e-01
-9.806934654982529809e-01
-1.037994880535506370e+00
-1.084476161293774110e+00
-1.136600461373638460e+00
-1.195631978011620911e+00
-1.251077788843703686e+00
-1.285323034918067542e+00
-1.277943993284829771e+00
-1.221926749344336205e+00
-1.130905292202954548e+00
-1.028440151813887926e+00
-9.392953449147863898e-01
-8.681868816006845790e-01
-7.927253447867689262e-01
-6.946755033939887580e-01
-5.751465293883213370e-01
-4.507211330013362049e-01
-3.362053592255119239e-01
-2.388464510245919270e-01
-1.568378995634427397e-01
-6.840200629722047176e-02
3.398508337998122630e-02
1.331835162470224876e-01
2.134617119080451375e-01
2.698129278580222445e-01
3.166896982833723451e-01
3.732120963670970126e-01
4.527435958499612112e-01
5.550017890661161912e-01
6.614331455297008944e-01
7.561601662066739227e-01
8.357370410261651950e-01
9.185585318911929642e-01
1.026884808374493252e+00
1.157198465242459395e+00
1.284280691829851273e+00
1.372973079328774659e+00
1.401156054250417116e+00
1.365144287089799402e+00
1.276482982264086852e+00
1.165542464227862007e+00
1.059370702012730314e+00
9.686454594622849745e-01
8.864608449726709694e-01
7.910249830289445283e-01
6.763172514190380902e-01
5.603176929840617548e-01
4.535562569219414031e-01
3.593612856354435059e-01
2.821545621608033128e-01
2.143618757053278034e-01
1.488835077560332343e-01
8.985403618196187436e-02
4.784734982294458483e-02
1.516001358462390307e-02
-4.082316581753163420e-02
-1.263283227546077858e-01
-2.253799792344781672e-01
-3.234670842013366854e-01
-4.000080801049614165e-01
-4.630343917072899385e-01
-5.422771418894094531e-01
-6.407544504398600127e-01
-7.443648607799264738e-01
-8.480066568414783568e-01
-9.409657736631561464e-01
-1.007340532380473164e+00
-1.055642811521868785e+00
-1.103164735173302935e+00
-1.161113464548452656e+00
-1.229609263483368409e+00
-1.284429344152239416e+00
-1.302720912571264877e+00
-1.271897800830754655e+00
-1.194093501129990464e+00
-1.095009003854171326e+00
-1.000613331472754775e+00
-9.265858180350079465e-01
-8.638150916476693419e-01
-7.845964847197720582e-01
-6.767593379925639363e-01
-5.472628900777449790e-01
-4.179315913323912168e-01
-3.068097291439201846e-01
-2.121525057013370907e-01
-1.268596251264196839e-01
-4.214990802083450061e-02
4.756506854907260884e-02
1.327572390374127942e-01
2.015579051804854416e-01
2.594459131567914967e-01
3.234580847360210565e-01
4.015241963100093514e-01
4.893499939142598176e-01
5.823416752900574256e-01
6.743820264936173370e-01
7.510951037983257805e-01
8.152531657702233314e-01
8.967908751781960008e-01
1.004567712793078993e+00
1.121248699948622196e+00
1.231635308399027462e+00
1.308329003948382585e+00
1.322714747754432318e+00
1.271984748461193027e+00
1.179031719726768790e+00
1.077064756876026763e+00
9.851025628666754130e-01
9.071218295860535852e-01
8.322598525031299488e-01
7.420730042587529995e-01
6.349696251029138816e-01
5.250589391074583778e-01
4.279074170277388789e-01
3.461601135629156500e-01
2.761574666976959191e-01
2.139267084882841286e-01
1.533090317411430481e-01
1.010563614975958924e-01
5.971179373146812824e-02
1.621156662750583566e-02
-4.599755556655731048e-02
-1.349202767020048210e-01
-2.316696580720919996e-01
-3.178480636767248568e-01
-3.951003671134660222e-01
-4.681217749230646152e-01
-5.473097970131881596e-01
-6.427628481560695439e-01
-7.468264370922454987e-01
-8.425435408623523914e-01
-9.242382079469163569e-01
-9.871716277791897642e-01
-1.030453462719606916e+00
-1.076081059934432149e+00
-1.135567860296893494e+00
-1.195075343374434773e+00
-1.235395470686891706e+00
-1.235369091626214555e+00
-1.188279536883351195e+00
-1.106833608485306542e+00
-1.009373960648883406e+00
-9.192978639774389560e-01
-8.476932154996851265e-01
-7.785028219419342088e-01
-6.910774466705741359e-01
-5.758877998358257200e-01
-4.449130588336615566e-01
-3.271270661122162027e-01
-2.324287213421321052e-01
-1.513752667334768987e-01
-6.909041650289955705e-02
2.684129671703932088e-02
1.241582946749214128e-01
1.996284968120351500e-01
2.522246362724524515e-01
3.055939491982759271e-01
3.795145293131872988e-01
4.798632285071552928e-01
5.996675579423905722e-01
7.066472607476623757e-01
7.866163228204513524e-01
8.579126318109987492e-01
9.268801519486584706e-01
1.006486427314852605e+00
1.115093138989422528e+00
1.234839715412832994e+00
1.324355332302459054e+00
1.355955252586038551e+00
1.327600445164023091e+00
1.245221904950555292e+00
1.129063699067678339e+00
1.015892281610233594e+00
9.194589840925516677e-01
8.316110732939536732e-01
7.373774585195422837e-01
6.227923679362277198e-01
4.997304528291747761e-01
3.848379468191364672e-01
2.839172482807018061e-01
2.043933459900940108e-01
1.386437374734009742e-01
7.493855809954678981e-02
1.639363924910683043e-02
-3.352369096208456661e-02
-7.820861980978481565e-02
-1.312047740194715040e-01
-2.047144662691623151e-01
-2.915982372841406378e-01
-3.765379076793209934e-01
-4.542393851442119712e-01
-5.289062714424124234e-01
-6.052792321120141761e-01
-6.881139569690017943e-01
-7.777019862049837640e-01
-8.700966701907131284e-01
-9.602031067565424127e-01
-1.029372158376237412e+00
-1.073702594675647992e+00
-1.119856084696633003e+00
-1.174469916259875069e+00
-1.230475213255227462e+00
-1.282855870943025778e+00
-1.304078256074380882e+00
-1.278973545175889903e+00
-1.215642611956195385e+00
-1.122853107035913345e+00
-1.025497962433004950e+00
-9.445496470472470874e-01
-8.750797696987723251e-01
-7.975373923255338893e-01
-6.919787109927775237e-01
-5.630246477784464076e-01
-4.339337773569000856e-01
-3.216419908410625417e-01
-2.289254073003126055e-01
-1.470246033984974887e-01
-6.230431930957073400e-02
3.687687025893701676e-02
1.360562723398629492e-01
2.093973262566924398e-01
2.643073955690870003e-01
3.195962380579513429e-01
3.810564134663847469e-01
4.549454476619990140e-01
5.448317440864236527e-01
6.435206956262478073e-01
7.354367349062115311e-01
8.152537915794983991e-01
9.017469079083590966e-01
1.013454578016496965e+00
1.143762666300381037e+00
1.267361951141077192e+00
1.356387801218690292e+00
1.388755160379750997e+00
1.353850351821132447e+00
1.264949868812816236e+00
1.155259472897742778e+00
1.053033754435662273e+00
9.707319723280732893e-01
8.960051532378255912e-01
8.033548651075924640e-01
6.943543311439784871e-01
5.861082232797437674e-01
4.839986487307673113e-01
3.911816663770869007e-01
3.115132574537247678e-01
2.455753135394687925e-01
1.869475430649461811e-01
1.336305333776244830e-01
9.244540967712037982e-02
5.130573123746624831e-02
-1.484181519534259058e-02
-1.084317709648624645e-01
-2.069035278920087484e-01
-2.906034757588052408e-01
-3.592207086439830332e-01
-4.279291533270112025e-01
-5.115818676351794325e-01
-6.048758566502483447e-01
-7.001535687690279008e-01
-7.978565703258796438e-01
-8.827224450197878047e-01
-9.423675902134126536e-01
-9.870319396847972993e-01
-1.030997453147127541e+00
-1.085611148074138610e+00
-1.149685543311266711e+00
-1.199312089681431992e+00
-1.210254628782740038e+00
-1.173976101927015625e+00
-1.096552362731849861e+00
-1.000752755394081595e+00
-9.111355596039438787e-01
-8.384276494791834677e-01
-7.696474371258836822e-01
-6.815239327967711480e-01
-5.701726204469670378e-01
-4.416531251762038646e-01
-3.132676714958640973e-01
-2.065244990353421461e-01
-1.173150328904974254e-01
-3.126224697283259968e-02
6.113445547680836784e-02
1.563445297981477522e-01
2.390964465264629746e-01
3.002883464899689936e-01
3.515481538344830126e-01
4.245979325592162956e-01
5.241293579314200146e-01
6.307171190817860706e-01
7.330388173755760794e-01
8.188641134698232404e-01
8.900034006616347471e-01
9.548674937656704831e-01
1.027364942951785709e+00
1.130190487829179746e+00
1.251976968798983680e+00
1.355180207916537594e+00
1.406304970559146383e+00
1.393664218296696511e+00
1.329102491830586708e+00
1.224495890490897132e+00
1.109007136471048982e+00
1.013160148915425385e+00
9.282531750617811772e-01
8.391828156364407043e-01
7.387523019126079893e-01
6.251598555248429889e-01
5.167117441641111419e-01
4.217389838980913908e-01
3.357559440942737283e-01
2.626180167322414438e-01
1.960401951022389677e-01
1.319702935791357279e-01
7.963946772968943932e-02
3.828258209550923497e-02
-5.412905524442261293e-03
-7.025629845190561884e-02
-1.593869466761335396e-01
-2.502828294953508559e-01
-3.273566260362422153e-01
-4.000666655468811395e-01
-4.804631686968260929e-01
-5.672851835684992183e-01
-6.620661393827314001e-01
-7.621737018820005094e-01
-8.506806658844543456e-01
-9.239817928971453265e-01
-9.820363094770075962e-01
-1.026801740400355323e+00
-1.081791458174157450e+00
-1.148049820033229418e+00
-1.204810697581665035e+00
-1.241539876005927967e+00
-1.237401700892647671e+00
-1.184016489788669135e+00
-1.099472564579857758e+00
-1.002800409445414376e+00
-9.156042659792110738e-01
-8.439460730979809755e-01
-7.697470489501271329e-01
-6.758596704776878017e-01
-5.609538459455113424e-01
-4.375815331540635622e-01
-3.172329255134573311e-01
-2.116186255505199676e-01
-1.259826651616093585e-01
-4.219016228388475925e-02
5.490628209831833334e-02
1.521541477687061439e-01
2.300221247992118301e-01
2.877877789678301990e-01
3.395898073555738139e-01
4.045652609265570909e-01
4.948435853388325478e-01
6.019320790397181264e-01
7.056595464834708453e-01
7.953930191708853403e-01
8.752934863710192248e-01
9.544420135508977499e-01
1.051557385323667271e+00
1.176282367342101232e+00
1.299343875962011285e+00
1.390717146148172434e+00
1.433458912175074929e+00
1.406704537982234049e+00
1.318751153905371787e+00
1.204906676558801459e+00
1.092070530929749150e+00
9.955130109575959230e-01
9.130522908906593127e-01
8.195210009496243231e-01
7.053381201262508560e-01
5.899873316379850019e-01
4.814194023531795930e-01
3.829115022551338732e-01
3.019165541248275964e-01
2.333694756005034454e-01
1.717322807911526306e-01
1.127528940788769529e-01
5.951911922875275512e-02
1.410655332559848651e-02
-4.116123930835732803e-02
-1.198224152701338058e-01
-2.138807742060457873e-01
-2.998632376292612589e-01
-3.696307914071417233e-01
-4.417137229808227317e-01
-5.271590473935012788e-01
-6.204393422219892651e-01
-7.144376820424200858e-01
-8.136447766073119370e-01
-9.113566572363829277e-01
-9.829532812856848212e-01
-1.033710211582173910e+00
-1.082548309587740842e+00
-1.134859283153827114e+00
-1.192422153275080499e+00
-1.239473775241924702e+00
-1.257467013513943632e+00
-1.236460461171131620e+00
-1.170779754697661268e+00
-1.076454203334281878e+00
-9.805793749146093363e-01
-9.001369932832854470e-01
-8.303668682102189891e-01
-7.490180674055836318e-01
-6.435768078552360771e-01
-5.181386900547557683e-01
-3.884102345249455523e-01
-2.743517708932802224e-01
-1.838161752500079293e-01
-1.069546736608314036e-01
-2.560696924670426838e-02
6.693267949486524093e-02
1.599490232528139877e-01
2.376741232905294765e-01
2.969798463673158362e-01
3.583940014961837783e-01
4.361288021475132060e-01
5.178854184977885744e-01
6.025634559930714840e-01
6.987653137646517854e-01
7.871747908370784197e-01
8.558240986764282798e-01
9.303736831281655961e-01
1.030146117961181274e+00
1.150252223154162090e+00
1.270528257431910557e+00
1.354944208233756608e+00
1.376846875673921611e+00
1.331491499319607197e+00
1.232311798272011538e+00
1.117755376671851986e+00
1.021401004546744096e+00
9.456909071083607898e-01
8.747104665904760212e-01
7.846975664144111295e-01
6.733973248365486830e-01
5.627644674525594803e-01
4.603828024000600205e-01
3.675109999417620621e-01
2.889229985811012646e-01
2.232510002844041441e-01
1.667651710329144943e-01
1.110382666965159387e-01
5.839118870425843988e-02
1.441818349875409466e-02
-4.148630244628729452e-02
-1.261091334448873613e-01
-2.230973064460275435e-01
-3.077135358707038804e-01
-3.778791611289611385e-01
-4.507755229571938083e-01
-5.352764014240074530e-01
-6.280781545779230424e-01
-7.261371970787853236e-01
-8.252457110232727100e-01
-9.133427608093358518e-01
-9.758287456082257449e-01
-1.019632615742515735e+00
-1.073982629908257769e+00
-1.142532596627534147e+00
-1.197035582429903267e+00
-1.228788628776904313e+00
-1.237418640062689423e+00
-1.202641144565022469e+00
-1.122846810506253457e+00
-1.025243920932492170e+00
-9.377427878710560272e-01
-8.709218640960243452e-01
-8.043897942424333980e-01
-7.118062544868697383e-01
-5.938656185594062276e-01
-4.702570718268427874e-01
-3.562065600747285066e-01
-2.536258570706573789e-01
-1.632085828171490061e-01
-8.022386822630553360e-02
8.847833243722543276e-03
1.009568414614284426e-01
1.800939067535304861e-01
2.400972256889801482e-01
2.932852356266116844e-01
3.637090845214726031e-01
4.595483580332455631e-01
5.696167522048167786e-01
6.750837275510134239e-01
7.622404570795506817e-01
8.385204053447667949e-01
9.105169888586691629e-01
9.905720156746231631e-01
1.101044466543087852e+00
1.218224569311975314e+00
1.303971927328961389e+00
1.350542342357751835e+00
1.342156126895165613e+00
1.272195650186130012e+00
1.164863607143185265e+00
1.047410996518446158e+00
9.435213145470603413e-01
8.598248882337855559e-01
7.740090574366489395e-01
6.684153295911934300e-01
5.552515594777024388e-01
4.479763404372361646e-01
3.493271466028370908e-01
2.662945016373048368e-01
1.981151632172539756e-01
1.356403285007856674e-01
7.399369568818435494e-02
1.957441496062360328e-02
-1.771587338415882285e-02
-5.317216808853883481e-02
-1.117699861952363150e-01
-1.948107531359559164e-01
-2.854633804477841319e-01
-3.687496582994033711e-01
-4.465096724002359241e-01
-5.233711059017823741e-01
-6.016355243570574718e-01
-6.920884507001724417e-01
-7.907256593472167250e-01
-8.819477745726749252e-01
-9.605270195927426702e-01
-1.019389618133197173e+00
-1.064560876470228346e+00
-1.116524119413756511e+00
-1.174656260074975700e+00
-1.228529940857071123e+00
-1.262923381482011553e+00
-1.254120842664600000e+00
-1.198583370881898258e+00
-1.107231272702804858e+00
-1.001716089522326492e+00
-9.115706565975081332e-01
-8.381924293189629838e-01
-7.624655061802257938e-01
-6.660106402410381765e-01
-5.442972412869562238e-01
-4.181905682688555892e-01
-3.024460388107672593e-01
-2.025953241667918792e-01
-1.228799433100235816e-01
-4.074309747362537398e-02
6.080637508442498368e-02
1.616222722108643095e-01
2.407205088413657268e-01
2.989162602391224888e-01
3.505907628967140921e-01
4.086974930573966103e-01
4.815030135857603089e-01
5.768277065460613029e-01
6.844569726856114533e-01
7.798445146800495609e-01
8.603566372610620405e-01
9.438502837889938268e-01
1.043558455534239426e+00
1.162725460131945887e+00
1.284959087461321481e+00
1.374709255276227227e+00
1.404574417717368462e+00
1.368879142195893461e+00
1.282092988377554477e+00
1.173327737416604011e+00
1.069151170847606469e+00
9.816386260687933740e-01
9.040531961204784084e-01
8.154646233580854497e-01
7.076729819967659818e-01
5.944513943657332433e-01
4.884096370699878564e-01
3.944221836785712365e-01
3.143461989413681157e-01
2.469619233802217151e-01
1.889357525570068974e-01
1.353067938041905560e-01
8.662995991199817780e-02
3.894699410721019772e-02
-2.274510942441216113e-02
-1.070671783325494869e-01
-2.095617392574831150e-01
-3.066328692294242320e-01
-3.789395751108066146e-01
-4.438022912816477761e-01
-5.245245679689984897e-01
-6.201958131552638420e-01
-7.209697851644529809e-01
-8.223201603702788853e-01
-9.135416640512704634e-01
-9.821592449330114327e-01
-1.033853354912735778e+00
-1.082718914874821969e+00
-1.143275867008600732e+00
-1.213479564422074164e+00
-1.266412872667516565e+00
-1.281983294277873497e+00
-1.252204035316040853e+00
-1.178769448331026481e+00
-1.078974811203262663e+00
-9.802491697056119335e-01
-9.027629156817242873e-01
-8.364072471083709992e-01
-7.582175206286144720e-01
-6.517355729027795030e-01
-5.207591663779266300e-01
-3.938725278925002127e-01
-2.862505595586354312e-01
-1.973942622850258510e-01
-1.168558856559480524e-01
-2.423232456657006470e-02
7.958453711658364238e-02
1.753835579314533544e-01
2.440683130047994476e-01
2.936967605771251266e-01
3.577924940561990619e-01
4.407603485801109278e-01
5.291761856057879410e-01
6.218312000430528119e-01
7.121516346547883680e-01
7.893527134295572623e-01
8.557049906167101261e-01
9.287625056418458147e-01
1.023350283308192221e+00
1.136703797454767129e+00
1.243630067240279358e+00
1.306784981333862339e+00
1.308855633050754586e+00
1.254186830862020985e+00
1.154397257319344172e+00
1.040563148312530162e+00
9.455070485679308856e-01
8.670351600704178097e-01
7.874868038907302248e-01
6.964364993224034794e-01
5.891790840099832005e-01
4.804840315091177261e-01
3.851430917816042743e-01
2.995303642554664747e-01
2.242948000035276113e-01
1.595615663366645731e-01
9.965967998474134504e-02
4.715408108563790002e-02
6.510384977665647360e-03
-3.186609146506404894e-02
-9.349032254597038072e-02
-1.870778394883514384e-01
-2.859014342983026147e-01
-3.695779130037548654e-01
-4.465066478830395647e-01
-5.255122541143788517e-01
-6.076323901525289006e-01
-6.981271579116968828e-01
-7.961020073844566891e-01
-8.877180349733196918e-01
-9.648989039966772152e-01
-1.022781538342444119e+00
-1.061956130564421175e+00
-1.110096037118435408e+00
-1.176175340721334450e+00
-1.235854886051424462e+00
-1.277020231879341550e+00
-1.281116592183873637e+00
-1.235556229496374891e+00
-1.155489928067746863e+00
-1.058378109809527068e+00
-9.707138866329201310e-01
-9.034917676809983700e-01
-8.359841462049133476e-01
-7.507155253494414149e-01
-6.445479835529207557e-01
-5.245270472717015187e-01
-3.997082015636758690e-01
-2.867936389526789531e-01
-2.004791028060275426e-01
-1.204520155766640732e-01
-2.138797663016198808e-02
7.906541389021921884e-02
1.557970663312931436e-01
2.130552090570541346e-01
2.624820600209087917e-01
3.257306086931093803e-01
4.203150723969387159e-01
5.315049821951487452e-01
6.385796975437728618e-01
7.309034453887837124e-01
8.130804875689688904e-01
8.931422732814465748e-01
9.787205120722158869e-01
1.086390511659958813e+00
1.200276448591255818e+00
1.285835272622766645e+00
1.325130103995752817e+00
1.302414090847195061e+00
1.221886525450612382e+00
1.111225936070327158e+00
1.000567564541568810e+00
9.084007642377625036e-01
8.281749593459917236e-01
7.378825989354227399e-01
6.269070418915274612e-01
5.088386620154538020e-01
3.998530983828713636e-01
3.064710765846030416e-01
2.298355784078815744e-01
1.638838588569368204e-01
1.009850529398740870e-01
3.906082903992197375e-02
-1.465792776540557861e-02
-5.891750470436398629e-02
-1.049464588510462537e-01
-1.656020658539250900e-01
-2.473816251105335762e-01
-3.315290946670243488e-01
-4.032236549703799855e-01
-4.806660936442876952e-01
-5.683559325709571786e-01
-6.538431390334421556e-01
-7.444681896356842854e-01
-8.426474864856912106e-01
-9.303621291618311417e-01
-9.982863668139361213e-01
-1.050346884246871504e+00
-1.096911178815507260e+00
-1.148813935143353726e+00
-1.204544301415629626e+00
-1.253609865950319646e+00
-1.279802144592786961e+00
-1.266839865101347939e+00
-1.208073697251224488e+00
-1.115153091371611671e+00
-1.017650402109434360e+00
-9.348191088829882478e-01
-8.646240567085403672e-01
-7.886024034279653927e-01
-6.855970627424752273e-01
-5.597645174693505199e-01
-4.315741420259336936e-01
-3.196135870690958725e-01
-2.303322303701550167e-01
-1.501941122442854992e-01
-6.380061883164213354e-02
3.158895248736716399e-02
1.247830667735106563e-01
2.008704466138799827e-01
2.590767451868976057e-01
3.125371792520164060e-01
3.738391006371818981e-01
4.493923563883345240e-01
5.399217075962590151e-01
6.348903705227271210e-01
7.196565191141004458e-01
7.920821908272414058e-01
8.721675870046616819e-01
9.803155418343293404e-01
1.105555475503809948e+00
1.223207067513825352e+00
1.307450996913337882e+00
1.334632594049557586e+00
1.298806952842321394e+00
1.209666117439314847e+00
1.102389243759427817e+00
1.010470464678584701e+00
9.332163312932618693e-01
8.585617916961389984e-01
7.694718900889423452e-01
6.624929404962469626e-01
5.548241412309142806e-01
4.549669529278078661e-01
3.684557005987710299e-01
2.958629568327465487e-01
2.268437096729269964e-01
1.603084316674394938e-01
1.025896784736721190e-01
5.458116547298672711e-02
1.117894894870559951e-02
-4.048878976185629752e-02
-1.175634664265707979e-01
-2.173808628606066495e-01
-3.104239219241181069e-01
-3.798199709361186893e-01
-4.435921453952657023e-01
-5.205184002191073356e-01
-6.081803771496103739e-01
-7.019714905988861942e-01
-7.967426400758857996e-01
-8.776636193765785521e-01
-9.378815033798231227e-01
-9.874020180086930942e-01
-1.036709678035403259e+00
-1.091384142061287976e+00
-1.150590957674541670e+00
-1.197857369090616464e+00
-1.212077356303167708e+00
-1.179019902106667850e+00
-1.099893277762768795e+00
-1.000531993047790724e+00
-9.077849974964450341e-01
-8.319808930682622838e-01
-7.645378177896822169e-01
-6.834745222335821824e-01
-5.798975794355003544e-01
-4.584531108776625508e-01
-3.336201551539269561e-01
-2.273565212141022973e-01
-1.418690764970123308e-01
-5.925891591486646265e-02
3.715962558672189497e-02
1.446579881965794345e-01
2.382936062773748920e-01
3.030226647131083473e-01
3.562478762735576954e-01
4.246192414000630189e-01
5.132541361972470240e-01
6.123368116962550900e-01
7.137088076588046226e-01
8.067122775370785259e-01
8.787438989359933617e-01
9.344505881833767846e-01
1.003112125781313591e+00
1.104585566176727651e+00
1.222466822124840924e+00
1.323988540660874680e+00
1.380621663452965331e+00
1.372750958282581868e+00
1.302516427106831021e+00
1.199088359229015799e+00
1.093298269600899486e+00
1.000759249288762476e+00
9.237472993191399029e-01
8.441992329354244262e-01
7.450089869621651095e-01
6.344421073908909081e-01
5.254843810511958813e-01
4.266467053705760848e-01
3.443921073427829160e-01
2.751629351571874826e-01
2.103069431483678142e-01
1.436264197418060384e-01
8.487548427662849893e-02
4.628710696538121394e-02
9.356981852441624559e-03
-4.944057257007149209e-02
-1.288787013736724663e-01
-2.149832009227046481e-01
-3.009532383784626064e-01
-3.892807915863671364e-01
-4.730991216755299211e-01
-5.551848860116983531e-01
-6.509013819221106667e-01
-7.529825939060580398e-01
-8.483700070001116700e-01
-9.312035674180821898e-01
-9.928321738573160360e-01
-1.040234971760472860e+00
-1.092841182276765188e+00
-1.149153011061274210e+00
-1.197483543022060726e+00
-1.232772885878402613e+00
-1.232818498201480262e+00
-1.181594219879544605e+00
-1.092508324506281658e+00
-9.890783818408124262e-01
-8.964541455056054264e-01
-8.160237430660864932e-01
-7.333689732877082257e-01
-6.400285977390773873e-01
-5.276238406624508270e-01
-4.034983582776334177e-01
-2.860615916244405033e-01
-1.859741382790978670e-01
-9.914841032254187447e-02
-1.256845518035148816e-02
8.277639074131663832e-02
1.834193642845121930e-01
2.632296533114947268e-01
3.129709817557342344e-01
3.574370427727289745e-01
4.151679499865289502e-01
4.979656235282268195e-01
6.043256939430278196e-01
7.122470443380793936e-01
8.062524400333315189e-01
8.850825994239798211e-01
9.603771409163922579e-01
1.053544380998512553e+00
1.173150562312022416e+00
1.295458781432159423e+00
1.386831781777841055e+00
1.427534895428062889e+00
1.400944983534033295e+00
1.312156416472557874e+00
1.196818095913671609e+00
1.082331207707331711e+00
9.844263801591410790e-01
9.017752340637876785e-01
8.050439713388899410e-01
6.883890751825633147e-01
5.718382137279780508e-01
4.590864272340327568e-01
3.587698140039832784e-01
2.811830773894588575e-01
2.149513324385922686e-01
1.492558709090408275e-01
8.496190379981455321e-02
3.272135366297548864e-02
-5.600671344255381788e-03
-5.407661259981610263e-02
-1.323648063117664198e-01
-2.297260886858460693e-01
-3.175352959761005844e-01
-3.903099351847291176e-01
-4.679765266647263333e-01
-5.525417665330006889e-01
-6.415187181981365505e-01
-7.388917814542232954e-01
-8.375871655326703191e-01
-9.276897956837638626e-01
-9.948490408979657751e-01
-1.042225633025873011e+00
-1.093451417181077412e+00
-1.153380702846598993e+00
-1.214302383024438381e+00
-1.262720811842204416e+00
-1.279672496062878473e+00
-1.256260099194661972e+00
-1.190789346166140961e+00
-1.095385451659081077e+00
-9.994349609832832160e-01
-9.204331549431444826e-01
-8.501506733787850267e-01
-7.709937372471551420e-01
-6.669437125916669595e-01
-5.395097686718154373e-01
-4.085129430720421118e-01
-2.884050376275134053e-01
-1.884054142773626817e-01
-1.056538487304116980e-01
-1.875413234637237497e-02
7.994054247383035328e-02
1.705078420506128400e-01
2.397241391055384696e-01
2.977594286972337079e-01
3.559456784609851265e-01
4.252047678368385819e-01
5.061727114791385596e-01
5.913217595203658083e-01
6.879449993872400748e-01
7.811565233118682450e-01
8.546965727546448344e-01
9.345130645181317641e-01
1.035975262786368534e+00
1.155127740783627344e+00
1.276149220185648581e+00
1.356846177817046861e+00
1.370003077776755562e+00
1.319932662064292161e+00
1.226234574333363136e+00
1.118438193345106857e+00
1.020720429592451683e+00
9.428390364679748448e-01
8.707161772198517280e-01
7.818691374637298797e-01
6.783924644829678607e-01
5.716926339466972262e-01
4.719860179938814015e-01
3.873613540342776829e-01
3.132557068159987912e-01
2.465713715914590320e-01
1.851883015284587486e-01
1.327082372152662004e-01
9.448308893800776154e-02
5.509405059514735359e-02
-4.686968578240081375e-03
-9.401957261926208176e-02
-1.984805740570076693e-01
-2.880743384721874967e-01
-3.576263030451559133e-01
-4.237680041615841109e-01
-4.993554377842605585e-01
-5.826107514652989483e-01
-6.749500414866651532e-01
-7.745756585433807295e-01
-8.587771474861604082e-01
-9.213118003447700044e-01
-9.737814505784573305e-01
-1.026389625239318981e+00
-1.088249346880369783e+00
-1.147979987300072002e+00
-1.187097441524656682e+00
-1.196316447276421613e+00
-1.159268558320609932e+00
-1.075526576615822405e+00
-9.774989166669268981e-01
-8.887409201009252024e-01
-8.140584402948255471e-01
-7.434522849674305434e-01
-6.550458281942508343e-01
-5.503123173981695482e-01
-4.360009522911941215e-01
-3.159047482233449111e-01
-2.099403831076732951e-01
-1.220945855064248797e-01
-3.658452479002914648e-02
6.117049737781816293e-02
1.611055044768964217e-01
2.366747716909219645e-01
2.922200101104038272e-01
3.496051505954493877e-01
4.238481188973985403e-01
5.213553029714379505e-01
6.328325927907347825e-01
7.393027893402059902e-01
8.253878403140617603e-01
8.944379893558821459e-01
9.593593870324277351e-01
1.037397227127084376e+00
1.143413135278103177e+00
1.259013162986208023e+00
1.349549938368862501e+00
1.391422007077983691e+00
1.370418563735732453e+00
1.292721798600400485e+00
1.183146020300730461e+00
1.067837605426881220e+00
9.643816504962274827e-01
8.743289483890744895e-01
7.825394199016723062e-01
6.741795685694942364e-01
5.558931505541330198e-01
4.434503381175526338e-01
3.441309430610056119e-01
2.631842882850359278e-01
1.952127470932157882e-01
1.289577569869341245e-01
6.739902245728900121e-02
1.994300666900835836e-02
-1.098587567846971876e-02
-4.591859583987028398e-02
-1.074641780574341760e-01
-1.900565227275615721e-01
-2.854554292986632991e-01
-3.858619110443340938e-01
-4.766673522936507035e-01
-5.562078801487432278e-01
-6.404096866642168262e-01
-7.380280788013072746e-01
-8.335381104869674651e-01
-9.216997409391372020e-01
-9.979388458461077027e-01
-1.047935712767518623e+00
-1.092101981388255982e+00
-1.145893266896849338e+00
-1.200969892476703382e+00
-1.256955061152353448e+00
-1.293659796560487241e+00
-1.284971378732488345e+00
-1.230267685888333906e+00
-1.141764112416978394e+00
-1.041656141187936147e+00
-9.524582633214198069e-01
-8.781984703271742410e-01
-8.040481885363945924e-01
-7.081663619069528126e-01
-5.829235705379117727e-01
-4.477659063091390945e-01
-3.290211945896157064e-01
-2.354851110262494440e-01
-1.548114347057332751e-01
-6.914781334660823064e-02
2.721464534969769006e-02
1.278936556748904996e-01
2.128724985705792716e-01
2.678185442515990666e-01
3.089466738096310894e-01
3.593183186476052171e-01
4.327209023547534117e-01
5.320646024740333102e-01
6.395669344446195392e-01
7.387627155878876417e-01
8.285189999815375517e-01
9.168852348671233665e-01
1.021811427282337092e+00
1.143004262651080349e+00
1.257877197960973525e+00
1.347164962225820162e+00
1.383557978810353140e+00
1.350099948886432255e+00
1.263056057645456143e+00
1.149472839771316757e+00
1.039346295029998757e+00
9.506668188750888593e-01
8.737178138410546246e-01
7.866272403644415379e-01
6.815794749060463120e-01
5.680074634641388842e-01
4.528988772137446106e-01
3.481965923650119921e-01
2.648083479119456296e-01
1.954351027478871961e-01
1.321192889479045618e-01
7.400507747888643295e-02
2.731284687114118523e-02
-1.106238508137201079e-02
-6.393181337386485974e-02
-1.401435279268955225e-01
-2.275138646748798288e-01
-3.116479552385921781e-01
-3.852495168506674950e-01
-4.577084507425419058e-01
-5.420354559843700848e-01
-6.358139160275206869e-01
-7.352772009129889819e-01
-8.402652109929213964e-01
-9.322824239166951354e-01
-9.953964463605899926e-01
-1.041545768177114750e+00
-1.086564895007035458e+00
-1.142037718039228711e+00
-1.204881528400571611e+00
-1.249990790546388952e+00
-1.262596618750369437e+00
-1.235132433059284773e+00
-1.162438861882522767e+00
-1.062756257091842071e+00
-9.617255676565638067e-01
-8.754842730231027215e-01
-8.015809026851800079e-01
-7.201117978849508328e-01
-6.152546440976190967e-01
-4.871034936048288522e-01
-3.565234670349052282e-01
-2.439452842046775094e-01
-1.538749900993672537e-01
-7.688708128766182093e-02
1.021146017464279361e-02
1.108250594687637119e-01
2.053842304867440072e-01
2.787765346309765135e-01
3.319989802564470294e-01
3.906017429560836307e-01
4.699102797950113763e-01
5.576193722231939098e-01
6.466337628805944870e-01
7.376233927583142336e-01
8.182874702649179932e-01
8.825729817910002994e-01
9.553564642122550632e-01
1.049527295811150562e+00
1.156152706872523472e+00
1.263266881277233411e+00
1.331741758021129041e+00
1.334823933505479454e+00
1.280957087300889974e+00
1.182629485131851066e+00
1.069108551740692858e+00
9.705543735613177958e-01
8.924053597275664051e-01
8.187255901355346976e-01
7.263605563538840793e-01
6.161509621985692409e-01
5.050659954090861437e-01
4.033329180734929187e-01
3.146702599696405978e-01
2.390828521725094080e-01
1.729497361739554817e-01
1.077322448605746996e-01
4.902214311348207509e-02
1.027548711643958695e-02
-2.361562101211083300e-02
-8.016793754508878822e-02
-1.627303251506273252e-01
-2.569538046059174907e-01
-3.490075159704157937e-01
-4.277242692253096501e-01
-4.998367271665409284e-01
-5.839168696684976512e-01
-6.751586267096134630e-01
-7.669870580615799627e-01
-8.622689421492440998e-01
-9.461370774759277902e-01
-1.005969830294768386e+00
-1.049414323911275426e+00
-1.097728922692057019e+00
-1.158818830870899985e+00
-1.214469695036758168e+00
-1.254321447621719265e+00
-1.264284960737728891e+00
-1.223540765699498101e+00
-1.140224359156239320e+00
-1.037300980790302862e+00
-9.412098287108504602e-01
-8.646498252169761978e-01
-7.883074589808926058e-01
-6.945405996900204659e-01
-5.811836416611785294e-01
-4.558719575877047681e-01
-3.353434106351649846e-01
-2.315789637191831840e-01
-1.446730502003643060e-01
-6.156333678322127578e-02
3.061272378901975025e-02
1.239293279712942314e-01
1.994202041278350379e-01
2.555295273825068936e-01
3.092517116489579276e-01
3.742076572466985218e-01
4.599214734399352800e-01
5.686971974829341248e-01
6.823422774563083770e-01
7.813045884360954041e-01
8.622065822482123387e-01
9.341721952184847133e-01
1.018824073539488673e+00
1.128434700221984999e+00
1.241745126621161655e+00
1.328576884188372054e+00
1.370492007825707015e+00
1.349942101164069763e+00
1.267161934921266608e+00
1.152841692457961420e+00
1.037884635504958686e+00
9.378718045624994115e-01
8.520279372933587947e-01
7.609152435434568540e-01
6.508808657874155523e-01
5.315714868768024459e-01
4.185142850344330534e-01
3.192227986905493697e-01
2.370800697139621716e-01
1.705989252534452216e-01
1.118364103465235432e-01
5.601190267329576866e-02
6.590848372484726068e-03
-3.438810442872157480e-02
-8.147142853517028160e-02
-1.545368128810194475e-01
-2.480460331030477084e-01
-3.383542624914200325e-01
-4.174119710374304404e-01
-4.957701444865567630e-01
-5.773304449839846697e-01
-6.643012904408841512e-01
-7.662615592336666781e-01
-8.740536274647602299e-01
-9.706861054334656735e-01
-1.046569857958478567e+00
-1.098451769976442671e+00
-1.146782889833493080e+00
-1.206370176429800933e+00
-1.269543870009005149e+00
-1.323613493084455639e+00
-1.346193546097684823e+00
-1.322632203200341028e+00
-1.253532203776515086e+00
-1.151352718108220818e+00
-1.044579210287525317e+00
-9.545774916932042720e-01
-8.787220004980770272e-01
-7.945515512161197558e-01
-6.830071231508004770e-01
-5.503741822861832889e-01
-4.182812614985771948e-01
-3.045455056964976315e-01
-2.145967809887515954e-01
-1.418025943503916364e-01
-6.524522262221887914e-02
3.228704310006512423e-02
1.328100268893443459e-01
2.075321429309672783e-01
2.626298115499538510e-01
3.196355764431477731e-01
3.821765793159866975e-01
4.544391067496491576e-01
5.447212065751104726e-01
6.453686688925899251e-01
7.384754705224004789e-01
8.147244400397679609e-01
8.932943635131241900e-01
9.971630779042509607e-01
1.119115415655576484e+00
1.237771353913589722e+00
1.323349431816081223e+00
1.349036022851330063e+00
1.306323793835908909e+00
1.207187704035415310e+00
1.093068466298086516e+00
9.953677334565860235e-01
9.140970626907999330e-01
8.393403315207337290e-01
7.512598649158301889e-01
6.447780895943274748e-01
5.338803749643382668e-01
4.287940502874807991e-01
3.380331130390317185e-01
2.618537856807680031e-01
1.945640555177460262e-01
1.336993418730068051e-01
8.087025454188069562e-02
3.465269026792056756e-02
-1.341447180511041656e-02
-6.744473623115407324e-02
-1.396196831372797098e-01
-2.381622907841721148e-01
-3.354006474639614210e-01
-4.075187563558795301e-01
-4.724060857926407619e-01
-5.507880095331290082e-01
-6.360584825056200264e-01
-7.258174765056186750e-01
-8.247120008506130251e-01
-9.144223013463160799e-01
-9.770541869712477956e-01
-1.021656693849921416e+00
-1.068086599460995822e+00
-1.125177567455971861e+00
-1.184080498567360973e+00
-1.228392461391476065e+00
-1.241328825560448434e+00
-1.204569638553284472e+00
-1.118530410974522438e+00
-1.015030991126536497e+00
-9.217993032126905462e-01
-8.469435129518585459e-01
-7.801008725902961460e-01
-6.935492309637609765e-01
-5.803972303855198245e-01
-4.539576760853958337e-01
-3.287208164075245409e-01
-2.209184880968513565e-01
-1.322354672422334232e-01
-4.953978387246960047e-02
4.514993200373444704e-02
1.485297475865978156e-01
2.358754936601393792e-01
2.991473163589353224e-01
3.516551258973267813e-01
4.171658094549796081e-01
5.035855698403288727e-01
6.027525039821204356e-01
7.065569571080960731e-01
7.994957759999261615e-01
8.739298586460568785e-01
9.341696625129202181e-01
1.003954935120285663e+00
1.101649297240283820e+00
1.206787126883105188e+00
1.298626390382729090e+00
1.351180958566152279e+00
1.342165613390095880e+00
1.278554785261436066e+00
1.171492613049442522e+00
1.055569370431753695e+00
9.624471212612860649e-01
8.806065402632763384e-01
7.934816600746680271e-01
6.933876936544978165e-01
5.812990236514995468e-01
4.710390015790976159e-01
3.727979516888785816e-01
2.884545778086083923e-01
2.205884543746992887e-01
1.614876992694709579e-01
1.000373861761744976e-01
4.616165954563792445e-02
8.639342215393095228e-03
-2.715309217015534141e-02
-8.858269366263714362e-02
-1.764444385013702044e-01
-2.654714870043123343e-01
-3.535887596656865917e-01
-4.410648631704473521e-01
-5.227986129452968367e-01
-6.068173719592189208e-01
-6.972132160969950476e-01
-7.942320703853584796e-01
-8.867278054133420628e-01
-9.628068182259625907e-01
-1.019495167033675598e+00
-1.064116336428190923e+00
-1.115459590135401857e+00
-1.170975463624771784e+00
-1.221213997468896473e+00
-1.255854616252284561e+00
-1.253886182674289307e+00
-1.205332551318507583e+00
-1.112344066233857731e+00
-1.004907960070542838e+00
-9.142960713093372105e-01
-8.390465802909503612e-01
-7.632541246769963816e-01
-6.658560949528256057e-01
-5.458028398694405592e-01
-4.178629071693003016e-01
-2.971655389437547479e-01
-2.003880149210064132e-01
-1.243346019183523554e-01
-4.946087857860442111e-02
4.273255140142267344e-02
1.470136455362559269e-01
2.336632776620469476e-01
2.899070022475038755e-01
3.351756598933114395e-01
3.920009501699574517e-01
4.664180041945160116e-01
5.652675614981568231e-01
6.787781099122021100e-01
7.791870940930420986e-01
8.631071726289063495e-01
9.406965781662346426e-01
1.034216193798082495e+00
1.155930711859456395e+00
1.275080925146735877e+00
1.365238231474730002e+00
1.406283405673159237e+00
1.375587095581333408e+00
1.284972727696924721e+00
1.165140770946063276e+00
1.048009661047053509e+00
9.578518636295155764e-01
8.838613994231564464e-01
7.961682814710895340e-01
6.844782927155437235e-01
5.633690805036212224e-01
4.497843400740883513e-01
3.489244939120060285e-01
2.643522465972058533e-01
1.958199181280454726e-01
1.317242181830706460e-01
6.510288897139525355e-02
4.007714583442886780e-03
-3.911942579998041458e-02
-7.741438137935917341e-02
-1.460234093914398179e-01
-2.453260632427679555e-01
-3.435761264775442636e-01
-4.283452967334682726e-01
-5.062504840675526863e-01
-5.837591964060602212e-01
-6.654534751026364159e-01
-7.522475666240169279e-01
-8.441033749382667040e-01
-9.347434772827178939e-01
-1.004713288548178651e+00
-1.052406083018205152e+00
-1.099571803714503471e+00
-1.154041782084559653e+00
-1.208269578843540915e+00
-1.248677635831448862e+00
-1.263401710134774980e+00
-1.242237845576495303e+00
-1.173643522575103404e+00
-1.075176096913827317e+00
-9.812394910930722913e-01
-9.043958326095384859e-01
-8.355449961489129773e-01
-7.542179281024170567e-01
-6.489998533742363795e-01
-5.247850259394388761e-01
-3.953224276409148530e-01
-2.782076995929573804e-01
-1.840845773400094365e-01
-1.035254390959075427e-01
-1.128321793408642963e-02
9.402090253367927086e-02
1.906262930050415805e-01
2.672232510753467793e-01
3.251602460236804326e-01
3.863469255259995849e-01
4.666666792093076555e-01
5.519369566251776105e-01
6.392500320092955324e-01
7.340579296179859936e-01
8.198110190584650958e-01
8.862067604383856434e-01
9.541422630390881121e-01
1.046142967138331104e+00
1.159262976720042193e+00
1.271119627739178748e+00
1.346547176238590326e+00
1.360216374560231589e+00
1.313109477481421150e+00
1.221654834456191940e+00
1.116701666069388921e+00
1.023660204087033954e+00
9.466432540074288804e-01
8.741363716453764976e-01
7.835017981397127684e-01
6.754754265419861126e-01
5.693382131730020390e-01
4.709430167297423142e-01
3.850627568443335536e-01
3.120911492767063922e-01
2.467423373826503064e-01
1.841089147011211180e-01
1.254452683607835684e-01
8.272032518038759108e-02
4.454167464050456937e-02
-1.294646384010659720e-02
-9.487856293828000886e-02
-1.921751240304375719e-01
-2.815430533890218578e-01
-3.547532475562227283e-01
-4.255556042546413953e-01
-5.037861491501464117e-01
-5.910813634079141732e-01
-6.821726162002405003e-01
-7.725932189614846957e-01
-8.508816494246134177e-01
-9.089235714138725886e-01
-9.594312035454222176e-01
-1.014818376883372730e+00
-1.079740982879991318e+00
-1.143705742667417979e+00
-1.185607638901723160e+00
-1.192116055240748818e+00
-1.150432169971040031e+00
-1.064325803534576842e+00
-9.614516734674325438e-01
-8.659839192066107749e-01
-7.877153298681625060e-01
-7.154079999835460946e-01
-6.261381486554581377e-01
-5.113533870799934489e-01
-3.803954441980258450e-01
-2.568355111243005306e-01
-1.591799834859179419e-01
-7.723642968739945214e-02
5.980600993601719977e-03
9.533126702712907408e-02
1.848540127312043035e-01
2.571699141553902557e-01
3.087293682197305711e-01
3.583556502189554349e-01
4.249739934973267297e-01
5.205252554263954945e-01
6.395843076069679389e-01
7.536837417727759725e-01
8.424267320136635817e-01
9.114380066471665653e-01
9.762421273686296974e-01
1.055251347352933466e+00
1.156272827882329768e+00
1.263941548145760763e+00
1.351520244324717845e+00
1.392152883517389528e+00
1.369857778701901063e+00
1.288009589534630850e+00
1.174119826434119718e+00
1.057937156640725851e+00
9.507744693136130909e-01
8.604621416718210014e-01
7.730061935280508889e-01
6.660543778876917287e-01
5.501159534167123777e-01
4.384277766648068675e-01
3.396532704144923365e-01
2.613926834484852635e-01
1.952376011356257435e-01
1.334412173081967468e-01
7.114033477852818588e-02
1.403940903743921241e-02
-2.544471847778845969e-02
-6.430511768960264773e-02
-1.310901926104961202e-01
-2.206621642502940572e-01
-3.042458523618271071e-01
-3.787407046693573309e-01
-4.610505587167051389e-01
-5.442511813210837435e-01
-6.259554444190261746e-01
-7.208165353718709589e-01
-8.194154368558583812e-01
-9.071525266723788894e-01
-9.794566454933578692e-01
-1.032889623974794224e+00
-1.080332926414177663e+00
-1.133877249433462131e+00
-1.192610170501002154e+00
-1.248398054126632406e+00
-1.278179098458609886e+00
-1.262919999365496482e+00
-1.201898646149244909e+00
-1.108327795330317667e+00
-1.007961456851008464e+00
-9.203251458387284867e-01
-8.455219492848942142e-01
-7.686729200824764519e-01
-6.706337936597576155e-01
-5.483725751539526572e-01
-4.190458235486310690e-01
-3.051820508563395928e-01
-2.172054127738206886e-01
-1.398639925249668126e-01
-5.326776722315795104e-02
4.421935414458416647e-02
1.438893489642111279e-01
2.276846895715455288e-01
2.852707869969460241e-01
3.322479874305731551e-01
3.869808261483544398e-01
4.610970962793121131e-01
5.599116612228818290e-01
6.695044568419364905e-01
7.687794622162238412e-01
8.524668884819797121e-01
9.386846113299851524e-01
1.049112522341774101e+00
1.177463388007285783e+00
1.299441680232198193e+00
1.390088693750272997e+00
1.422899264791273932e+00
1.388164154041586329e+00
1.299889047342640325e+00
1.186059613433349202e+00
1.077934455437157713e+00
9.903594842643722584e-01
9.128832011051254414e-01
8.229670584382776655e-01
7.161111791433609763e-01
6.036262523181550321e-01
4.933798414981581670e-01
3.957109476793128633e-01
3.139121153280643450e-01
2.424906655947240142e-01
1.754366858374305227e-01
1.106139775725239888e-01
5.859090981745767451e-02
2.054255304685622882e-02
-2.294618577576877302e-02
-9.227891237569854632e-02
-1.862863107944018326e-01
-2.809168393971542277e-01
-3.640797754045627110e-01
-4.436669274627704773e-01
-5.275664979264104160e-01
-6.154196628220561793e-01
-7.071016299093545454e-01
-8.061303722562085383e-01
-8.980524613096223518e-01
-9.662853286164242439e-01
-1.017964883103830598e+00
-1.066238355313831487e+00
-1.124042226350712825e+00
-1.190324886824417838e+00
-1.237117563247061458e+00
-1.245802892972055043e+00
-1.213044213141578620e+00
-1.134946308943288518e+00
-1.031919918970378713e+00
-9.355817382415997363e-01
-8.573711868492589483e-01
-7.904812994599196285e-01
-7.104203043676181606e-01
-6.014482035057114873e-01
-4.735567279748369995e-01
-3.457431679224080567e-01
-2.346000562286452984e-01
-1.420719107338634102e-01
-5.748470820307141627e-02
3.361768655357959268e-02
1.319135651233602491e-01
2.162234367452410544e-01
2.755370550277245201e-01
3.256998232411655314e-01
3.906681243208033338e-01
4.777988543803534660e-01
5.793218918190254918e-01
6.817754855904971656e-01
7.714067717818589021e-01
8.473212871841602212e-01
9.113081349059661829e-01
9.766139821047730152e-01
1.065490528373820522e+00
1.171948690293963091e+00
1.273241954875253823e+00
1.337972142403621501e+00
1.338035264848225214e+00
1.277986206734341268e+00
1.176312087246115912e+00
1.060590917428126501e+00
9.592989050060719558e-01
8.725541641101643986e-01
7.893040826644315278e-01
6.948816746358315033e-01
5.816309083471701280e-01
4.722834111791874290e-01
3.782201273843871503e-01
2.952302627955440406e-01
2.290793623980257876e-01
1.688100424633617314e-01
1.073026276492218128e-01
5.269863005610266743e-02
6.233682597935850077e-03
-3.770404262120786304e-02
-9.945755436810090055e-02
-1.844695626273920863e-01
-2.789453340026578632e-01
-3.717807756947347775e-01
-4.499616216711659344e-01
-5.215056823447750123e-01
-6.021292040139770707e-01
-6.934769633839198422e-01
-7.887464591715935835e-01
-8.776493475648599052e-01
-9.590878364250241539e-01
-1.022926784184467142e+00
-1.071322352441262948e+00
-1.129877309561092114e+00
-1.194983434704191660e+00
-1.248062828539324043e+00
-1.279483701589589906e+00
-1.277370053656733173e+00
-1.231129997874970128e+00
-1.141823664842468666e+00
-1.034475257072195342e+00
-9.374645876602808459e-01
-8.572969210543067708e-01
-7.809688336111288987e-01
-6.884885463404706307e-01
-5.732263843429912242e-01
-4.457155364017063026e-01
-3.262932117056493442e-01
-2.310740465587250436e-01
-1.547197202254224080e-01
-8.015771539533307621e-02
8.170246052713658891e-03
1.090922228032424890e-01
1.936946267013484047e-01
2.495950754650714254e-01
3.004145977747211260e-01
3.611024460265405689e-01
4.379371549429192378e-01
5.365761294972594131e-01
6.418935085256537443e-01
7.394928263412219316e-01
8.270054128177599662e-01
9.075382767300599340e-01
1.000162221176182031e+00
1.112669623502243299e+00
1.223795787272418112e+00
1.308750445587315125e+00
1.348549500311862603e+00
1.330533378365953645e+00
1.252738573951212242e+00
1.134393816347773365e+00
1.013353527318499037e+00
9.135399976826277246e-01
8.298181792967980197e-01
7.399899965451426365e-01
6.317886007051541908e-01
5.160477422921839752e-01
4.044485002313808475e-01
3.026022710117005077e-01
2.178765089653261211e-01
1.502248089032070522e-01
8.820520865702780045e-02
2.624615539923434715e-02
-2.828253008450620429e-02
-7.259984179514902825e-02
-1.185309605597228561e-01
-1.840299173884066830e-01
-2.668703777474988326e-01
-3.457502609264229143e-01
-4.207005583104220792e-01
-5.052053262714280013e-01
-5.939469883920327486e-01
-6.789984103114274916e-01
-7.685536258623268946e-01
-8.673951666434285279e-01
-9.619732527173793235e-01
-1.037867540012616052e+00
-1.095189776948511051e+00
-1.147206447958208919e+00
-1.206396039856897140e+00
-1.269088314361237924e+00
-1.319096315062577851e+00
-1.337522566668374102e+00
-1.313505833562703895e+00
-1.248306895817348217e+00
-1.150818447796546851e+00
-1.048824276774592557e+00
-9.673882927166523871e-01
-8.934116662594833169e-01
-8.091970213154202618e-01
-7.071619059191768253e-01
-5.831644548333718703e-01
-4.562242425393574496e-01
-3.430050898033660811e-01
-2.478722890807513735e-01
-1.685312512557679276e-01
-8.764224059610420392e-02
4.548858329861946159e-03
1.018987361783145612e-01
1.812154158224914824e-01
2.387158012660196005e-01
3.038188659872947950e-01
3.830907152948270777e-01
4.699754720601090341e-01
5.610790894711036314e-01
6.561584423566689805e-01
7.469187056681881876e-01
8.153002353071818753e-01
8.903126367575593392e-01
9.933866589386396440e-01
1.107647404423889537e+00
1.224424112555265287e+00
1.305649551043970957e+00
1.323047259400660147e+00
1.279712361005636234e+00
1.177631777243765221e+00
1.057191087312518984e+00
9.549400378774166587e-01
8.682896693420226741e-01
7.909560318348536345e-01
7.053333485543128445e-01
6.023691287722118259e-01
4.958590679648849364e-01
3.949575518050225109e-01
3.066496305287154667e-01
2.346140445864980106e-01
1.721764134135656266e-01
1.147926558139990422e-01
6.273146375141798459e-02
1.866999592687560230e-02
-1.838599603945399730e-02
-6.598718548708247533e-02
-1.470057361770673032e-01
-2.523124474370386228e-01
-3.459114842046280280e-01
-4.145013225440866145e-01
-4.752439155794022652e-01
-5.486706609085852948e-01
-6.342250583279379628e-01
-7.250219736648245705e-01
-8.238234682761838013e-01
-9.090491892698350229e-01
-9.688977864998562506e-01
-1.021008050706343484e+00
-1.068855691609202241e+00
-1.125872283168491306e+00
-1.191001725103762121e+00
-1.233455743197398924e+00
-1.240796256213758442e+00
-1.199293518168403683e+00
-1.110675514409114051e+00
-1.003932617932974392e+00
-9.021589539131914526e-01
-8.238763688279029385e-01
-7.564419000947671945e-01
-6.745701272317530250e-01
-5.727282550198362632e-01
-4.464036635860001434e-01
-3.155050959547721634e-01
-2.056796322311578162e-01
-1.156056422255952870e-01
-3.613613821193278897e-02
5.410826489894924457e-02
1.576091910309931343e-01
2.424018658437291640e-01
2.954373070671911794e-01
3.397303779357309095e-01
4.047339401721523067e-01
4.939746970285009420e-01
5.969885314973815138e-01
7.035964870107942470e-01
7.983354981303607545e-01
8.767616166825992208e-01
9.431833707989518700e-01
1.016797127966621916e+00
1.120216083518073003e+00
1.236573502873116848e+00
1.331242026561490377e+00
1.379698906740928210e+00
1.366859428889278139e+00
1.293086441134372100e+00
1.177940749233012951e+00
1.057832851128867491e+00
9.568342553960971220e-01
8.713059150575983569e-01
7.851711996376130598e-01
6.838328594417285577e-01
5.709138907465860502e-01
4.614000172927477106e-01
3.632756834484874853e-01
2.829383463068541604e-01
2.197668094924400684e-01
1.613426370869061044e-01
1.059393256699870250e-01
6.105546843249584632e-02
2.632418806343137310e-02
-1.017082080389490606e-02
-6.925609931074078185e-02
-1.551898871797105783e-01
-2.501681335083945079e-01
-3.421174027654452776e-01
-4.314491774238899402e-01
-5.150644056398314685e-01
-5.933868185257671346e-01
-6.836795803221489276e-01
-7.840403921934754328e-01
-8.781190817755384348e-01
-9.598370193243949133e-01
-1.012505341202431852e+00
-1.049707688543351836e+00
-1.104069705847916971e+00
-1.163930449266831202e+00
-1.213405926118671374e+00
-1.241956355021976321e+00
-1.229697618293563721e+00
-1.170633978442464418e+00
-1.073526407812732231e+00
-9.681166042262083771e-01
-8.814414712312080846e-01
-8.086735726391550694e-01
-7.329306014408532022e-01
-6.390261760776140276e-01
-5.220583116689212488e-01
-3.911205197829627500e-01
-2.637616817512962730e-01
-1.614556152689681223e-01
-8.584399122227354129e-02
-1.316877655190971073e-02
7.655064429348579225e-02
1.782031455766171502e-01
2.640839502281036588e-01
3.214492990863005994e-01
3.729140240038448240e-01
4.334116757754066240e-01
4.995739117576109556e-01
5.853778853261162318e-01
6.960535827656162411e-01
7.999870003488467329e-01
8.815350532660674032e-01
9.619655714783539313e-01
1.060626042501301436e+00
1.178432581431840820e+00
1.291238668848169846e+00
1.370360711208230997e+00
1.408146299169371174e+00
1.389386158205756505e+00
1.301731320338241460e+00
1.177652469708019511e+00
1.063778208763982880e+00
9.792365201221466808e-01
9.111557238369375478e-01
8.297717100114435640e-01
7.256135603495637021e-01
6.129912744406387226e-01
5.015989260094697588e-01
3.998969362656611959e-01
3.166060414621136854e-01
2.504470832704895900e-01
1.940466740461579687e-01
1.372946508516457720e-01
8.210584601851826647e-02
4.028368063832123841e-02
-7.438811117667676635e-04
-7.221188661268687636e-02
-1.722274536495586039e-01
-2.621203447218168336e-01
-3.323948299280677365e-01
-4.091732190759975740e-01
-4.952671905775444805e-01
-5.792868946036517919e-01
-6.698413476594872185e-01
-7.736453497155157955e-01
-8.713342085967776818e-01
-9.437782804706991158e-01
-9.997838583564433446e-01
-1.055721301862701855e+00
-1.120261495433532595e+00
-1.186146941262205878e+00
-1.231441860375229513e+00
-1.246381674598270761e+00
-1.220337372164427059e+00
-1.145155352599863452e+00
-1.043975145418610584e+00
-9.466213695121902250e-01
-8.685484942206112002e-01
-8.005141937176041278e-01
-7.197660345266058135e-01
-6.211369527540061553e-01
-5.045714999896304676e-01
-3.756503484876392851e-01
-2.535095163837778331e-01
-1.539053791914351821e-01
-7.519012021955275016e-02
8.496010094473392671e-03
1.084888588420627187e-01
2.017727336967774510e-01
2.729129055710358132e-01
3.317781268299673791e-01
3.970858802336069138e-01
4.775855786472923969e-01
5.712872224970116930e-01
6.682434408975391760e-01
7.563073106227077291e-01
8.335670703797336545e-01
8.990675892568974481e-01
9.673460595090513925e-01
1.065021439539318493e+00
1.182475362158226018e+00
1.284821781259861018e+00
1.342557379416034813e+00
1.340855886505180283e+00
1.281020973459987999e+00
1.173557362687848826e+00
1.052187155472262603e+00
9.490205429416249672e-01
8.634577551845484811e-01
7.819297828889415491e-01
6.857219051732573734e-01
5.717273593717070446e-01
4.584153236488798799e-01
3.568490645272739403e-01
2.726305739064820988e-01
2.023134976024619780e-01
1.337536547623991157e-01
6.533092621322868221e-02
3.415639134244768341e-03
-4.240127398454732188e-02
-7.722427704964415773e-02
-1.293869011395621937e-01
-2.082421814897283674e-01
-2.962755544419873877e-01
-3.837307106452599870e-01
-4.629549422736629616e-01
-5.328496812098584279e-01
-6.123613081817915749e-01
-7.056899309141672072e-01
-8.002893726041767630e-01
-8.916441002923690684e-01
-9.706919105292430849e-01
-1.027458576628250686e+00
-1.072774406439788830e+00
-1.124238613420574406e+00
-1.181179087500810576e+00
-1.232514099692027409e+00
-1.266548201511780825e+00
-1.267023154079455205e+00
-1.220608175675475193e+00
-1.130104528596035829e+00
-1.022721458052019861e+00
-9.299844306401362504e-01
-8.558581838796546215e-01
-7.819914706812890470e-01
-6.894127893210832969e-01
-5.707679242742282888e-01
-4.402370008889859854e-01
-3.234548702178312585e-01
-2.300869521640051540e-01
-1.538373451682114867e-01
-7.869792378983737902e-02
1.461820651742040157e-02
1.166519072934993489e-01
1.994442580089569317e-01
2.584081988960773013e-01
3.106886142810818541e-01
3.692432725090770695e-01
4.420221375215865334e-01
5.422437692256274477e-01
6.583308220615868844e-01
7.582230123173294700e-01
8.385509382919164034e-01
9.142039183997683338e-01
1.001512788015520128e+00
1.112782212086101286e+00
1.230677406282783881e+00
1.321804610499073274e+00
1.363229434041858035e+00
1.340033099544966300e+00
1.255798585862326622e+00
1.141552458547762106e+00
1.028461935640468505e+00
9.328412863375369346e-01
8.533376620339351293e-01
7.667612237928921326e-01
6.604456794136762676e-01
5.455010942949114483e-01
4.341434904517090243e-01
3.352054701241062862e-01
2.532378686327777517e-01
1.860302215746546806e-01
1.251246409821771821e-01
6.215251283025196444e-02
6.350576378568299242e-04
-5.273610439521619203e-02
-1.069011756398612761e-01
-1.803851637654902973e-01
-2.703723308886121779e-01
-3.523659969967961048e-01
-4.225786142669942791e-01
-4.967229588528079276e-01
-5.751765116334323080e-01
-6.567747088103942366e-01
-7.481749869061691260e-01
-8.439152110709714494e-01
-9.334574615965149924e-01
-1.007975702566154430e+00
-1.062404238002578438e+00
-1.107229348325657670e+00
-1.158715537359486847e+00
-1.218516186005413671e+00
-1.269228053596588746e+00
-1.288616276735948585e+00
-1.263346325008865012e+00
-1.192801536870874202e+00
-1.092240008414726571e+00
-9.896320336179833532e-01
-9.052235863544426664e-01
-8.335377762941521551e-01
-7.557165702672064000e-01
-6.548776430181413311e-01
-5.309693137859106127e-01
-4.058999871125386072e-01
-2.985185270662099044e-01
-2.136234896251852922e-01
-1.341286044753161599e-01
-3.983233961362914882e-02
6.193332698377294887e-02
1.634825215578253055e-01
2.527011477380682325e-01
3.148185455062544325e-01
3.711175736714099060e-01
4.386821539536403525e-01
5.127224546449777876e-01
6.045394851230777578e-01
7.136845305661020378e-01
8.100126111411130037e-01
8.854380344048797813e-01
9.654489193823575510e-01
1.067316666481249454e+00
1.185963951042789288e+00
1.302670184650636775e+00
1.388027489379665358e+00
1.410792466103350851e+00
1.362347193674833257e+00
1.262726056039739753e+00
1.145314848033031518e+00
1.042312406105326605e+00
9.607378692948674859e-01
8.864017278386129295e-01
8.016502166937842233e-01
6.969114834388933089e-01
5.842660607851648535e-01
4.771235820820422524e-01
3.830344632207715039e-01
3.069496184740556632e-01
2.449179368100268261e-01
1.897407424705495338e-01
1.317967567883329971e-01
7.954115037389515586e-02
4.113918962051815731e-02
-8.618333140435230008e-03
-8.778344102119971237e-02
-1.872914616896531326e-01
-2.845686180747235006e-01
-3.580160719639438605e-01
-4.202969119873047332e-01
-5.004248333649738978e-01
-5.929909422967237775e-01
-6.872585415002205877e-01
-7.884249195100720975e-01
-8.756021001181056862e-01
-9.341190282520905885e-01
-9.848899402536870351e-01
-1.043158972001088092e+00
-1.108934369700957934e+00
-1.170939542548559364e+00
-1.214130834499695277e+00
-1.223219299463118803e+00
-1.182289194725582249e+00
-1.095506404396023203e+00
-9.883481007589500766e-01
-8.895066132381109769e-01
-8.109106746311158798e-01
-7.407682862919691136e-01
-6.568862517694388226e-01
-5.478978545512184217e-01
-4.229011177329962123e-01
-3.002252939715756019e-01
-1.985225763054595804e-01
-1.186743061365873736e-01
-4.056862752658685345e-02
5.202381278829347477e-02
1.554321988467498861e-01
2.452156215902322189e-01
3.070997960531642312e-01
3.564564767629311293e-01
4.184361516565449635e-01
