3003 0.00333
-1.209011134874603418e-04
-1.215237821789018433e-04
-1.220047425317774580e-04
-1.223898770886005973e-04
-1.227258600842949510e-04
-1.230575096932081151e-04
-1.234096310656321478e-04
-1.237473147286827105e-04
-1.239439059291109189e-04
-1.239382505307306062e-04
-1.238174267996871691e-04
-1.236934337750818225e-04
-1.235928989327348955e-04
-1.234794054390499695e-04
-1.233720447341115809e-04
-1.232470986834821971e-04
-1.230413615049124883e-04
-1.228073778563263654e-04
-1.225479665156123128e-04
-1.222132821416171749e-04
-1.217804376084612980e-04
-1.211624182882372887e-04
-1.203942663961722517e-04
-1.196804161720143775e-04
-1.190905266734677636e-04
-1.184591169355661956e-04
-1.176409943354845335e-04
-1.166334286026372337e-04
-1.154530249032898327e-04
-1.142156682908076245e-04
-1.130207252010577190e-04
-1.117752117392812933e-04
-1.104397220396639975e-04
-1.090248628199714945e-04
-1.075092668356700861e-04
-1.059393186858865213e-04
-1.043654342148006927e-04
-1.028216489787310897e-04
-1.012429466254518846e-04
-9.943925194738193775e-05
-9.737426482923675314e-05
-9.523404447452596692e-05
-9.316214292255456939e-05
-9.113851073037397489e-05
-8.908983817689795145e-05
-8.698329829546796088e-05
-8.488509348956222681e-05
-8.288785913076733591e-05
-8.096380562279012168e-05
-7.905909519168202758e-05
-7.716251877172188706e-05
-7.523816648608045593e-05
-7.332734340231706455e-05
-7.154162224547077806e-05
-6.983941563792608811e-05
-6.810177614674946787e-05
-6.630288871739218866e-05
-6.441832158973991018e-05
-6.248939724484573258e-05
-6.061365468512678668e-05
-5.874377137707665112e-05
-5.684724827784483640e-05
-5.502845130118279429e-05
-5.332091343715497997e-05
-5.160063530357739196e-05
-4.978305654935395909e-05
-4.794001347680276813e-05
-4.615887572017654403e-05
-4.453125157076389952e-05
-4.310362203976204941e-05
-4.179017582937041641e-05
-4.052378485964737805e-05
-3.927129546623192254e-05
-3.799924472414355805e-05
-3.666960223435739182e-05
-3.522976010270143361e-05
-3.369870774908655895e-05
-3.209263790866232543e-05
-3.039844060296213106e-05
-2.868017922130464321e-05
-2.700743851590345384e-05
-2.533002538771593980e-05
-2.357847629400397285e-05
-2.180390487748563909e-05
-2.004712168520887545e-05
-1.829652955951694362e-05
-1.655066489605351080e-05
-1.477979039483131966e-05
-1.298956042436879615e-05
-1.120128483937513604e-05
-9.365702683313351852e-06
-7.419817827939133450e-06
-5.393057140564311178e-06
-3.379996636087718213e-06
-1.450016410355364319e-06
3.849421258665018245e-07
2.264943062909590825e-06
4.283547678643689235e-06
6.301890333528280204e-06
8.209622082827298334e-06
9.998864844212466407e-06
1.171064631698314610e-05
1.336109876396006328e-05
1.492999196354467348e-05
1.651909442853693213e-05
1.818013442633872165e-05
1.985593164666985032e-05
2.155161152221820640e-05
2.328630213654997791e-05
2.506867332766508913e-05
2.688244335533410213e-05
2.870923134160657258e-05
3.055961493603443570e-05
3.241350588366573743e-05
3.423447402153675576e-05
3.596923478281466405e-05
3.753781078980604507e-05
3.889202122339942101e-05
4.009844505049886960e-05
4.129964474419206875e-05
4.253452890939570126e-05
4.374629184523620771e-05
4.490748678164642688e-05
4.603589474424491066e-05
4.722931843211419128e-05
4.858970769857124555e-05
5.004121421838931508e-05
5.142493611594515092e-05
5.265694449919945121e-05
5.369799243517016770e-05
5.458574535569486871e-05
5.544356682255168172e-05
5.635311807426815727e-05
5.726854372148838004e-05
5.814098402606983172e-05
5.909770200621492517e-05
6.026696199332686458e-05
6.155933648262585853e-05
6.282377989565565625e-05
6.403137037305172395e-05
6.521908523988124789e-05
6.637272771825252740e-05
6.748942095634859965e-05
6.864680079976030421e-05
6.987305677404943740e-05
7.114347076759301909e-05
7.248633087063203692e-05
7.387940697471769480e-05
7.526831324250583897e-05
7.669216062448885169e-05
7.814274471410831771e-05
7.956392174075401890e-05
8.093726455040756900e-05
8.220522485618998591e-05
8.338999932161101389e-05
8.458456074685632617e-05
8.577945538489056962e-05
8.694379001864116084e-05
8.807211282462855254e-05
8.915571210025155047e-05
9.018773254796056001e-05
9.111254340493611117e-05
9.187493042888192482e-05
9.254786987858201470e-05
9.322883603556278269e-05
9.387198084045786795e-05
9.445930644587346287e-05
9.504832957698270465e-05
9.559134102338626073e-05
9.608612167175036717e-05
9.662676209534327260e-05
9.721010451328807858e-05
9.780052155288061452e-05
9.843999418434625469e-05
9.919853001185286855e-05
1.000811570723694267e-04
1.010255050625356876e-04
1.019840101887187022e-04
1.029176004665008397e-04
1.037604483215885757e-04
1.044506394422851236e-04
1.050007392943212817e-04
1.054369355393301120e-04
1.057379568798383124e-04
1.060095025892657315e-04
1.063950378176103717e-04
1.068614989450554704e-04
1.073621437843513886e-04
1.078926704771546207e-04
1.083912341569578475e-04
1.087985707702114873e-04
1.091291808310930787e-04
1.094322521897325760e-04
1.097141961315938627e-04
1.099736838883410032e-04
1.102358109388665584e-04
1.105084776298488050e-04
1.107756885040016368e-04
1.110006533727260275e-04
1.111144278717222179e-04
1.110714573527858456e-04
1.109330177319682543e-04
1.107418350241074655e-04
1.104333865490178697e-04
1.100059578305607577e-04
1.095434409447466087e-04
1.091104574294160724e-04
1.087331873092697561e-04
1.083765537690497611e-04
1.079575821858167503e-04
1.074617297564895780e-04
1.069375867236759876e-04
1.063585258771142754e-04
1.057327646752466899e-04
1.051419900975040123e-04
1.045768859469747278e-04
1.040112643712743338e-04
1.034479362850398016e-04
1.029042827643780636e-04
1.024099339725858767e-04
1.019209859689621959e-04
1.014293425245187520e-04
1.010046340239967262e-04
1.006449815839721381e-04
1.003129405368412649e-04
1.001013305279746827e-04
1.002062278600245184e-04
1.006996586611115117e-04
1.015465807506234740e-04
1.027848498534847155e-04
1.045074110019373389e-04
1.067908850013516071e-04
1.096507973767918821e-04
1.130661962659671062e-04
1.170234242166870952e-04
1.215349318123059370e-04
1.266933629519737751e-04
1.325761588430963902e-04
1.391246441703987630e-04
1.462121779929613822e-04
1.537496335336549611e-04
1.617680944498417332e-04
1.704910018468683524e-04
1.802203365813533434e-04
1.910290900130138646e-04
2.027818218965248736e-04
2.153911339428000462e-04
2.287030658240853272e-04
2.423780426826641142e-04
2.559574702645974072e-04
2.688419927848778221e-04
2.804806569784762307e-04
2.907315292144014868e-04
2.998867507005237927e-04
3.082259107086645928e-04
3.156193766603903792e-04
3.216824329152304660e-04
3.262428902714958174e-04
3.297230669370498435e-04
3.330205913299299613e-04
3.370625712271752136e-04
3.425845936916075384e-04
3.497365081983436642e-04
3.577683070022279546e-04
3.655418627930344887e-04
3.724252789524293110e-04
3.789932016169933319e-04
3.866288261793420335e-04
3.957683030262492850e-04
4.048844995488732907e-04
4.120717996891251600e-04
4.176358970361787040e-04
4.235626588023977206e-04
4.298391434692654957e-04
4.335905803808152667e-04
4.326204447130037691e-04
4.274427297570929075e-04
4.203220915016068473e-04
4.150822718623396008e-04
4.161440453008264230e-04
4.252706534328687393e-04
4.398814205876429859e-04
4.536248309836707284e-04
4.586792285607459900e-04
4.502059724550345923e-04
4.287525877168738833e-04
3.983509365578518399e-04
3.635522985536702350e-04
3.271655266296891597e-04
2.890799699934653525e-04
2.478004550135149363e-04
2.035125548551052876e-04
1.585311982542107138e-04
1.159069077999506198e-04
7.842412781496747897e-05
4.701140078747412563e-05
2.078702869511441615e-05
-1.227461414067262570e-06
-1.985248317843776679e-05
-3.555954928230131381e-05
-4.831857550292447762e-05
-5.831529902927113892e-05
-6.659645451625072416e-05
-7.521697486173431252e-05
-8.517175300237940505e-05
-9.561917315208526074e-05
-1.082635214933801122e-04
-1.281982815787735574e-04
-1.574226929307520552e-04
-1.944854621392640777e-04
-2.417831376769083928e-04
-3.049881717852613236e-04
-3.860673026570036548e-04
-4.801723921668852929e-04
-5.764311555619329886e-04
-6.639551604920177147e-04
-7.373821775137816368e-04
-7.945627437216145261e-04
-8.355936691531846115e-04
-8.656221383340708970e-04
-8.889276712933881410e-04
-9.015926287303002414e-04
-9.028003209379895522e-04
-9.037276297692608314e-04
-9.111783231068084623e-04
-9.213747356979248675e-04
-9.348294456717469881e-04
-9.577656581222056742e-04
-9.939744755303502391e-04
-1.043733309925353641e-03
-1.104380477433140190e-03
-1.170838489227712595e-03
-1.237135819785509325e-03
-1.298175248503223144e-03
-1.351315539732054691e-03
-1.397782965337095824e-03
-1.442032151973009473e-03
-1.487871515054024155e-03
-1.535311648734606974e-03
-1.581868070951713201e-03
-1.627396394392035660e-03
-1.675240316049245518e-03
-1.730574689999351840e-03
-1.797809923438316738e-03
-1.874365950680104099e-03
-1.953417518865392753e-03
-2.031886018858251007e-03
-2.109579485527431075e-03
-2.185489052771071462e-03
-2.253880913657958958e-03
-2.310241888522094212e-03
-2.363509190294087528e-03
-2.426648783145757011e-03
-2.498634349065340446e-03
-2.570724887915967240e-03
-2.643377146346956828e-03
-2.722634155717903667e-03
-2.810560469270722683e-03
-2.909024040817475773e-03
-3.018797719734818332e-03
-3.136322066473828593e-03
-3.258683320010117863e-03
-3.388236603536985778e-03
-3.532592759211307300e-03
-3.695843224336610357e-03
-3.873264200834588937e-03
-4.058447826149122820e-03
-4.248890499131033338e-03
-4.446067379531731291e-03
-4.652376381470845097e-03
-4.867874783246893891e-03
-5.090360234546736570e-03
-5.318025064609928181e-03
-5.547704573102204238e-03
-5.770580743396355738e-03
-5.979784325884576410e-03
-6.173450032067925169e-03
-6.345480388838439442e-03
-6.488689636341953698e-03
-6.602668576244782699e-03
-6.690506892105138603e-03
-6.751056073386381244e-03
-6.780030400392015807e-03
-6.777962563082217361e-03
-6.746089781928608052e-03
-6.676451384032709192e-03
-6.552344175196915012e-03
-6.360748854193860879e-03
-6.101841891639628659e-03
-5.782109370762678058e-03
-5.409172808277446128e-03
-4.990693764654790046e-03
-4.531976867017411051e-03
-4.039475344242574387e-03
-3.515438730350333666e-03
-2.952185072344585149e-03
-2.342408414146107849e-03
-1.686583465931834960e-03
-9.884327786899955396e-04
-2.489316297480336469e-04
5.305289751817474737e-04
1.346767140271308907e-03
2.202569654538234518e-03
3.098941052069854960e-03
4.024574467765478641e-03
4.966573173748147114e-03
5.917774925882793823e-03
6.880059421475108287e-03
7.866824687929525536e-03
8.886350464086071113e-03
9.930775077856938970e-03
1.098511336476025793e-02
1.204038507309295770e-02
1.309698622565110514e-02
1.415222267704387832e-02
1.520144355640394747e-02
1.624394309184323468e-02
1.727109428822809489e-02
1.826952570443226079e-02
1.923332190650509782e-02
2.016647940909971695e-02
2.107684324194554482e-02
2.196644303451922992e-02
2.283737326835571721e-02
2.368852281787624942e-02
2.450700349111007217e-02
2.527924823727851003e-02
2.599171913536989578e-02
2.663197596267345701e-02
2.719742244412158907e-02
2.769268839554415301e-02
2.812502510345381290e-02
2.849534790032168599e-02
2.879756297777701438e-02
2.902557640706949355e-02
2.917311087729985986e-02
2.923682008851239550e-02
2.921494531976471729e-02
2.910717221003831373e-02
2.891768259071210087e-02
2.864951731374359642e-02
2.830260678809561753e-02
2.787189409961099082e-02
2.735077108279673416e-02
2.674132698441024358e-02
2.605099969256579814e-02
2.528580390161058386e-02
2.444944213263873165e-02
2.354578305886229420e-02
2.257960447299753315e-02
2.155066938639754043e-02
2.045361004118452161e-02
1.928584622431196369e-02
1.805519684772194031e-02
1.677623634386838161e-02
1.545717415727895262e-02
1.409854721154682640e-02
1.269896393329765852e-02
1.125383238517832160e-02
9.756192440963727674e-03
8.207347980385507405e-03
6.619388671374219595e-03
4.996476802152698127e-03
3.331069329226713036e-03
1.626820900683580411e-03
-1.002165421862809562e-04
-1.843477583196210558e-03
-3.609737105363467966e-03
-5.403582715958617569e-03
-7.216213346556124911e-03
-9.034613247636271230e-03
-1.085342070984163070e-02
-1.266478749281134235e-02
-1.446043199195279176e-02
-1.625324072213864268e-02
-1.806491498111716804e-02
-1.990260136260799465e-02
-2.176468684822436411e-02
-2.364862926763386733e-02
-2.555903922222437993e-02
-2.750533298331834728e-02
-2.948182625190227946e-02
-3.147829306385669518e-02
-3.349861689418676125e-02
-3.555227584948048719e-02
-3.764185356419523509e-02
-3.975147079199628508e-02
-4.185973011026380974e-02
-4.395701900307115439e-02
-4.602780468635522815e-02
-4.804773600123812133e-02
-4.999526421419130118e-02
-5.184520609323181595e-02
-5.356829714064188785e-02
-5.513813744142986861e-02
-5.653098023602426414e-02
-5.772285629956164232e-02
-5.869886657540180491e-02
-5.946215850789647595e-02
-6.002409196681774556e-02
-6.039293619536210966e-02
-6.056662307927741101e-02
-6.053431141279176642e-02
-6.029083900905839871e-02
-5.984333995202437140e-02
-5.920145411717545741e-02
-5.836825027855917919e-02
-5.735110250035850565e-02
-5.616766345875329192e-02
-5.482743129800837778e-02
-5.332323818419259370e-02
-5.164627004912641928e-02
-4.980577886302903212e-02
-4.782698813453663267e-02
-4.572186859015937854e-02
-4.347918203645535773e-02
-4.108862773400256962e-02
-3.855143054385807427e-02
-3.587278554349614124e-02
-3.306576379450262143e-02
-3.014598578543647295e-02
-2.711200457169648734e-02
-2.395466685575919213e-02
-2.068085232001678000e-02
-1.730613444553785046e-02
-1.384463274730990401e-02
-1.031473591570911987e-02
-6.730608433980142524e-03
-3.102427170408489018e-03
5.506806537651317722e-04
4.206904152722347814e-03
7.842937806911141549e-03
1.143102786298324548e-02
1.494479981566800009e-02
1.835990190374689121e-02
2.165568106286581973e-02
2.481353976792723126e-02
2.781835863574670664e-02
3.066028440942510785e-02
3.332568020777466888e-02
3.579854151601256224e-02
3.806310602798543274e-02
4.010819119328060123e-02
4.193849772965500128e-02
4.356831344147935048e-02
4.501501443574057459e-02
4.629283062970668966e-02
4.739791226031404847e-02
4.831312782575648140e-02
4.902620841025357584e-02
4.954020059946941806e-02
4.986913942999872396e-02
5.002881980121708094e-02
5.003005196298741797e-02
4.987160449962905334e-02
4.955818438484910909e-02
4.910289151009503833e-02
4.849086574909781955e-02
4.770116786730704828e-02
4.674285603489249791e-02
4.562088843155799600e-02
4.433207460860356247e-02
4.288870855137457555e-02
4.129254282592214470e-02
3.952425447807280529e-02
3.756445368146292541e-02
3.540656931372065247e-02
3.305558832886547338e-02
3.050439915115396930e-02
2.773410830426163362e-02
2.473746312532098049e-02
2.152417018634064649e-02
1.811847968281677171e-02
1.453808932100568441e-02
1.080269458667590214e-02
6.977815452231183116e-03
3.153745641032828281e-03
-6.031602721273752587e-04
-4.236144959537250718e-03
-7.669357623148360080e-03
-1.084739200671770536e-02
-1.376208424454475159e-02
-1.641804969623894550e-02
-1.882584284794869972e-02
-2.097429028530085199e-02
-2.281988566963485260e-02
-2.434560832566379923e-02
-2.555552918291464568e-02
-2.645940169788878540e-02
-2.708510711945993216e-02
-2.746277302126924266e-02
-2.762080597926685338e-02
-2.756960080593550202e-02
-2.729369128321308333e-02
-2.677364480496995450e-02
-2.599681351104690674e-02
-2.496313184615984310e-02
-2.368921331542535313e-02
-2.219338252571429262e-02
-2.046369252230032312e-02
-1.847494559694750141e-02
-1.622273427940795765e-02
-1.371719285007353545e-02
-1.097633619280347257e-02
-8.003904279612419209e-03
-4.786655661585047065e-03
-1.323927424164936164e-03
2.346472882852299133e-03
6.140819432919170616e-03
9.975841208232708035e-03
1.379225463436016715e-02
1.754835100344129956e-02
2.121449917134331231e-02
2.474800888329779444e-02
2.810235960670339969e-02
3.122996349679791478e-02
3.408939887898067289e-02
3.667509825432731935e-02
3.899735642127438728e-02
4.106604883850488441e-02
4.288450423815039908e-02
4.445082022795738413e-02
4.577695117909449246e-02
4.687093806115565087e-02
4.772392897374468090e-02
4.831779252803592578e-02
4.863344254335866257e-02
4.867037588297381395e-02
4.845230599318141318e-02
4.801233135707818483e-02
4.737094546999678912e-02
4.653286691160000987e-02
4.550116162737578851e-02
4.426878854487594633e-02
4.281246858533722943e-02
4.112887249807178208e-02
3.923903958651053098e-02
3.712987685678321992e-02
3.475916141398349701e-02
3.210970016195301147e-02
2.917349039739883243e-02
2.593242084596572919e-02
2.237776246661053736e-02
1.850971492851435571e-02
1.435436389142552907e-02
9.980144260176807003e-03
5.457952567327326900e-03
8.612232529390353216e-04
-3.712069150970635865e-03
-8.174963881051298259e-03
-1.244628305944200757e-02
-1.643856875538747889e-02
-2.009832953871382860e-02
-2.340345144828194501e-02
-2.634669016283592777e-02
-2.893231276196392421e-02
-3.115822341353044131e-02
-3.302197633693505080e-02
-3.453297077700825946e-02
-3.571186282105497795e-02
-3.658556803578198041e-02
-3.717078436393699697e-02
-3.746742754042475809e-02
-3.746590711022881881e-02
-3.716330139629645674e-02
-3.657873691072738992e-02
-3.573019183815821093e-02
-3.460895555474930579e-02
-3.320250186505242090e-02
-3.150616157743497958e-02
-2.951351972225330425e-02
-2.722483887709843328e-02
-2.464512612126520258e-02
-2.179285352604353951e-02
-1.870767788407324411e-02
-1.542251111276630483e-02
-1.197585672690303950e-02
-8.438062594164713603e-03
-4.886385359637287866e-03
-1.386615241029673764e-03
2.007486634520536540e-03
5.257670909726129375e-03
8.332548180647788780e-03
1.120135429349757017e-02
1.384180465949467857e-02
1.623575005153626155e-02
1.836728448594744309e-02
2.023506208635524398e-02
2.184911938372465640e-02
2.323366811896942358e-02
2.441331140626626026e-02
2.537506950541372139e-02
2.609072802447357994e-02
2.657645861568186732e-02
2.689840049640127365e-02
2.709009447379322547e-02
2.709109755154622684e-02
2.682909383861166452e-02
2.631154899137925357e-02
2.558536632522075832e-02
2.465603737293281528e-02
2.349255299898024216e-02
2.207238772721639708e-02
2.038622605188627687e-02
1.843409176358386942e-02
1.621229498324288157e-02
1.371018918248478186e-02
1.092425468672443729e-02
7.846121043919129789e-03
4.471619965320631183e-03
8.150299517425932568e-04
-3.097844543355958522e-03
-7.224037833387836165e-03
-1.150466041960098232e-02
-1.586189220765776842e-02
-2.020849035456857151e-02
-2.447214763735517870e-02
-2.858295102094280879e-02
-3.246671309292941537e-02
-3.606537409957193130e-02
-3.933732608804004632e-02
-4.224903395436585551e-02
-4.478635385874439601e-02
-4.695704833366802500e-02
-4.876992352474208980e-02
-5.023435076879964600e-02
-5.136959177009653432e-02
-5.218563365479474137e-02
-5.268488468545313302e-02
-5.289199748981757154e-02
-5.283506912869270072e-02
-5.250613705903482004e-02
-5.187436584688769059e-02
-5.091707255465941634e-02
-4.963002887301038585e-02
-4.803295420133227300e-02
-4.615181433006187300e-02
-4.398195926599419298e-02
-4.150128114123058376e-02
-3.869658029154552509e-02
-3.555192278560693336e-02
-3.206588727539537442e-02
-2.828199455170841287e-02
-2.429310844657316462e-02
-2.021327689465954661e-02
-1.611697972259694411e-02
-1.204689866016228628e-02
-8.049570040863963938e-03
-4.159839008829928353e-03
-4.218424435986686664e-04
3.103678263492440879e-03
6.376738499392829891e-03
9.375860890343642312e-03
1.209954328742812203e-02
1.456282613661515415e-02
1.676494909743796516e-02
1.870374514152694373e-02
2.040794181853152270e-02
2.191460012038335889e-02
2.321986637847104490e-02
2.428734517931030804e-02
2.510154594760343610e-02
2.566433029292780957e-02
2.598055774063929430e-02
2.607352510903516996e-02
2.595478736398303121e-02
2.561341514697104693e-02
2.505468639691526764e-02
2.429026414798669820e-02
2.330840252745017965e-02
2.208918087815977052e-02
2.062740524537674466e-02
1.892206832829331983e-02
1.697512391314113731e-02
1.479366583502874678e-02
1.235777596857391518e-02
9.642032641755511613e-03
6.648775604071610439e-03
3.369386029104325976e-03
-1.986998536430194067e-04
-3.995423252100130385e-03
-7.922175281594541138e-03
-1.188940677110638007e-02
-1.582184927991030915e-02
-1.964767001195230275e-02
-2.329848667199305515e-02
-2.670206944362513157e-02
-2.978706585390304695e-02
-3.251126212500655976e-02
-3.486084372509326568e-02
-3.683141318863380337e-02
-3.842668069378963464e-02
-3.966946895464994877e-02
-4.059516890470907940e-02
-4.122541663582902915e-02
-4.157148401674080895e-02
-4.164726031530634892e-02
-4.145341521092463927e-02
-4.096848185877099285e-02
-4.017484753219096455e-02
-3.908266683619732174e-02
-3.770958729348102001e-02
-3.606394750586577186e-02
-3.415733541892309461e-02
-3.198927421344693878e-02
-2.952508270210058364e-02
-2.672588716803307382e-02
-2.357095229810260081e-02
-2.005388317973401738e-02
-1.621545585339763049e-02
-1.213957818148951595e-02
-7.918715601836500556e-03
-3.652879040277537750e-03
5.888127549044234500e-04
4.769683271521938002e-03
8.844790943071624209e-03
1.276940483070775241e-02
1.648798225608563359e-02
1.994557276630909773e-02
2.312493026066923460e-02
2.603433088787013988e-02
2.868729122729494693e-02
3.108473865299257385e-02
3.322098808936112257e-02
3.510536952167146035e-02
3.676865458229363476e-02
3.824782945016383384e-02
3.953679758864992594e-02
4.058798718646040860e-02
4.136297962931350519e-02
4.184209691666365000e-02
4.203663228530658130e-02
4.200825315404314864e-02
4.180333342453559919e-02
4.138479805210378004e-02
4.069656989852810103e-02
3.972498546379768514e-02
3.847537730521003591e-02
3.696409451744304964e-02
3.521544140915242038e-02
3.325028217325518010e-02
3.106605800952275814e-02
2.862754360152822489e-02
2.590222363271734926e-02
2.287804930110034704e-02
1.956219907569950803e-02
1.596978438137813469e-02
1.212892250659648556e-02
8.116472665018820837e-03
4.021768573576361971e-03
-8.652619111914724623e-05
-4.139055448278334583e-03
-8.072810947239385596e-03
-1.181677413539147271e-02
-1.528742092211819378e-02
-1.842038795072623372e-02
-2.118693183814458758e-02
-2.359923164528680145e-02
-2.567381322370047847e-02
-2.740942703068490263e-02
-2.881732843693786753e-02
-2.992102297899945987e-02
-3.073121395707212322e-02
-3.125557841576793311e-02
-3.151684259876343097e-02
-3.152293939533297451e-02
-3.125573173688522832e-02
-3.070544994817522855e-02
-2.987271264753291189e-02
-2.875378165274963468e-02
-2.734318257130446267e-02
-2.564863036907881824e-02
-2.368162377932366350e-02
-2.142506260362380191e-02
-1.884182812894054024e-02
-1.590650798188534415e-02
-1.262748497244586300e-02
-9.055136702262732429e-03
-5.277384022215791254e-03
-1.400484994940215302e-03
2.490146294443960039e-03
6.342397316648291407e-03
1.012119315353729627e-02
1.379353309525891205e-02
1.731242907505742973e-02
2.061349995761883880e-02
2.364124643815512794e-02
2.638553370767911244e-02
2.887391016489977702e-02
3.113073829041462445e-02
3.315707555020083047e-02
3.494077337653399978e-02
3.647397314480826241e-02
3.775503199551583089e-02
3.879987351763277553e-02
3.963822562222407697e-02
4.024701771635747632e-02
4.052408481048072608e-02
4.038921720662902448e-02
3.989868117216453791e-02
3.920812473716156488e-02
3.839279549117889656e-02
3.738230646646738264e-02
3.612122364888162296e-02
3.463657806121002436e-02
3.293224414883791362e-02
3.099053850444469238e-02
2.883369548612731842e-02
2.649941744587268333e-02
2.398319192363222718e-02
2.123404985851805662e-02
1.822456307740212209e-02
1.495614676188880554e-02
1.143278152190300989e-02
7.688555406811539011e-03
3.769142189823521116e-03
-2.583905072448148882e-04
-4.300637641858066212e-03
-8.294703595901101525e-03
-1.217720465417816353e-02
-1.587287266395485605e-02
-1.931913573358197411e-02
-2.244882925286841371e-02
-2.522202072026856479e-02
-2.762370956883343151e-02
-2.965099666978710663e-02
-3.133396860042268056e-02
-3.270118205739585421e-02
-3.375473814029841119e-02
-3.448905459593151757e-02
-3.492639619171337279e-02
-3.510116786849914322e-02
-3.502463098783797218e-02
-3.469855491915904699e-02
-3.408976907350408370e-02
-3.316123993964639055e-02
-3.194190543751376093e-02
-3.047068706948702702e-02
-2.874028244906434715e-02
-2.672095225958960943e-02
-2.438877259379652190e-02
-2.171240890301246590e-02
-1.865838711443919273e-02
-1.523785156899926281e-02
-1.149906501015554236e-02
-7.508232639105625293e-03
-3.364226979197843578e-03
8.234798396969682157e-04
4.987433876654875746e-03
9.091107607422767647e-03
1.308249077840712045e-02
1.690597198642635607e-02
2.050212244103453985e-02
2.380977133826205766e-02
2.681047056005963353e-02
2.952451380778370674e-02
3.198331079684622186e-02
3.420293230772134679e-02
3.617198619962715828e-02
3.788672587425386679e-02
3.936149146504509810e-02
4.060413588160022985e-02
4.161197941667276606e-02
4.238234076871888467e-02
4.290961424790772083e-02
4.318340113546247777e-02
4.320513725829676355e-02
4.298492145307029194e-02
4.253033263188379931e-02
4.184756295991007985e-02
4.091807059972705357e-02
3.971009759024975855e-02
3.821875034858767534e-02
3.644459197978577175e-02
3.439898707829993491e-02
3.211423308862173392e-02
2.959040446817235576e-02
2.681426767727536353e-02
2.379304305794171376e-02
2.051562041266283276e-02
1.694931185209659977e-02
1.308331623871280755e-02
8.960830560168997483e-03
4.667873921770480591e-03
3.037031508876066651e-04
-4.037933225728210923e-03
-8.283927939620962591e-03
-1.238417589377750240e-02
-1.630105663066083385e-02
-1.997994430834428015e-02
-2.335458729513835083e-02
-2.638136216490963998e-02
-2.903184142253750419e-02
-3.130542997961217183e-02
-3.323263516525568756e-02
-3.482996237218969476e-02
-3.610501048484531655e-02
-3.708384587536828897e-02
-3.779785987336475861e-02
-3.826340083689452193e-02
-3.847858270699894973e-02
-3.843521753660484458e-02
-3.812576199227660223e-02
-3.752547421235532393e-02
-3.660235983007321253e-02
-3.536514026282285006e-02
-3.383947415258372476e-02
-3.201539705406025033e-02
-2.985459944935052456e-02
-2.730930370582492633e-02
-2.435523786813525646e-02
-2.100904208667828121e-02
-1.732735022709894906e-02
-1.342778919181799972e-02
-9.449297667005812293e-03
-5.490197555725793120e-03
-1.600999679220917876e-03
2.205280545330449635e-03
5.901331559955822273e-03
9.417643852906248947e-03
1.269230772927807879e-02
1.568882184035996427e-02
1.839906500329187983e-02
2.085041185188912100e-02
2.306630679483266666e-02
2.504982161989095443e-02
2.679242076092610420e-02
2.829382914913920050e-02
2.958876300028590381e-02
3.070655726373300656e-02
3.163413763310619214e-02
3.233030835908935752e-02
3.276716299287982248e-02
3.297958060069629965e-02
3.300016518213644973e-02
3.277996913536240786e-02
3.227588791856152856e-02
3.151087608214230701e-02
3.048431830418977043e-02
2.916076034134177514e-02
2.754857192598669097e-02
2.567412577510345961e-02
2.354589626717170162e-02
2.117396574303336346e-02
1.855839004562563968e-02
1.569101970999946596e-02
1.257289650859949245e-02
9.213636427743733537e-03
5.613654881697973352e-03
1.757722795587175974e-03
-2.335592105012583748e-03
-6.580761163325598781e-03
-1.086524022696452874e-02
-1.510281072225138667e-02
-1.922625466860137036e-02
-2.316619517130125497e-02
-2.686669775255210585e-02
-3.027516320194469784e-02
-3.334296942578345718e-02
-3.604708390965025849e-02
-3.838589124097393362e-02
-4.036695471471734437e-02
-4.199500441963299052e-02
-4.329644348600417136e-02
-4.431073722075224569e-02
-4.504886371649427512e-02
-4.551888059901576522e-02
-4.572935092839395393e-02
-4.566827691772099712e-02
-4.530754654255535890e-02
-4.461704823316842844e-02
-4.359918357878289630e-02
-4.228540807956739783e-02
-4.070548508421252543e-02
-3.885760472924226078e-02
-3.669600230303480398e-02
-3.417801552972002388e-02
-3.128593925135413067e-02
-2.801481583252119281e-02
-2.439958540221833644e-02
-2.052333297135983461e-02
-1.648313510017832689e-02
-1.237564085114207374e-02
-8.273816266627910532e-03
-4.206882861443076924e-03
-2.170591761891921387e-04
3.617448105850137353e-03
7.224936605436346401e-03
1.054757485493885982e-02
1.356857556318857676e-02
1.632825351443665043e-02
1.886139354001398205e-02
2.116219079742670886e-02
2.320832944547048665e-02
2.498912237277353329e-02
2.652497553981498710e-02
2.785699094709499432e-02
2.900401030769488020e-02
2.994226806031763735e-02
3.063200187620383069e-02
3.104431757466782210e-02
3.117566776918243715e-02
3.106179636791417398e-02
3.073779498155603668e-02
3.018465193891809589e-02
2.936677891045753191e-02
2.827803233091597326e-02
2.693065174822866989e-02
2.534090678520666690e-02
2.351720284187620857e-02
2.146315534920997109e-02
1.918880607332494256e-02
1.671045534293345153e-02
1.403432355998258593e-02
1.112981691730207702e-02
7.965902698173085716e-03
4.571428728873887237e-03
1.003031561452013935e-03
-2.703033550779330649e-03
-6.498605087031241768e-03
-1.030531672415856831e-02
-1.404766017621464878e-02
-1.765730500074213713e-02
-2.107510571520996787e-02
-2.425451807926913561e-02
-2.714769596122417264e-02
-2.971242754088807003e-02
-3.190546594448759321e-02
-3.369833783377258751e-02
-3.512091675788755335e-02
-3.622520281047954260e-02
-3.703686234188336562e-02
-3.757455275161429575e-02
-3.786510765622551344e-02
-3.792744642774619618e-02
-3.776676180068457706e-02
-3.737360342915800604e-02
-3.670949177913375439e-02
-3.572499204029484093e-02
-3.441460234905559940e-02
-3.282831152791530760e-02
-3.100273572187397728e-02
-2.890988127685863857e-02
-2.649543854856236183e-02
-2.370780352802268759e-02
-2.050613637983916132e-02
-1.690513074894398407e-02
-1.299125430380678077e-02
-8.887426491596009046e-03
-4.701841770786654127e-03
-5.090876443516538204e-04
3.628441638795166114e-03
7.658894062375400276e-03
1.154046067559992908e-02
1.522409309884196170e-02
1.865092412993890961e-02
2.177981195242563797e-02
2.461685275513914029e-02
2.719053182485963935e-02
2.951870810902689976e-02
3.160026159713485994e-02
3.342400624927979041e-02
3.499756292950003539e-02
3.633940277365330096e-02
3.746412366166148450e-02
3.837385338153292275e-02
3.903354610585477863e-02
3.939174197384714970e-02
3.942025334180521146e-02
3.914027452605398083e-02
3.861326047728341759e-02
3.786388424916509871e-02
3.684600937224562917e-02
3.553505390265265101e-02
3.397700475584945756e-02
3.218737020399244780e-02
3.015089573466239389e-02
2.790065463375170432e-02
2.545006218285614241e-02
2.278199528013643074e-02
1.990715193478170136e-02
1.683822027518784917e-02
1.357420513592104069e-02
1.008739979573346907e-02
6.359652159311814969e-03
2.444213917751830462e-03
-1.580108719341097962e-03
-5.644322393577554456e-03
-9.670813327176661089e-03
-1.358594848012062428e-02
-1.733524985471399452e-02
-2.086592692191396523e-02
-2.411513872053044905e-02
-2.702729614378742221e-02
-2.956419365114556705e-02
-3.172067381365306638e-02
-3.352439826974693698e-02
-3.499929968468656893e-02
-3.616352829970416460e-02
-3.703665239899122524e-02
-3.762935750233168536e-02
-3.794961007850117946e-02
-3.800653868267849650e-02
-3.780524591161954495e-02
-3.734278621426650319e-02
-3.661385345759317345e-02
-3.561121932691770076e-02
-3.431999098658580771e-02
-3.273415226575196457e-02
-3.085512103387127655e-02
-2.866671967813753594e-02
-2.614101127229643065e-02
-2.325659043456559591e-02
-2.000498565114489091e-02
-1.641541210362855441e-02
-1.257045995564122672e-02
-8.565081330360128573e-03
-4.484174024183351995e-03
-4.108516410946066555e-04
3.592998646210141412e-03
7.478155838798242021e-03
1.118966507949432400e-02
1.467444163239601217e-02
1.788630725725126255e-02
2.080889273263359859e-02
2.346134033690402618e-02
2.587311469163934563e-02
2.805847882415900274e-02
3.000829941537287021e-02
3.170841993681553644e-02
3.314739673609925358e-02
3.433328865543076175e-02
3.529263098991927000e-02
3.603669477316344405e-02
3.658320524500865284e-02
3.697479591636616825e-02
3.722543452596320523e-02
3.726476026926550666e-02
3.699253824444311695e-02
3.639201432640858797e-02
3.550094132528018587e-02
3.433533681225787310e-02
3.290061553928005922e-02
3.119178433859864583e-02
2.920834160708967939e-02
2.697256205212678754e-02
2.448482911772742465e-02
2.173361759177705119e-02
1.874050614765978423e-02
1.552802295794993535e-02
1.209358126432575828e-02
8.417810422343591920e-03
4.487515427795452788e-03
3.436805634793959718e-04
-3.921675527668564559e-03
-8.201922189109983261e-03
-1.240255097781138571e-02
-1.645628415460626340e-02
-2.030554113793719626e-02
-2.389868865937792158e-02
-2.718584545953416434e-02
-3.011390294121264050e-02
-3.264678815658247912e-02
-3.477717459826205199e-02
-3.653455104313887980e-02
-3.796321199436740457e-02
-3.909252454219395295e-02
-3.993745183492532214e-02
-4.050822124551813064e-02
-4.082237916745407730e-02
-4.089766455521468003e-02
-4.074353264699970278e-02
-4.034377526590850888e-02
-3.966591551022750212e-02
-3.870997884210509304e-02
-3.749377899598999725e-02
-3.602140552623445818e-02
-3.427044051321394974e-02
-3.219180231022317901e-02
-2.974955590688515075e-02
-2.693684345267744959e-02
-2.375910797070372379e-02
-2.023403357782908862e-02
-1.643483817884524786e-02
-1.248765511062560098e-02
-8.499166666575509038e-03
-4.544543874132942092e-03
-6.795755930461118638e-04
3.056896064185281574e-03
6.621377809404404083e-03
9.960740042905954009e-03
1.303439999405730035e-02
1.583574907957209857e-02
1.837417366746189190e-02
2.066595109899194149e-02
2.272811429992284762e-02
2.456839339261092728e-02
2.620827487252890345e-02
2.766386207189478613e-02
2.892345433952132547e-02
2.996355445960802513e-02
3.077137001874514360e-02
3.135986907415943409e-02
3.172207196404791540e-02
3.181675555111444093e-02
3.162351154431088107e-02
3.114267189620525608e-02
3.035071934940383742e-02
2.923340736981277707e-02
2.784311061692513328e-02
2.622578528872478165e-02
2.437416523987418621e-02
2.229301546642432907e-02
1.999672298034324211e-02
1.749358085032983595e-02
1.480346505692518161e-02
1.193165527241617750e-02
8.853039340675711646e-03
5.540084401053902569e-03
2.004120908820705618e-03
-1.696073003633858821e-03
-5.498471590405552140e-03
-9.348388120508170293e-03
-1.317395253646061470e-02
-1.691034611141176147e-02
-2.050433626237814499e-02
-2.389546863723046241e-02
-2.702748737989054198e-02
-2.984121776068469553e-02
-3.229436307774152110e-02
-3.437883509728202613e-02
-3.609685661312366650e-02
-3.746314851376600363e-02
-3.849838806748621250e-02
-3.922836820269249430e-02
-3.967404036297565717e-02
-3.983159976984986667e-02
-3.971176586412174941e-02
-3.934128156092123879e-02
-3.872652433807168698e-02
-3.785123942919293299e-02
-3.668332678281711889e-02
-3.520623025894011743e-02
-3.343482721586289036e-02
-3.137414758123877739e-02
-2.900305562043219154e-02
-2.631000700343080062e-02
-2.328040887662977121e-02
-1.987863477852280791e-02
-1.610357326392280672e-02
-1.201729212770538333e-02
-7.732921845670535574e-03
-3.378358289611432200e-03
9.566918928478458607e-04
5.213310762204069471e-03
9.335365062172237827e-03
1.327158000652271970e-02
1.697764996373425997e-02
2.040948644127714082e-02
2.354431619035199375e-02
2.640190229834443042e-02
2.900923753473272013e-02
3.138128641015514725e-02
3.352906166108091113e-02
3.544553960560981043e-02
3.710767169737072546e-02
3.851573476215803399e-02
3.970007636697053116e-02
4.065413588644317677e-02
4.132316989321952599e-02
4.167650147370259572e-02
4.175111762842745322e-02
4.160104563765894964e-02
4.120087691192506757e-02
4.052188693297251870e-02
3.961641826809171596e-02
3.848271980747616089e-02
3.706557067924490245e-02
3.537494252033251269e-02
3.342607654777945969e-02
3.122468282789662292e-02
2.880907971359968761e-02
2.618413768272477224e-02
2.332975972535012918e-02
2.024067481053576020e-02
1.689694430093527724e-02
1.328227579838444326e-02
9.394516148009207646e-03
5.281362251504226682e-03
1.067346186899602398e-03
-3.138074303750162854e-03
-7.257120202486786603e-03
-1.122316941531115858e-02
-1.499796257263530386e-02
-1.853207711167665847e-02
-2.176616828534259571e-02
-2.464870501924302376e-02
-2.714490416345464660e-02
-2.926773451325861627e-02
-3.105782334140253301e-02
-3.254441604856446457e-02
-3.373511371679998455e-02
-3.462908330842138366e-02
-3.523158761406280232e-02
-3.556324138465766227e-02
-3.564051364389491522e-02
-3.544796296700686300e-02
-3.496447243420584827e-02
-3.417422467475215997e-02
-3.307743066640853741e-02
-3.169324098171570625e-02
-3.001868816163906148e-02
-2.804300323109992776e-02
-2.574644876297991353e-02
-2.308840741984680839e-02
-2.004984109454158864e-02
-1.663868087087763334e-02
-1.290130112366828959e-02
-8.938309910769248398e-03
-4.859417076397466034e-03
-7.517914267587025128e-04
3.307300325478614543e-03
7.255632351776747195e-03
1.105356359681911385e-02
1.465680756374456578e-02
1.801845099059909763e-02
2.110435664108030809e-02
2.389541471799896954e-02
2.640348182402417129e-02
2.865177873529343305e-02
3.064773390615416204e-02
3.238430461145021949e-02
3.384812809410961409e-02
3.504162656945580823e-02
3.599796947327425084e-02
3.675693200503389602e-02
3.730957859464140852e-02
3.762084944047975471e-02
3.770314590663797344e-02
3.757233402042087916e-02
3.721044240332761766e-02
3.662177157136402295e-02
3.581181796049111993e-02
3.475298847073470671e-02
3.343416919892750611e-02
3.186400977145290719e-02
3.004756214537097903e-02
2.800308068441040299e-02
2.574047770634337387e-02
2.324931075408152165e-02
2.053584834799646389e-02
1.760703737683686279e-02
1.444004378128073071e-02
1.101531297926935070e-02
7.350262577528698243e-03
3.495990218039590758e-03
-4.750977924358853110e-04
-4.486735112079073828e-03
-8.473312640550768882e-03
-1.236749491931624090e-02
-1.609365945675057114e-02
-1.958956767891719894e-02
-2.280918546293428731e-02
-2.571451066631437465e-02
-2.828042537372138163e-02
-3.049291505597898078e-02
-3.235348256923026994e-02
-3.387984417164043721e-02
-3.508977873101916389e-02
-3.599340221834342046e-02
-3.659707610283609303e-02
-3.692198082315238661e-02
-3.699942726771845991e-02
-3.683008932931273322e-02
-3.638843860140431041e-02
-3.566123554206752228e-02
-3.465071827619564671e-02
-3.336048570069610059e-02
-3.179530662183694539e-02
-2.995186007978685797e-02
-2.780670947419044969e-02
-2.534299033868636988e-02
-2.255485077691778834e-02
-1.942466641096151844e-02
-1.595809374593961175e-02
-1.221818899380308111e-02
-8.306599923169693048e-03
-4.329362806576884069e-03
-3.727769780156923139e-04
3.500554269404509457e-03
7.245290354338716939e-03
1.081741367534206320e-02
1.416899801086665862e-02
1.725534297312145485e-02
2.005153254449283662e-02
2.256904809865216063e-02
2.482586153185502645e-02
2.682498826481842513e-02
2.857190727985411266e-02
3.008650461598996045e-02
3.139177046748422434e-02
3.247936082223497334e-02
3.333124314401450516e-02
3.395780056656107215e-02
3.436429525496651621e-02
3.454130882554895532e-02
3.448674434015681911e-02
3.419149513617237429e-02
3.364511664515046352e-02
3.285367699410813441e-02
3.180845398121903700e-02
3.049324353460918999e-02
2.891850895458436543e-02
2.708770166589764827e-02
2.500111535013970279e-02
2.268157814017121229e-02
2.014903337438915878e-02
1.741681912115471825e-02
1.449024361977931108e-02
1.137030623719071862e-02
8.058114695671110897e-03
4.535502497325422447e-03
7.924735180477684472e-04
-3.128961481142204619e-03
-7.137850599084208728e-03
-1.112907987242752784e-02
-1.501614089952975697e-02
-1.874299697987194882e-02
-2.226926538102416350e-02
-2.554255459401349668e-02
-2.850953420433816748e-02
-3.112821062102692771e-02
-3.336866085781175356e-02
-3.523588301852219329e-02
-3.675307736086743521e-02
-3.793775989572611973e-02
-3.880387918402614794e-02
-3.935570416225089851e-02
-3.960324897617360090e-02
-3.957406939279062286e-02
-3.929630660860772284e-02
-3.878210992354227948e-02
-3.802111246322044391e-02
-3.698302897796972022e-02
-3.564348966702293037e-02
-3.401905949356467257e-02
-3.213260438887697440e-02
-2.996717188052371375e-02
-2.749307291121225877e-02
-2.467466026855169928e-02
-2.147114824821640122e-02
-1.787755191582578868e-02
-1.393324805824869457e-02
-9.724751955529305214e-03
-5.383706528401807807e-03
-1.038959835332208892e-03
3.217565515581151045e-03
7.340879418307818746e-03
1.131736062159355641e-02
1.511739911431689461e-02
1.868548287905765284e-02
2.196918896487074294e-02
2.494676911336846103e-02
2.763432956794120363e-02
3.006320566993345850e-02
3.225920824485234428e-02
3.423134542113280554e-02
3.597023120218138803e-02
3.746626812712003374e-02
3.872570578214575010e-02
3.975643393098014788e-02
4.054192188947482872e-02
4.105806428103468686e-02
4.129992009572461958e-02
4.127317237948217865e-02
4.098595129446541002e-02
4.044488373263975534e-02
3.964356335083311922e-02
3.855858560178238026e-02
3.718296437895091816e-02
3.555550625264737585e-02
3.370576619211389929e-02
3.161983613197213994e-02
2.929415266576865587e-02
2.674299053090271189e-02
2.397320592880550563e-02
2.098735293069691615e-02
1.776305178248084593e-02
1.427604234338449712e-02
1.055664873478867269e-02
6.667604654823668098e-03
2.679168062096268666e-03
-1.334841809469240357e-03
-5.316864648968939490e-03
-9.208883543758693627e-03
-1.293806442609347039e-02
-1.643924182130074990e-02
-1.966446531348175000e-02
-2.256661873741322433e-02
-2.510816320996358403e-02
-2.728808609582049002e-02
-2.911649331692749490e-02
-3.059652456481838298e-02
-3.174186618216893324e-02
-3.257541979024029810e-02
-3.312555582220581829e-02
-3.340914302948917031e-02
-3.342928817660435759e-02
-3.319909058624328363e-02
-3.273013097130019616e-02
-3.200954780561030694e-02
-3.100598112345773899e-02
-2.970100755502871892e-02
-2.809849452971715025e-02
-2.619455421720783689e-02
-2.396286352601452105e-02
-2.137816420073926360e-02
-1.843818869179351602e-02
-1.514113989519266963e-02
-1.149734208553419151e-02
-7.575666897497180738e-03
-3.481626487395123211e-03
6.714556758956538455e-04
4.782951826161715124e-03
8.788204024289229463e-03
1.264368375905912910e-02
1.632085903031783164e-02
1.978705810599924036e-02
2.298585964310078875e-02
2.588044416931274336e-02
2.848622011477189991e-02
3.083549575855372080e-02
3.293358001304794863e-02
3.477415299600115917e-02
3.636774203680035594e-02
3.772163928397918864e-02
3.882187011271716337e-02
3.965923003073831832e-02
4.024528000467655908e-02
4.058141880068711488e-02
4.065648916580999472e-02
4.048134142517996470e-02
4.007754859208381704e-02
3.944536621322975584e-02
3.856474158395837432e-02
3.741517055623183596e-02
3.598752541145396749e-02
3.428193532135002247e-02
3.230647803175033111e-02
3.007566063122696018e-02
2.760191649210502057e-02
2.489867656218029343e-02
2.197918881506795083e-02
1.884287885055446060e-02
1.549596878494275548e-02
1.194768222796261173e-02
8.175665008474889556e-03
4.171582205397353707e-03
-1.261347660141518988e-05
-4.286579588714456088e-03
-8.552946338276497598e-03
-1.273164372896858770e-02
-1.675589185072855203e-02
-2.056630709307328414e-02
-2.411255138663366202e-02
-2.734340842071272468e-02
-3.021554308605337719e-02
-3.271225953763867711e-02
-3.484495349171869844e-02
-3.662407140807964756e-02
-3.805172218546218343e-02
-3.915355151459243982e-02
-3.996272634022125098e-02
-4.049889117211874501e-02
-4.079320828909248353e-02
-4.087449647693087301e-02
-4.074088002969403904e-02
-4.037276238059295946e-02
-3.972630817128165737e-02
-3.875736068722469146e-02
-3.749056737141789886e-02
-3.596876404861149706e-02
-3.416884882025516407e-02
-3.203144761835302612e-02
-2.950539226548480609e-02
-2.658185328846282558e-02
-2.329243756215129690e-02
-1.966730638150978108e-02
-1.576955938706307153e-02
-1.172912263603473684e-02
-7.673784687534597297e-03
-3.663514725880934880e-03
2.756656156835663287e-04
4.094491825141178057e-03
7.731024738400852150e-03
1.112162533401307198e-02
1.421190574133120686e-02
1.699690281423798036e-02
1.950541682656792286e-02
2.176840703237288913e-02
2.380737770878105578e-02
2.562016143540237975e-02
2.720828616374728476e-02
2.858271774227383669e-02
2.973096608589964607e-02
3.062720751847595665e-02
3.125331243677799409e-02
3.160170128414580004e-02
3.168130087246701782e-02
3.151434936375958201e-02
3.111838359977284890e-02
3.051782704331676768e-02
2.974123746501168911e-02
2.874455099256520429e-02
2.743916930394384168e-02
2.581694019260059175e-02
2.391896161911228474e-02
2.176303801176353303e-02
1.937122675962679383e-02
1.675758843489893318e-02
1.390662461982875887e-02
1.081519157748989449e-02
7.493085645121471891e-03
3.937864233864715041e-03
1.631036025575409183e-04
-3.786735962543549914e-03
-7.851764310019574908e-03
-1.196147327954374430e-02
-1.604937708756975362e-02
-2.005159114665883147e-02
-2.389299682663934346e-02
-2.750732411298088820e-02
-3.084898882143806420e-02
-3.388230572694685833e-02
-3.658092412822912254e-02
-3.893013173461255805e-02
-4.092747199406465697e-02
-4.257720187537248485e-02
-4.388641863724127012e-02
-4.487425384662756256e-02
-4.556344525384609795e-02
-4.597185398162013242e-02
-4.612507081691896021e-02
-4.603468550470118242e-02
-4.567803712841542879e-02
-4.503195888111848066e-02
-4.408713877164591871e-02
-4.284301472167056229e-02
-4.132146140032584569e-02
-3.953857164299288268e-02
-3.745884805406202861e-02
-3.502130260997367989e-02
-3.218927646110807117e-02
-2.896531231320548586e-02
-2.539943170743165848e-02
-2.157069374764872260e-02
-1.756781386970197867e-02
-1.351016949765032095e-02
-9.502876601960417655e-03
-5.580285036191806429e-03
-1.767402072161148099e-03
1.881448240590305248e-03
5.308931869584802843e-03
8.457129035751829310e-03
1.129684055468420899e-02
1.385390562871221046e-02
1.616682507100674834e-02
1.825093674643141900e-02
2.010905431973402865e-02
2.173804424135561061e-02
2.312693794216379509e-02
2.427253674073918607e-02
2.518414893467916388e-02
2.586614312194842127e-02
2.631776477401893272e-02
2.655161940120599404e-02
2.657336197514672746e-02
2.634644491268533714e-02
2.583123024481622648e-02
2.501903905435979777e-02
2.391091562614106047e-02
2.252430791114540254e-02
2.087777607557270501e-02
1.897884388651270224e-02
1.685600817707275101e-02
1.452302875046863548e-02
1.197138432953352531e-02
9.217760806920266906e-03
6.273738681257123688e-03
3.144759652062934906e-03
-1.640203567411333159e-04
-3.685321867533103164e-03
-7.432047707752880393e-03
-1.135471514382383439e-02
-1.536836530599665178e-02
-1.936872826710197767e-02
-2.326681969175433545e-02
-2.698741059685886429e-02
-3.047281755350270821e-02
-3.369058559961572025e-02
-3.659786898118297382e-02
-3.916519703647500239e-02
-4.138083063982348625e-02
-4.323301229236638926e-02
-4.473105938178047886e-02
-4.588847869488722753e-02
-4.672612509505016248e-02
-4.727276256394449816e-02
-4.754352940671931205e-02
-4.754299791321357077e-02
-4.725841015329327460e-02
-4.667988577194932126e-02
-4.579964297322793726e-02
-4.459179668716375944e-02
-4.305994484914008741e-02
-4.124962440225977273e-02
-3.918542645929839335e-02
-3.685295686155825451e-02
-3.422181464987603117e-02
-3.123305432895562631e-02
-2.783196820816789471e-02
-2.403618369257945475e-02
-1.991884012748822499e-02
-1.556862531380298967e-02
-1.108207521690562566e-02
-6.566707025336731597e-03
-2.114696219565471817e-03
2.228264651587058380e-03
6.426838021204628153e-03
1.042365682615164699e-02
1.414570957168803482e-02
1.754169813873305769e-02
2.061990207734867506e-02
2.342104846952113018e-02
2.598081838936154575e-02
2.831030761844545787e-02
3.040558742776998391e-02
3.226707281446929837e-02
3.388482678368019696e-02
3.525096376570096418e-02
3.637074332233315721e-02
3.723447086356188734e-02
3.781809882363707659e-02
3.811615843849230217e-02
3.814653418904633692e-02
3.793038963462637414e-02
3.749034314949205998e-02
3.683163730884937009e-02
3.592327393668881541e-02
3.472872859049036531e-02
3.324667712304151673e-02
3.150270351763063276e-02
2.949518378996811990e-02
2.721529357721500647e-02
2.467793165828864946e-02
2.186922663969341832e-02
1.877210427479651320e-02
1.540510124511172349e-02
1.179835699736586294e-02
7.999789457292591152e-03
4.048815922717179452e-03
-6.731478614722106153e-06
-4.074938969248561790e-03
-8.084805377120722267e-03
-1.197913445324528398e-02
-1.568361290277985043e-02
-1.914252346802166466e-02
-2.231417434535152428e-02
-2.517125641925153576e-02
-2.769741464027133254e-02
-2.987427017775514879e-02
-3.168822665199942656e-02
-3.313898860411802066e-02
-3.425609306527736125e-02
-3.506519850756512763e-02
-3.557987337083712287e-02
-3.582620447390084256e-02
-3.581070468910254462e-02
-3.552986312873925023e-02
-3.498191473073544722e-02
-3.415323561383866446e-02
-3.303459453801039364e-02
-3.162052471788677488e-02
-2.991925099155448228e-02
-2.793839858855057950e-02
-2.564210232463066258e-02
-2.297701179366660323e-02
-1.991974844069833647e-02
-1.648384419700281434e-02
-1.272270277894949411e-02
-8.722860266710572713e-03
-4.571431123337270017e-03
-3.542325193470801585e-04
3.847480538067250388e-03
7.974246356424366522e-03
1.196142898657434270e-02
1.574193410809647184e-02
1.926918636563493270e-02
2.250754192145474480e-02
2.544375879956814468e-02
2.809701965733521489e-02
3.048999329697473989e-02
3.262690753563138313e-02
3.451472061599233226e-02
3.616896405994057817e-02
3.759413985859588747e-02
3.879225567108368633e-02
3.976895809082003908e-02
4.051814552527027019e-02
4.101406328827764819e-02
4.123426177724873187e-02
4.117073774517662765e-02
4.081673086895923341e-02
4.017685755554020743e-02
3.925282267187721330e-02
3.804484753862077961e-02
3.658159936178330407e-02
3.487809286936653652e-02
3.292962731418087180e-02
3.075254297624885683e-02
2.835556061650739562e-02
2.574229185731638503e-02
2.292671473069483878e-02
1.989874360518468013e-02
1.666300969767327625e-02
1.325358385130301873e-02
9.660499503428364443e-03
5.859343478619476880e-03
1.886802997677149369e-03
-2.164134807176843877e-03
-6.191973361974879679e-03
-1.012116303334091756e-02
-1.388639210388135925e-02
-1.743851555907161704e-02
-2.074701435737168198e-02
-2.377153116212179368e-02
-2.646707163377536379e-02
-2.877796168821599235e-02
-3.067775728423673132e-02
-3.220720143667735180e-02
-3.340834540177219092e-02
-3.430253422949283010e-02
-3.490106207591410492e-02
-3.520518220547867727e-02
-3.522642933553054440e-02
-3.497542121529964576e-02
-3.445904401958253122e-02
-3.367431834257680195e-02
-3.260552394667457637e-02
-3.126585067573652010e-02
-2.968891889802986392e-02
-2.787689275906578973e-02
-2.578962430978738382e-02
-2.336934372731611434e-02
-2.056839085785980639e-02
-1.737042047348334728e-02
-1.378506281879263509e-02
-9.839944402510554175e-03
-5.626213227699279271e-03
-1.287725116305844927e-03
3.071429312543340687e-03
7.394234293547137515e-03
1.161962503201078266e-02
1.567755284352980241e-02
1.950106775266861533e-02
2.303720775007212646e-02
2.626581307933404871e-02
2.919888146040034577e-02
3.186340977625998216e-02
3.428232892914449131e-02
3.645262390413497172e-02
3.836216111091572678e-02
4.001654149568510677e-02
4.143225565375485003e-02
4.262641976328331028e-02
4.360067231828800016e-02
4.434565038395126002e-02
4.487280418609743832e-02
4.520731144135297502e-02
4.533253328680248578e-02
4.518249801460529069e-02
4.471368030257032861e-02
4.392317073548385881e-02
4.284308795100052331e-02
4.154382538388033674e-02
4.002404549217888907e-02
3.820298581403022697e-02
3.608421289093804302e-02
3.372540976767952198e-02
3.112415815677155306e-02
2.828964072112712461e-02
2.525180902550999348e-02
2.197718734846913768e-02
1.843314529573118407e-02
1.465368960530897928e-02
1.069669436000897540e-02
6.618275060461123807e-03
2.479270835841098589e-03
-1.643767277305515761e-03
-5.683917344317872961e-03
-9.589688633490573225e-03
-1.329716554767904069e-02
-1.675321399884898560e-02
-1.990405820350135691e-02
-2.269768654964379392e-02
-2.511646775504522075e-02
-2.715083968282711036e-02
-2.882232956593737405e-02
-3.017186755574146478e-02
-3.121339836112187530e-02
-3.196228185476822359e-02
-3.243502744466409543e-02
-3.266012429339953255e-02
-3.266979514966637799e-02
-3.245993622335599516e-02
-3.200518405194554411e-02
-3.126869032829084072e-02
-3.023386244965193398e-02
-2.891382697379301508e-02
-2.730183738242205477e-02
-2.535718076631727699e-02
-2.304332483728007211e-02
-2.036005777448079632e-02
-1.730895905208714933e-02
-1.390238862746990232e-02
-1.019759561489908331e-02
-6.289633606873944530e-03
-2.314881926453688475e-03
1.632859394367748053e-03
5.522525443574805709e-03
9.294889536516977302e-03
1.288880236583840599e-02
1.625863189788108801e-02
1.935207999247002056e-02
2.215114737057945898e-02
2.467917446359304753e-02
2.696415824122922258e-02
2.901628585645786920e-02
3.083289442849240433e-02
3.241423954167549359e-02
3.376596929674238745e-02
3.489405863083622911e-02
3.580232249011536944e-02
3.648903181462770373e-02
3.695125390652533731e-02
3.719613902506122005e-02
3.722819832491774256e-02
3.702795350083645798e-02
3.656405457840181811e-02
3.583437596762237276e-02
3.485644725441711111e-02
3.361933617572537836e-02
3.211729882106400397e-02
3.036528495884434006e-02
2.835523705965755856e-02
2.609046994002528486e-02
2.359298620480493325e-02
2.087130705963029589e-02
1.794888088412646687e-02
1.483968430215544879e-02
1.152068628067690753e-02
7.961834168990374744e-03
4.147025650705487253e-03
1.330067352032957245e-04
-3.961788541501683712e-03
-8.038780834837706488e-03
-1.201530755648553585e-02
-1.582786319581400494e-02
-1.943644744769265978e-02
-2.279115646341664872e-02
-2.583596700578227184e-02
-2.852649449334706058e-02
-3.084493043546430655e-02
-3.279221953066750739e-02
-3.437983923443485579e-02
-3.562952272521213021e-02
-3.656058976362257240e-02
-3.719266620516198385e-02
-3.753883565563718300e-02
-3.761228352062893909e-02
-3.742685076696254665e-02
-3.697333765331619476e-02
-3.622984873620896384e-02
-3.518717893086487081e-02
-3.387447296788521911e-02
-3.232404995562179056e-02
-3.051874726068453877e-02
-2.842452551944889619e-02
-2.601860091750458209e-02
-2.327418523396052735e-02
-2.015256793587309747e-02
-1.663874789809361224e-02
-1.278134091561871841e-02
-8.689095881666166268e-03
-4.479664707142479510e-03
-2.229769330616052753e-04
4.007795495452352516e-03
8.126342523329858555e-03
1.210132354778647827e-02
1.589893072430136056e-02
1.944896171677976474e-02
2.270533183452743201e-02
2.566688016079693782e-02
2.835195435291569879e-02
3.075561303549586428e-02
3.286006248661609008e-02
3.468722078169882150e-02
3.630166536094291824e-02
3.773647824978550169e-02
3.896123034805272500e-02
3.994902875776482759e-02
4.068349838451303796e-02
4.114026303317077499e-02
4.132930768597321836e-02
4.127981454113372611e-02
4.098771648690049951e-02
4.042934916536819467e-02
3.959458229391549233e-02
3.848754843963343025e-02
3.712705951001653293e-02
3.552534523853347753e-02
3.366564612837201487e-02
3.155145663767396774e-02
2.921950662769795190e-02
2.669193277278911897e-02
2.398408230211061462e-02
2.109859517559306216e-02
1.799952631493640515e-02
1.466499058997778465e-02
1.112126133752160476e-02
7.407492418558758729e-03
3.569279741659613352e-03
-3.186783323280324709e-04
-4.174276361602812131e-03
-7.946720815799010809e-03
-1.158560602512423605e-02
-1.501891673462950674e-02
-1.818042633364564883e-02
-2.101064490659055109e-02
-2.348613410965277176e-02
-2.562176101298452302e-02
-2.742550843598502708e-02
-2.890741368624932806e-02
-3.007280097208841693e-02
-3.092562333467032548e-02
-3.148567416198579105e-02
-3.175928491580166241e-02
-3.174860775009540059e-02
-3.147770560927637407e-02
-3.097870672222810193e-02
-3.024900803375258837e-02
-2.925238270868339013e-02
-2.798096633837654848e-02
-2.645261549671448081e-02
-2.466134886566561518e-02
-2.256668119994125962e-02
-2.013066388084239905e-02
-1.733847009926734600e-02
-1.417569426311783738e-02
-1.065259928323884775e-02
-6.835812572160455437e-03
-2.838060157939221052e-03
1.217701518632002865e-03
5.247529185051552116e-03
9.190145050870934459e-03
1.297503830451130630e-02
1.654883718526366579e-02
1.988267296138405971e-02
2.294458559749919246e-02
2.571053358270697017e-02
2.819033246805874651e-02
3.040839554011105089e-02
3.238028230957672171e-02
3.411121955422692642e-02
3.559909844148447661e-02
3.683039318427684672e-02
3.778737104872754299e-02
3.846703816496685469e-02
3.887399301064320412e-02
3.901123146898340804e-02
3.886117502269144375e-02
3.840937838950329170e-02
3.769802522743005702e-02
3.675123775438658008e-02
3.554844060275168249e-02
3.409525258003906489e-02
3.238184185729575670e-02
3.039194987092211711e-02
2.815231726249981664e-02
2.567104473798672085e-02
2.295233588376393782e-02
2.002721252895630841e-02
1.690578211270582845e-02
1.360038032309634874e-02
1.012169238504484134e-02
6.436856128749508799e-03
2.513156928785034022e-03
-1.640687724387193940e-03
-5.962968647192396811e-03
-1.035504967489751620e-02
-1.472121658295020945e-02
-1.898557361685105499e-02
-2.309905182877359034e-02
-2.702336618981624264e-02
-3.070748749419891302e-02
-3.407978308531457029e-02
-3.707763924349578855e-02
-3.968313402033787907e-02
-4.190398183179255137e-02
-4.376426183759765665e-02
-4.528270891467328640e-02
-4.644809577378410104e-02
-4.725926612986195569e-02
-4.775551529944186552e-02
-4.799027195056028428e-02
-4.796966087265252393e-02
-4.767425699167805730e-02
-4.710877673715745118e-02
-4.625921410480601098e-02
-4.511781287853591088e-02
-4.371246154700126479e-02
-4.204571263287718713e-02
-4.009898320547410772e-02
-3.784238142468015348e-02
-3.521317093802091291e-02
-3.217456537330182914e-02
-2.875014793735886087e-02
-2.497516624772259594e-02
-2.091991434166121100e-02
-1.672582508098815340e-02
-1.253302892527280270e-02
-8.421711081431920362e-03
-4.434481515168598419e-03
-6.105730317046684013e-04
3.008811487773205198e-03
6.375366801279598594e-03
9.444751386342011695e-03
1.220350436051890856e-02
1.465648706841057511e-02
1.683132252763047329e-02
1.876281722717204614e-02
2.044910776723152940e-02
2.188855377056622004e-02
2.310580354501179379e-02
2.411275967042047011e-02
2.488165434205811752e-02
2.537798237010703908e-02
2.559610076717380375e-02
2.552509838761880118e-02
2.514398929928847448e-02
2.445311163651405981e-02
2.348713989118001930e-02
2.229823274956934179e-02
2.088357587407834934e-02
1.920190886066435593e-02
1.726323010400036134e-02
1.509916052461622929e-02
1.271687722677948378e-02
1.012686624079731437e-02
7.338354173567315092e-03
4.358981564243703463e-03
1.199991254667376241e-03
-2.170442649070782222e-03
-5.778761905963028869e-03
-9.573982250471992084e-03
-1.349546658256421672e-02
-1.749954826519099435e-02
-2.151894803545088136e-02
-2.547943031655380136e-02
-2.932393214658511604e-02
-3.300283815484242322e-02
-3.646413213883394067e-02
-3.965734812139757454e-02
-4.251874472023647183e-02
-4.500215510138572128e-02
-4.713357737993729979e-02
-4.895739481269821558e-02
-5.046091319862083813e-02
-5.159728984554254327e-02
-5.237835056910755682e-02
-5.285278573614550501e-02
-5.300730748759161642e-02
-5.284164997244838319e-02
-5.240101779709242791e-02
-5.168735873672506559e-02
-5.068747365029582785e-02
-4.939618530608896191e-02
-4.780576312248307341e-02
-4.592043831006394766e-02
-4.372467995887677900e-02
-4.118941263328466940e-02
-3.831152976481323053e-02
-3.509413018596942158e-02
-3.153140698658238317e-02
-2.763189267427509574e-02
-2.343275403417791405e-02
-1.902371560773984463e-02
-1.454018305973425566e-02
-1.008799347892004247e-02
-5.727931110856772021e-03
-1.507798239326183084e-03
2.547112568020195797e-03
6.404168557733083689e-03
9.995723645306705402e-03
1.328117806611367295e-02
1.627247569684668951e-02
1.899316773180561094e-02
2.146362916453407876e-02
2.369802770548897625e-02
2.571078099374161929e-02
2.751042396743250129e-02
2.908629606559529068e-02
3.043694927284266993e-02
3.156385661604520915e-02
3.244308867142309954e-02
3.304558493533202995e-02
3.336785147183674027e-02
3.342648876706551947e-02
3.322749577906319168e-02
3.276696510571049797e-02
3.203358813525900017e-02
3.102062599115661123e-02
2.974048145310281138e-02
2.818901450718407781e-02
2.636956305235531664e-02
2.432178069558734237e-02
2.206699846873326487e-02
1.960095325374591052e-02
1.692957713590734908e-02
1.406668691124045648e-02
1.099304580398067707e-02
7.650767310779458749e-03
4.024132982360205911e-03
1.922611975529448089e-04
-3.728816003946800600e-03
-7.648740708420373804e-03
-1.149510244598591323e-02
-1.521067784911111533e-02
-1.874968133768830508e-02
-2.205212166095439630e-02
-2.506019465910973645e-02
-2.773122094084309180e-02
-3.003335600959520721e-02
-3.196435368385813075e-02
-3.354722225171024447e-02
-3.480546363738961507e-02
-3.576179096012264969e-02
-3.644220577007198369e-02
-3.686432057359308179e-02
-3.703396931608018278e-02
-3.695245647453056226e-02
-3.661970814142266606e-02
-3.602921757682699122e-02
-3.515801787511587534e-02
-3.399310980394899123e-02
-3.256382674709959457e-02
-3.089561226959760404e-02
-2.895528867729007735e-02
-2.668540837216957368e-02
-2.404683318187055691e-02
-2.101981694534160727e-02
-1.761209836122248212e-02
-1.386638928197916378e-02
-9.873453071972760134e-03
-5.758058394355361660e-03
-1.630854886159211490e-03
2.423731647060664313e-03
6.355478078784474079e-03
1.013781677976842432e-02
1.373466493124164862e-02
1.709589271322138962e-02
2.016535152010158136e-02
2.292448431965777439e-02
2.540728625266054294e-02
2.765592424160403379e-02
2.968852921595875952e-02
3.148505740762615190e-02
3.302427097811952428e-02
3.430683167625069030e-02
3.532824325485788702e-02
3.608012054753304693e-02
3.655172836461310915e-02
3.673232819830168916e-02
3.663328987206604381e-02
3.629344059318487248e-02
3.574428633590479715e-02
3.498042150722822929e-02
3.397989755036871090e-02
3.272124148202885940e-02
3.120469229345276471e-02
2.945017820395988417e-02
2.746022678356123750e-02
2.524457758863408660e-02
2.282718293550173652e-02
2.021355570664716550e-02
1.739839674713018064e-02
1.437386454454505844e-02
1.113646199219505036e-02
7.682289539936725670e-03
4.017137368792241155e-03
1.887414295985191128e-04
-3.739722396836923143e-03
-7.704107426210669157e-03
-1.163342373192949482e-02
-1.547508261027714938e-02
-1.917345434273588431e-02
-2.265793401306090762e-02
-2.586508059100349824e-02
-2.873132100737840408e-02
-3.121824048707343494e-02
-3.332361577461384616e-02
-3.504935999899284199e-02
-3.640625793737357202e-02
-3.740715573683385531e-02
-3.806634587545743020e-02
-3.842485512835864397e-02
-3.852517073373116357e-02
-3.838215045960743227e-02
-3.798804450731451537e-02
-3.733195707469199459e-02
-3.640870968057992318e-02
-3.519763752322939421e-02
-3.367644316922390607e-02
-3.185482840020412154e-02
-2.974987362384624162e-02
-2.734582924661675338e-02
-2.460744764791770317e-02
-2.151018030824400698e-02
-1.803924202084757761e-02
-1.421226725051239100e-02
-1.010954947131791071e-02
-5.849551385085306233e-03
-1.552169129647033288e-03
2.694579288876966516e-03
6.842798120197729136e-03
1.084871329013243485e-02
1.466157896148020771e-02
1.823565387887838771e-02
2.152394953549366038e-02
2.449364256763042480e-02
2.715420929336774189e-02
2.954037199193353461e-02
3.168396023014395657e-02
3.360579567504710236e-02
3.531102964455938575e-02
3.679593710324092354e-02
3.805569485198341539e-02
3.909077669675048439e-02
3.989291169100277895e-02
4.042506229081715280e-02
4.067000130988884798e-02
4.063398983464164282e-02
4.026809625287215699e-02
3.952596016531158274e-02
3.847301940160458011e-02
3.720404111401147407e-02
3.571505270912740670e-02
3.395940061458926906e-02
3.195683691082750605e-02
2.973441658099477622e-02
2.728412743429085505e-02
2.464357951782982295e-02
2.183559651447124217e-02
1.882228716789523595e-02
1.559938870971817534e-02
1.216718289277679034e-02
8.513396992186348169e-03
4.654635610458154361e-03
6.275501965812846101e-04
-3.475729551699959039e-03
-7.551989342585057816e-03
-1.153070655938644336e-02
-1.533073359603550831e-02
-1.889376500462452285e-02
-2.218602924973744547e-02
-2.517319648471072827e-02
-2.782279719587909400e-02
-3.010065457209541717e-02
-3.200751498120826821e-02
-3.356050366914230948e-02
-3.477413975574007721e-02
-3.568112989551362052e-02
-3.630289363046149131e-02
-3.664844958442676354e-02
-3.672311870990566107e-02
-3.652843968660241664e-02
-3.607973100279457390e-02
-3.538641585892257635e-02
-3.442988886218461414e-02
-3.318288755744008139e-02
-3.164391752823970949e-02
-2.982817310544509312e-02
-2.772947228679632087e-02
-2.531837932978991262e-02
-2.255717414982962368e-02
-1.940925851008207595e-02
-1.585877585359278530e-02
-1.194653708773592803e-02
-7.785554545291633113e-03
-3.519073938686641603e-03
7.457718050068551201e-04
4.952810166931941559e-03
9.063387138238147497e-03
1.303792159806379386e-02
1.681547224681215549e-02
2.032267489655495418e-02
2.352311822434195385e-02
2.641819594195747578e-02
2.903115860232751214e-02
3.139715027483277326e-02
3.353553792103380893e-02
3.544447416991296229e-02
3.712461431985096538e-02
3.858913638514314265e-02
3.983115258956110294e-02
4.081127709848306195e-02
4.149993594886670911e-02
4.190353090612448927e-02
4.203811786102715914e-02
4.189886447458929936e-02
4.147936288203987049e-02
4.079100600301214380e-02
3.983426303685157210e-02
3.858773042783512908e-02
3.705331242293025129e-02
3.525730948876528575e-02
3.320554891208062076e-02
3.092002889907287042e-02
2.844080916872586060e-02
2.576548739932597518e-02
2.288439022762236291e-02
1.979340640510651381e-02
1.646608976081744349e-02
1.288394137165741263e-02
9.067970108019386688e-03
5.088163179220206965e-03
1.016481468504034031e-03
-3.092348740778287208e-03
-7.162145009180342220e-03
-1.111967927553310885e-02
-1.490121215498126789e-02
-1.844817337467566029e-02
-2.172584339595227260e-02
-2.469257989624638189e-02
-2.731378438961341859e-02
-2.957863159797442451e-02
-3.147223926210471895e-02
-3.300764564285649932e-02
-3.423210204238720522e-02
-3.517154885232796901e-02
-3.582372968989130241e-02
-3.619571033459542675e-02
-3.630911091114637917e-02
-3.617442390260981744e-02
-3.578396121772661753e-02
-3.511857454416386637e-02
-3.416462436674750497e-02
-3.292400252864085414e-02
-3.140413290736557977e-02
-2.960934447784750387e-02
-2.751889105860069740e-02
-2.508401887416385895e-02
-2.226165323417384281e-02
-1.904226384330714658e-02
-1.547487426113175989e-02
-1.166319252859479225e-02
-7.714862167940909725e-03
-3.716234456527682528e-03
2.564956781372137312e-04
4.147869935978321099e-03
7.920792605807209369e-03
1.152633426527638165e-02
1.489659811024784605e-02
1.796574208042191548e-02
2.071992201615560983e-02
2.320256734782435298e-02
2.544538164495261864e-02
2.743796045681014956e-02
2.915698063148920716e-02
3.060588050559131038e-02
3.181659284958335276e-02
3.281222076262080983e-02
3.359646337703400126e-02
3.416112939293321910e-02
3.448322224783742507e-02
3.453690448206107877e-02
3.432810438908594219e-02
3.390176128370643582e-02
3.331229421298083360e-02
3.257700243384045735e-02
3.162630461618076011e-02
3.036909341082229957e-02
2.880820189325456609e-02
2.698708775073548408e-02
2.490275658129079139e-02
2.256393872268742246e-02
2.000950357020970724e-02
1.722822365333440131e-02
1.419602262377936408e-02
1.094035261633746065e-02
7.489451262406937593e-03
3.846235269828628556e-03
-4.396244638362829819e-06
-4.038621391114618174e-03
-8.151060229107122065e-03
-1.224900601808955221e-02
-1.626162330736872358e-02
-2.009719783020450651e-02
-2.369141126492692317e-02
-2.700501618424237110e-02
-3.001909283805037285e-02
-3.272179689260137220e-02
-3.507651053152271298e-02
-3.706481019598786841e-02
-3.868979625883507689e-02
-3.995916249617322696e-02
-4.090483158185378304e-02
-4.156123388073477976e-02
-4.194232652915358406e-02
-4.205111544354188380e-02
-4.189551653083702087e-02
-4.147960131181303162e-02
-4.078533637400889866e-02
-3.978895772143275361e-02
-3.849300361199071985e-02
-3.693178952511935037e-02
-3.512086696491941579e-02
-3.302655265025284531e-02
-3.059213720541660575e-02
-2.775152175372308863e-02
-2.446904705678216649e-02
-2.078359130976986310e-02
-1.678318018250806593e-02
-1.256758849974539717e-02
-8.234107297636239498e-03
-3.875476111380704233e-03
4.310615805903107983e-04
4.636655480363720098e-03
8.692304740294818158e-03
1.253326331385859298e-02
1.610526646986119859e-02
1.937822653311094961e-02
2.236075295191351439e-02
2.509203193472281032e-02
2.759739579361210338e-02
2.987751692698348630e-02
3.191394632105947621e-02
3.368595581522396132e-02
3.520099761235860603e-02
3.648367572740660036e-02
3.755200564333234514e-02
3.839362393151756619e-02
3.896013242519921066e-02
3.921761959681997062e-02
3.918256855846246473e-02
3.889745438512560299e-02
3.837165907168867823e-02
3.757396322687248796e-02
3.649825639055117449e-02
3.515951214637481198e-02
3.354639023292969174e-02
3.166072166392867870e-02
2.954115087743911655e-02
2.721264843685972795e-02
2.468595481953317003e-02
2.199371680105863605e-02
1.916279434075368951e-02
1.616280554634695957e-02
1.293836265409678901e-02
9.493742813719629331e-03
5.882830779583992330e-03
2.164319470858609533e-03
-1.580808698129050182e-03
-5.269342850547327657e-03
-8.836874103332783073e-03
-1.221627196541480789e-02
-1.535029386006033641e-02
-1.819659354099768117e-02
-2.071056707900464228e-02
-2.284914033345955553e-02
-2.459236981800414987e-02
-2.596380273562176946e-02
-2.700964739587182958e-02
-2.775270251791948917e-02
-2.819836552278155717e-02
-2.836476560944461989e-02
-2.826418227785732623e-02
-2.790468830514008375e-02
-2.730245887589665896e-02
-2.644747396492138497e-02
-2.531732164460307258e-02
-2.390537130113525727e-02
-2.221159265658247464e-02
-2.024671456657927207e-02
-1.801324624554595522e-02
-1.548275773237917097e-02
-1.261253487038559509e-02
-9.379666336360118623e-03
-5.802850967718326501e-03
-1.934731882646604324e-03
2.146410658106625690e-03
6.351159511920514977e-03
1.059727697735775125e-02
1.481688871680232090e-02
1.896259689745952506e-02
2.297968257014457172e-02
2.679694040252726325e-02
3.036304142452106100e-02
3.363954254147289574e-02
3.660511886226389122e-02
3.928437318066445305e-02
4.170755424427873004e-02
4.387335548531757362e-02
4.577041250047793330e-02
4.741050504443381636e-02
4.883134543389799215e-02
5.005506248326599406e-02
5.106283600760824770e-02
5.180585837055182857e-02
5.224783477462474623e-02
5.241373482043262810e-02
5.235987066212059726e-02
5.210232404471563245e-02
5.160367874503351410e-02
5.082218766288435635e-02
4.975622259693811972e-02
4.841853255974375159e-02
4.678922808348653928e-02
4.485572989108462666e-02
4.265034269984096377e-02
4.018765082685223089e-02
3.746441554174385208e-02
3.449695123635752869e-02
3.129717750163069773e-02
2.788766669394698861e-02
2.428101247209549229e-02
2.046194173241868905e-02
1.644297142493078914e-02
1.226485300300773212e-02
7.998695849541130262e-03
3.738977384518331771e-03
-4.370748542723430470e-04
-4.466015493547318728e-03
-8.301325342841619701e-03
-1.189827889538266556e-02
-1.519286774884294478e-02
-1.812705930156212689e-02
-2.067549453912838689e-02
-2.284215494164254859e-02
-2.463334699723019466e-02
-2.607244996057746927e-02
-2.720481247578154793e-02
-2.805700226727683017e-02
-2.863731823803778928e-02
-2.895284002080012256e-02
-2.901845338571688512e-02
-2.884369391963161403e-02
-2.840691242223185656e-02
-2.767604617450793517e-02
-2.664497438009726105e-02
-2.533754841586507989e-02
-2.376310121499620315e-02
-2.188742721999945712e-02
-1.966618735734693840e-02
-1.706396830938713971e-02
-1.405428837257334009e-02
-1.065253904998257790e-02
-6.939086101382867938e-03
-3.019941024078979640e-03
1.002896249671186152e-03
5.024760061465092208e-03
8.966593078002023376e-03
1.277898985398997350e-02
1.640461561906273597e-02
1.978417668006463362e-02
2.287610062551040380e-02
2.566446964742289880e-02
2.816677144853487608e-02
3.040792132889058239e-02
3.239368486369802180e-02
3.412925256110391908e-02
3.562636042740300463e-02
3.688703537596515342e-02
3.790926717024095671e-02
3.869381186869855216e-02
3.923366985607439766e-02
3.950460451095458292e-02
3.947968724130167251e-02
3.916438414773919241e-02
3.860001667150041171e-02
3.780848956658060950e-02
3.675591168530664005e-02
3.541140465869437731e-02
3.379598640511121549e-02
3.193351792707668779e-02
2.981605793006483762e-02
2.744011301318254048e-02
2.482485548726189734e-02
2.198042338127663073e-02
1.890268226918980984e-02
1.560550736566485193e-02
1.211263369429226196e-02
8.422555300167972048e-03
4.514958832946694596e-03
3.894684025473121262e-04
-3.905560175861924176e-03
-8.279015727474151043e-03
-1.263122469822140943e-02
-1.686943298773938352e-02
-2.091646496214222620e-02
-2.473921482668381758e-02
-2.833160885877846966e-02
-3.166196832535646266e-02
-3.466543668102547299e-02
-3.727890219783466796e-02
-3.947895687177710444e-02
-4.129238088800203654e-02
-4.276717519071956269e-02
-4.392821458646783278e-02
-4.477844104479559301e-02
-4.533407899487173348e-02
-4.562117327617495888e-02
-4.564961929720029454e-02
-4.539794729932242201e-02
-4.482732472141137681e-02
-4.392174712595259267e-02
-4.270301343422230195e-02
-4.121395956486174211e-02
-3.948606211058681287e-02
-3.751335287643019212e-02
-3.525388806490848542e-02
-3.265221156228866745e-02
-2.967833684115835438e-02
-2.634176516398207060e-02
-2.267213379768600462e-02
-1.873684911567951097e-02
-1.465114406634052645e-02
-1.051565237483417445e-02
-6.400428346163911444e-03
-2.378256271956381059e-03
1.498141997669877627e-03
5.189541127320000669e-03
8.636385041341803140e-03
1.179304026506373601e-02
1.465817310267519477e-02
1.725596558998719610e-02
1.960533475416842072e-02
2.170913474882659247e-02
2.358329177237536781e-02
2.526100240587821066e-02
2.673566867134590658e-02
2.795705467358031507e-02
2.890178326801788947e-02
2.957615711655638482e-02
2.996568510409803113e-02
3.004685641963747780e-02
2.982755718438587222e-02
2.935208491912161960e-02
2.867102571127583960e-02
2.779472912377179208e-02
2.668500325502271009e-02
2.529955044644910042e-02
2.362628851984734449e-02
2.167953354810789324e-02
1.947473224567797603e-02
1.702629204583069183e-02
1.434932004515961264e-02
1.143428963774253092e-02
8.289204014589657277e-03
4.951964595711771250e-03
1.412441987124982406e-03
-2.347992897310353325e-03
-6.302379390809990586e-03
-1.040417255501401191e-02
-1.457105285455254952e-02
-1.871245010505172626e-02
-2.276615139765721454e-02
-2.666651939740001184e-02
-3.034902279151257404e-02
-3.376411073844773347e-02
-3.685947494361857535e-02
-3.959411708427129639e-02
-4.196086532852275064e-02
-4.397010121052511572e-02
-4.564316369304466381e-02
-4.700690676888300001e-02
-4.807155163419239707e-02
-4.884974689773543405e-02
-4.936847826559621899e-02
-4.964158775197594770e-02
-4.966158294739070334e-02
-4.942094070934357347e-02
-4.892576957121581166e-02
-4.816679788052224270e-02
-4.711849843315948222e-02
-4.578760723701231355e-02
-4.418974261915447482e-02
-4.229296145349836777e-02
-4.004825383956711615e-02
-3.741738225707688659e-02
-3.436880611073513114e-02
-3.092911950458554493e-02
-2.718681202057406099e-02
-2.324110045784512010e-02
-1.919663707078791276e-02
-1.515253592474700810e-02
-1.118690465383969691e-02
-7.354129504404061102e-03
-3.704813502617836617e-03
-2.990980177134390343e-04
2.829911324045011368e-03
5.674238583465438142e-03
8.241390363661848378e-03
1.055350989695181749e-02
1.261687287405837202e-02
1.443510848823501523e-02
1.601541823519462074e-02
1.735533273525046230e-02
1.846412404832668483e-02
1.936763489390962850e-02
2.008491961037663087e-02
2.059848646025880942e-02
2.085156866762746808e-02
2.079783177775620592e-02
2.044699191091307530e-02
1.981977892882054448e-02
1.888997590690675785e-02
1.765560797517582922e-02
1.616911192075628709e-02
1.442580852272997392e-02
1.239693935999473806e-02
1.013199675193343641e-02
7.657109810537189934e-03
4.950522543169133538e-03
2.035106433535525689e-03
-1.069808017629906216e-03
-4.355102781171538498e-03
-7.819341910892129571e-03
-1.150988753493161279e-02
-1.542528675801433172e-02
-1.949042360978381003e-02
-2.362270913302602984e-02
-2.773406776515122130e-02
-3.175001319875268152e-02
-3.560553744937900583e-02
-3.924690975844501856e-02
-4.263780518958135840e-02
-4.572342714042107459e-02
-4.845683165661702346e-02
-5.082118883311994434e-02
-5.280295412471910227e-02
-5.440347618918811579e-02
-5.566040339491382799e-02
-5.661713204989349268e-02
-5.728036088965157008e-02
-5.764375893461777534e-02
-5.771475494009369045e-02
-5.750535974287289409e-02
-5.702954585387428471e-02
-5.629234928207712402e-02
-5.529559410235000694e-02
-5.403988088492258507e-02
-5.251730795306964322e-02
-5.072542731734777655e-02
-4.865435852352646001e-02
-4.627446064629162775e-02
-4.353869062957257952e-02
-4.040005397750896093e-02
-3.685598852561663974e-02
-3.295320617458347146e-02
-2.877203446629762393e-02
-2.442080122173263465e-02
-2.002297933201871091e-02
-1.568040119182416772e-02
-1.144486366982127266e-02
-7.359892519669487820e-03
-3.474528533338693253e-03
1.706831482649328344e-04
3.530392526433746674e-03
6.586893444666984572e-03
9.356087441168758553e-03
1.186070010370389449e-02
1.412708617788103679e-02
1.617952757301307012e-02
1.806373547111338879e-02
1.981862318345851970e-02
2.139924587946434240e-02
2.271896169007715793e-02
2.375323300157193562e-02
2.452471779065428306e-02
2.502612610533772736e-02
2.525195226220318390e-02
2.522849679380242613e-02
2.495611298861050500e-02
2.441502250021140158e-02
2.358971910500297017e-02
2.246975712192656599e-02
2.106711571223343279e-02
1.938764132297371087e-02
1.743744345910802282e-02
1.525031509942191034e-02
1.284714216310573441e-02
1.022849457546974768e-02
