3003 0.00333
1.951933543665044070e-03
1.183832254653832423e-03
8.911241831950433108e-04
5.575060030202879432e-04
-1.987963029022537338e-04
-5.715046565756888054e-07
-5.528228358625999605e-04
1.637102613561370419e-03
2.466693623054095133e-03
8.662697570613340017e-04
3.559311217083197237e-05
-8.209186724268801444e-04
7.436692201534937131e-04
-1.899204075673309022e-04
-5.893356617872760970e-04
2.015218124126195044e-03
-4.703500215789210175e-04
-3.587412467422165969e-05
1.477093643296795242e-03
-1.504670896905577096e-04
2.433263448109301147e-03
2.092956446985112535e-03
-1.098688709650182159e-03
-1.892292215406872090e-03
3.251439866601679154e-04
2.768734684680614413e-03
1.002959076669473386e-03
2.191313698467716245e-03
9.697956048987672190e-04
-2.036703438616843317e-03
1.544034127813004656e-03
8.081458136055788728e-04
1.481682121532935850e-04
1.813994736099784622e-03
-7.199105125701418589e-05
3.285573879670120783e-04
-4.403822285456120817e-04
-5.545644503075947184e-04
2.833439802013477428e-03
3.160821922184599807e-03
4.528359822107605979e-04
-1.300111169550267117e-03
-3.647474256756975540e-04
2.547053415700100505e-04
7.760896687521154141e-04
3.209405115175598903e-04
-1.724457690463443351e-03
-5.847844451149396749e-04
2.031116318878386715e-04
-5.326983096539793933e-04
5.631912771500363147e-04
4.276552361427052545e-04
-1.915980682411196848e-03
-1.195785855824729651e-03
1.236659576507592945e-03
2.536049509391127658e-05
9.647522056391298921e-04
1.195642068815076699e-03
-1.724988089116041151e-03
2.987998523922238449e-04
9.119392917309901252e-04
-1.143113269244916148e-03
-1.483760764418121016e-03
1.955351065244465350e-05
1.913123040754125849e-03
-2.679825580806461456e-04
-4.408157792954488100e-04
-1.126690929959183948e-03
-2.950613207892819213e-03
-3.260352572811433484e-04
-5.959228925429028989e-04
-2.123755632886828405e-04
5.095025981809745905e-04
-8.734412361877021830e-05
1.782877546271187993e-03
5.737127813080584917e-04
4.235653828116903207e-04
1.337605889247604546e-03
1.417360475687803759e-04
-7.362238046489315117e-04
-3.431179558177213456e-04
1.594268217857832282e-03
-1.193832446571151834e-04
-5.089535960242108116e-04
4.832040467618461217e-04
-6.851046742333154107e-04
7.131729584284964875e-04
1.783893101820761395e-04
-3.582364109857647384e-04
4.662192875404479165e-04
1.165296049462239553e-03
1.259101863477059052e-03
-7.096345794985860558e-04
-3.435987382209395365e-04
-1.658092306455876417e-03
1.657643296596702153e-04
2.982806617061782052e-03
-1.034816007286507803e-03
-9.228071000351222106e-04
-1.186816019155439213e-03
-1.060490103165571442e-03
4.594863581171646102e-04
-2.113597037951350441e-03
7.687128226853217304e-04
1.319281287890800231e-03
-7.620781883436250018e-04
7.475092651328524556e-04
-1.840149068575431916e-06
6.906252513323227335e-04
3.738403315266879503e-04
-2.837470685408766341e-04
6.723339386441790945e-04
-1.932925425812903272e-04
-1.567808371166463737e-04
-7.037422705279470884e-04
-1.605644725082159717e-03
-2.195706738571122189e-03
-1.885325228970349386e-03
5.321324750944980784e-04
6.289649625836667233e-04
-5.514590372609220158e-04
-3.762318890945446064e-04
-5.555005730148209267e-04
2.816313378179837791e-04
2.382915036054106955e-03
1.091988546418214395e-03
-1.216442162489757197e-03
-1.151595785919260926e-03
-2.058986341939936932e-03
-1.752190863202172542e-03
-7.340499499159443709e-05
7.983987801776119353e-04
3.787505475139731959e-04
-1.339893932399260218e-03
7.204339245417217506e-04
2.997979627732185251e-03
1.098936341389327625e-03
-6.688394287488114761e-04
-7.883041747849250111e-04
1.549225566121004236e-04
-2.523820941861172357e-04
-9.030257292959111047e-04
6.997821857513134491e-04
9.995384495012687911e-04
-1.662319271973286550e-04
9.566489991639040048e-04
9.168318864077586129e-04
-9.438326289397370138e-04
8.175053532581691906e-04
5.936329824803084510e-04
-1.021642460643415679e-03
3.683321061945357732e-04
-1.473921902951599340e-03
-1.295482261702088096e-03
1.006080483867640958e-03
-3.568048291883048860e-04
-2.802183405193720781e-04
-2.064728418695330951e-04
-6.310179793540625750e-04
-1.760090627191538467e-04
-9.135562076064857604e-04
-1.939055842180070549e-03
-1.180778662815568439e-03
1.011558558813748822e-03
-5.471903884815373280e-04
-1.307897356359348636e-03
1.110471135709390367e-03
-8.506256180166277096e-04
-1.101104167361337998e-03
1.279351218020237033e-03
2.287001732385616278e-04
-1.665671014657373484e-04
3.645731909118814446e-04
1.241231744232630359e-03
1.531006627026429597e-03
2.596830107659724510e-04
2.191523759913704082e-04
-1.774192190096408298e-04
-7.804516606144439386e-04
-1.598344620513173853e-03
-1.636162087040502660e-03
-2.805925643996249903e-04
-1.990974120247997713e-03
-7.079421446717134442e-04
2.323017276090769308e-03
2.533879734126731034e-04
1.459129789362312258e-04
7.117468746801097800e-04
-4.706284905139931462e-04
-9.457939319296463027e-04
-9.922715255997415461e-04
1.090439202399196456e-04
-2.384351175577596456e-04
-4.090446971847111761e-04
2.307936883358828104e-04
4.450613865698724260e-05
6.774454439558693980e-05
-3.806097174437545394e-04
-8.599425167192250663e-04
-1.988058808167066267e-03
-9.275721176340831270e-04
3.327323324382180925e-04
-1.677295543857616582e-03
-1.290091741244721573e-03
-1.175140478361091922e-04
2.349015214388580272e-04
7.336752597460216054e-04
3.463714210110673116e-04
-6.675955300777879726e-04
-1.303397108115504806e-03
4.474231871603315193e-04
-6.317160433982810025e-04
-1.203360434272759353e-03
1.321229708105962908e-03
-1.526144875110130306e-04
-7.207980897743420734e-05
2.777479925928223433e-04
-3.990828428341510891e-04
1.243866273127844065e-03
-2.756777240104005115e-04
-4.939197803794507288e-04
1.164403897667668983e-03
6.263602376008205967e-04
-2.496407756036431343e-05
4.388596101531058767e-04
3.575584751429174667e-03
4.048183965442742581e-03
2.614715322519142564e-03
3.720526046085037737e-03
4.334356731525976225e-03
5.418543408231465616e-03
5.453744035445089525e-03
4.870041342964176456e-03
5.231830359238786969e-03
4.589760225716605149e-03
5.969928794740128955e-03
7.258247670992891247e-03
6.149012815678114169e-03
4.921628157706096386e-03
3.828949641576263798e-03
3.964432674162366062e-03
5.929114594932844394e-03
1.008036529055061220e-02
1.091724529905153257e-02
7.776181804888159660e-03
8.241189053381193022e-03
7.238537198836999566e-03
3.117596561922343981e-03
-1.242933378373216324e-04
-6.382428683653446240e-03
-1.266303128657794708e-02
-1.410265684961383229e-02
-1.016180952877998936e-02
-5.861626575136209480e-03
-8.122131904074396391e-03
-1.266799164965298069e-02
-1.546205040530991733e-02
-1.165959965666220864e-02
-9.414841258204412243e-04
6.826306407107903679e-03
1.466306036562040060e-02
1.826985170116317975e-02
8.729593024429251058e-03
-3.375030083257340042e-03
-1.147532276129819076e-02
-6.405428418310964329e-03
1.268524640289375206e-02
2.029513777626883869e-02
2.022258107229269603e-03
-2.519568903168420762e-02
-2.255785140353826906e-02
1.062500376925159737e-02
1.464328744116586214e-02
-2.705200444903653814e-02
-5.338718445445865546e-02
-3.978940308783365104e-02
-2.174986574656366523e-02
1.184638292130652665e-02
6.721621562650978432e-02
8.543550486885596873e-02
5.846281462647356236e-02
-7.044803523163223336e-04
-8.894721457534816855e-02
-1.409026298154585077e-01
-1.266695304649880505e-01
-8.304740584486156041e-02
-3.627014717887214884e-02
-6.092814565115303727e-03
-9.941102898285494871e-03
-3.649057174198201692e-02
-3.452200518035469790e-02
-5.086004540253718370e-03
1.919509908594388761e-02
5.336690213226521345e-02
6.312830528580810896e-02
4.357690189700782341e-02
4.049760581368500034e-02
3.022841468299608189e-02
2.367886623245742811e-02
2.970927807709409715e-02
2.530422234485642935e-02
2.125422577030055757e-02
-4.729946214970429108e-03
-2.427303453943213674e-02
4.214352216075632415e-03
-2.270487249708266070e-03
-8.045608037924405209e-02
-1.048912774237364814e-01
-5.134883175593048937e-02
-8.063337534744077773e-02
-1.637296244299382142e-01
-1.768329197792806173e-01
-1.398485231965407583e-01
-2.244433421151122154e-02
1.055449823504404916e-01
1.325380106537886182e-01
1.477358488762868793e-01
1.693845125102772242e-01
1.073295690909409905e-01
2.052494433972583410e-02
9.882796570653165635e-02
1.730810926065534661e-01
-2.369788753015926452e-02
-1.153754098235180298e-01
1.457895042238057867e-02
-1.474465396547132434e-02
-1.048996889286086948e-01
-1.240979485101788571e-01
-1.349480851913308077e-01
-1.042502012961968316e-01
-5.692371359667804109e-02
4.428511749567209943e-03
5.397506007685812235e-02
8.095837501512091750e-02
7.456541899045993071e-02
1.527707692542071283e-02
-2.355325685352870416e-02
-2.664254761797339027e-02
1.797681265864247216e-02
2.318365775306550913e-02
-2.654016255922880471e-02
-5.524962141955422346e-02
-1.383901615315037414e-01
-1.055736136120419000e-01
6.804787282589944142e-03
2.011208081067177716e-04
1.423282726101652781e-02
-1.682168519950432047e-04
5.169893059835062310e-02
1.732020750202059589e-01
4.428165094433034882e-02
-1.480086895057183549e-01
-1.112758432447168710e-01
4.528729021908764474e-02
1.684132914620510568e-02
-9.962480014202874934e-02
-6.045339060680297860e-02
-9.824525654783836104e-02
-1.305190013946592731e-01
-5.659789886285697402e-02
-4.128308859911195006e-02
-3.869262635968123004e-02
-1.457880130100900895e-01
-2.140440947632743784e-01
-1.208817728205826142e-01
-6.525272523622435705e-02
-3.405121462342952654e-02
-6.002398536712055116e-02
-9.352268852185649517e-02
-8.872561793528126184e-02
-6.692722208876350498e-02
-3.433900621646182594e-02
-5.484441978127314876e-02
6.994660401582464271e-02
1.651150764022175643e-01
1.025745846132988109e-01
2.010751574295245869e-01
2.908231777517831795e-01
2.770523609858611680e-01
2.298925048224187140e-01
2.243730446765790365e-01
3.248034177498864139e-01
2.870512697385094736e-01
2.425377820347539848e-01
3.238233777772980271e-01
4.984856064060908531e-01
6.820645722125446841e-01
6.189739143512522634e-01
5.550873069304029794e-01
5.074530189309207628e-01
3.863592980226023821e-01
3.944596844565491645e-01
3.042975017786901382e-01
2.392313992123286936e-01
3.768087284649547231e-01
4.491913644057023980e-01
4.354942656021549841e-01
3.730503768714810708e-01
3.747542523008907112e-01
3.979287090044180131e-01
2.987275934774469288e-01
3.569546640434351770e-01
4.421739675080328391e-01
2.504457642562132325e-01
1.329209297989994987e-01
8.547641390847920961e-02
3.452917413736350527e-02
2.529860538608571519e-01
3.596750830650861652e-01
2.322923720922333291e-01
9.128916672419407075e-02
-5.033748501074267190e-02
4.370841159974059309e-02
1.180532630873263461e-02
-1.175001529245544574e-01
1.997869537466133438e-03
-1.336444595292089477e-01
-2.990789262228754630e-01
-3.242456151964621114e-01
-3.259927279327730631e-01
-1.503769625521242659e-01
-2.113937345072234297e-01
-1.903449529460891909e-01
-9.441008210047142912e-02
-3.481855289397128850e-01
-4.104780224694912771e-01
-5.309882541019820268e-01
-7.254748393868896139e-01
-6.734277867878661894e-01
-6.785022944791586630e-01
-5.501585199707295093e-01
-5.351363000634214995e-01
-6.598670506903777655e-01
-6.495016883650005513e-01
-7.695800078565907532e-01
-7.706101762680014344e-01
-7.715174872169324738e-01
-8.333421892923728036e-01
-7.203447653808604523e-01
-7.307458247465762335e-01
-7.111267153880966863e-01
-7.425227895398794908e-01
-8.852962891813284108e-01
-8.113404331751199461e-01
-7.396554702425177652e-01
-6.834845095836999951e-01
-6.463465569876711836e-01
-6.406489362804679288e-01
-5.469281053368755252e-01
-5.643843547498426094e-01
-6.319069377336649085e-01
-6.767820184384747417e-01
-6.143856492224049060e-01
-4.067960315729727272e-01
-3.484587883629427507e-01
-3.708554400314998944e-01
-3.646562953801347207e-01
-4.058271330652913345e-01
-4.985335939806099792e-01
-5.278789128425621646e-01
-3.285371753793398519e-01
-2.533291448806881396e-01
-4.500364735132501570e-01
-4.091932317213733961e-01
-1.597882265965659410e-01
-1.091995192577898260e-01
-2.183666457912948333e-01
-2.997386463043919536e-01
-1.965172899850786969e-01
2.033906177051070241e-03
-1.969093904871954681e-02
2.236164268078290329e-02
2.485670278507112196e-01
5.862450806698434047e-02
-2.615426857397994409e-01
-2.292388254828915395e-01
-2.364649806476786797e-01
-1.950046307932657152e-01
-1.772216593824993136e-01
-4.237832342943176345e-01
-2.946864375918292200e-01
-9.730250426222192273e-02
-2.451507725205638033e-01
-2.896364673569580273e-01
-4.013339203795682764e-01
-2.284555025255085026e-01
1.213769507046356805e-01
3.563295641024494254e-02
2.107479352388291205e-01
5.174141293722021029e-01
6.243771970171045904e-01
8.961480135792135870e-01
1.171649701707722091e+00
1.424953109766540882e+00
1.613589344129662706e+00
1.856199684813072626e+00
2.063709202728705172e+00
1.953929349527981252e+00
1.850245640936790670e+00
1.749681952173484767e+00
1.750426743841221988e+00
1.925546966454725339e+00
1.973201023154864453e+00
1.892590181735971600e+00
1.743832173165645871e+00
1.767493556680510114e+00
1.756087667423060772e+00
1.484088173871141114e+00
1.390390864508772584e+00
1.500531065379576701e+00
1.637514620017254785e+00
1.577507228895293601e+00
1.220336549984375685e+00
1.067197907184403771e+00
1.290473250656735571e+00
1.410298035443609432e+00
1.326139061638443639e+00
1.329593161758743314e+00
1.215817027607366541e+00
9.592824260816539272e-01
1.011750645482015987e+00
1.216554049933714410e+00
1.091052658880115933e+00
8.842809384225723823e-01
8.506771533803334506e-01
6.054712537361114366e-01
4.533208565386063205e-01
4.819888437405109860e-01
2.025921621874702816e-01
2.939522097384794641e-02
-1.468168979822747633e-01
-4.781572088020996647e-01
-6.597908618715534468e-01
-9.349936489623917879e-01
-1.098387004968366831e+00
-1.255826222369276213e+00
-1.461399422930236947e+00
-1.448764900535701061e+00
-1.630772414934992032e+00
-1.780830290747597466e+00
-1.887205075733757287e+00
-2.103989487405681480e+00
-1.975236671954602619e+00
-1.843108962251364114e+00
-1.710743879674708756e+00
-1.468669226134024619e+00
-1.561938850680792079e+00
-1.759032939695946984e+00
-1.901513348967920347e+00
-1.870595706285028692e+00
-1.677925335135107998e+00
-1.578104864000032581e+00
-1.389625842656518673e+00
-1.468903334948751915e+00
-1.544107452853350937e+00
-1.141342759823211539e+00
-1.389975162566566613e+00
-1.841893074383301965e+00
-1.459376257954279943e+00
-1.439416246118355502e+00
-1.679537087773976589e+00
-1.336570615620031877e+00
-1.330323626629486666e+00
-1.621340904363358204e+00
-1.756072902219101062e+00
-1.908570133855943540e+00
-1.710468786718340795e+00
-1.770800197673946696e+00
-2.109736714023631610e+00
-2.066259611038452348e+00
-2.080963171494545350e+00
-1.738115197191436812e+00
-1.517409650117869990e+00
-1.650910743051259733e+00
-8.803962728673705440e-01
1.212945648684495836e-01
6.675665678669162606e-01
1.013239367100949639e+00
1.862631412126079855e+00
2.607265440299139758e+00
2.305935070896844685e+00
2.464153266160697520e+00
2.279336999412116871e+00
2.102654940344948820e+00
3.051690179059188601e+00
2.930062569179643805e+00
2.850145587570244388e+00
2.981916018829973591e+00
2.439650203467606193e+00
2.367196902863629493e+00
1.946555767440814932e+00
1.815760166944135889e+00
2.115767426891502989e+00
2.215252983046899438e+00
2.430826160056408280e+00
2.365265584699067336e+00
2.283224075526852026e+00
1.901976585416753629e+00
2.072703491990455671e+00
2.551795683613837351e+00
2.349423085406432854e+00
2.437142087571435578e+00
2.091431565997193598e+00
2.032712772347387009e+00
2.358339296135954388e+00
2.252703082228323606e+00
2.162724853298397587e+00
1.058105471147567922e+00
2.786608235209446782e-01
-1.197684801806561117e-01
-7.233668644082140720e-01
-6.514013635960216320e-01
-1.281293446429916383e+00
-1.663227571287723139e+00
-1.980062226425033822e+00
-2.714299650222936400e+00
-2.452096289904246440e+00
-2.446986711404060877e+00
-2.340861743987923127e+00
-2.195093210850878052e+00
-2.470355259389245273e+00
-2.135552090049905427e+00
-2.090325157365207520e+00
-2.219909689753362336e+00
-2.331458595758376884e+00
-2.645481061271480527e+00
-2.607700448719135533e+00
-2.387739924787187995e+00
-1.993480321792671761e+00
-1.784903923605976050e+00
-1.842755079455054457e+00
-1.762123441292871906e+00
-1.752798439234121153e+00
-2.110985613422014406e+00
-2.259925509353064577e+00
-1.726277596158121819e+00
-1.871002508637046091e+00
-2.596639833183202128e+00
-2.553207887536279586e+00
-2.546637536809965852e+00
-2.897475605548297306e+00
-2.868335004497606366e+00
-2.896751545102047132e+00
-2.861717078915674506e+00
-1.944180133829175094e+00
-1.297885546290857839e+00
-9.010928188284330620e-01
3.592667548365751085e-01
1.044352142335991385e+00
1.611434494870600753e+00
2.777156052775992645e+00
3.094524505196039499e+00
3.260986179065419321e+00
3.423841369432770065e+00
3.198048458329209254e+00
3.329875362989227927e+00
3.369079789383958801e+00
3.248777224916572059e+00
3.104560622665859970e+00
2.753756518955547516e+00
2.609875688455018050e+00
2.634445534122867194e+00
2.732285164245446651e+00
2.864684305534384023e+00
2.609478656450523015e+00
2.284194571859605727e+00
2.528897013522831028e+00
2.685072407595952004e+00
2.588616809636757221e+00
2.797042301100626016e+00
2.712530176813870764e+00
2.663473758326408980e+00
2.661984646387816067e+00
2.034787328286308039e+00
1.832460971683529394e+00
1.654115035490511199e+00
7.973300544012169588e-01
1.025019255442967125e-01
-4.918418064958697267e-01
-1.027482021942880630e+00
-1.338694955910116446e+00
-1.587086520346918439e+00
-1.933302459015203478e+00
-2.123700100221139309e+00
-2.216109976439351925e+00
-2.508253319583135799e+00
-2.416431745109741680e+00
-2.357420437839031102e+00
-2.198213831378213801e+00
-1.685354420276643950e+00
-1.965604828282020877e+00
-2.395238237062776054e+00
-2.293185432717151251e+00
-1.473013811701934017e+00
-7.834210698225676506e-01
-1.749457457807681138e+00
-2.729511877851687363e+00
-2.462476377045240916e+00
-1.741975155701346534e+00
-1.725342901019584207e+00
-2.277180838742640212e+00
-2.330366464138034388e+00
-2.500435982617972730e+00
-2.449649476238221268e+00
-2.380278172476014920e+00
-2.705486916062340708e+00
-2.515921592010208929e+00
-2.699264579369355044e+00
-2.829931748581391737e+00
-2.538525536460164655e+00
-2.465639572849518402e+00
-1.953968542186481638e+00
-1.470315942187470082e+00
-7.838809928884697964e-01
2.210999323038403130e-01
7.326881144012733493e-01
1.363321820809918039e+00
2.161221130997204476e+00
2.662715779854815779e+00
2.996728003598165824e+00
3.357164640334931782e+00
3.535390149190426268e+00
3.338582126769420455e+00
3.268538502167697590e+00
3.281625173782816596e+00
2.980904348428801587e+00
2.860991968747237379e+00
3.034303409769130155e+00
2.719039281043094114e+00
2.269760425621342836e+00
2.450432198036091691e+00
2.831156207685445736e+00
3.022878524373965092e+00
3.092778564163297883e+00
2.916734283865400457e+00
2.473825651364083722e+00
2.580905544590110789e+00
2.980638139629989691e+00
2.887015993814575854e+00
3.159889275939872899e+00
3.293667501921874408e+00
2.805501803987032972e+00
2.047762749440140695e+00
6.367335783190428700e-01
2.290260300449409314e-02
-7.708554204958084632e-02
-8.327175959888341028e-01
-9.326413419841590446e-01
-1.258443964538498161e+00
-2.129861244442629253e+00
-2.294730725841305663e+00
-2.563838791053487220e+00
-2.650492372790556939e+00
-2.263312290051155529e+00
-2.397970358475401298e+00
-2.543792595440813376e+00
-2.197173316796087850e+00
-1.688256020737454399e+00
-1.689949331979036851e+00
-2.337182300052544015e+00
-2.379309791865762413e+00
-2.217421949599530429e+00
-2.430617357408149992e+00
-1.987425980217859989e+00
-1.803971788528007547e+00
-2.189186759721884368e+00
-2.004091745196267205e+00
-1.794993017775433408e+00
-1.969426944934928203e+00
-2.261562396579535061e+00
-2.235355118497317051e+00
-2.186619846902210895e+00
-2.347336876810742101e+00
-2.002795898743603420e+00
-2.270315170338467414e+00
-2.812222062725919791e+00
-2.395663014870097474e+00
-2.600839868627661478e+00
-2.923965941508519517e+00
-2.166808712236930390e+00
-1.149590122803931802e+00
-3.152616442114064554e-01
2.916532079986359216e-01
1.011172225483873532e+00
1.606565299118272616e+00
2.210728583925689605e+00
3.062953638620356855e+00
3.378024363123415696e+00
3.447890233230971990e+00
3.501058498971838517e+00
3.486554213729049501e+00
3.325968475787729250e+00
2.822435867118184838e+00
2.688735568238758589e+00
2.664093397028081345e+00
2.432602943678758400e+00
2.409507191456851771e+00
2.662564533854366200e+00
2.968897638010030704e+00
2.750807298915159294e+00
2.507262405892626500e+00
2.563529842974817896e+00
2.387923198472758468e+00
2.256771572489708610e+00
2.712214469942750839e+00
3.207733654922091393e+00
3.190668206281516817e+00
3.491732984897781833e+00
3.141814623485633451e+00
2.041220878053888743e+00
1.506971494347893348e+00
2.760402835541500011e-01
-4.053249065268389462e-01
-3.532116976841139788e-01
-1.124695875315963711e+00
-1.286375945081444483e+00
-1.836321906648225921e+00
-2.617095989046989146e+00
-2.526171362623768957e+00
-2.561398632803848052e+00
-2.277548503707325533e+00
-2.313006697379799359e+00
-2.491840197559228809e+00
-2.307759511090758497e+00
-2.154016805179103766e+00
-1.514086827400841884e+00
-1.587679859483909883e+00
-2.304598012341356750e+00
-2.546419970691623291e+00
-2.758539255997575435e+00
-2.816053613621894325e+00
-2.073644798598540895e+00
-1.233390680646774706e+00
-1.951104473849392784e+00
-2.719208295051940727e+00
-2.527285426490873288e+00
-2.645444518782403165e+00
-2.404967058498592714e+00
-2.166594373746676183e+00
-1.990129486717117313e+00
-1.814239872903978368e+00
-2.436572997309586430e+00
-2.663057752286128732e+00
-2.783367773469224815e+00
-2.759306491297999653e+00
-2.423161327136541310e+00
-2.563854474958378926e+00
-1.584719490204127279e+00
-5.761251934671975938e-01
-2.875807818229600965e-01
6.515474754247273514e-01
1.035025503313288908e+00
1.645801977086206680e+00
2.652176618390758467e+00
3.099894520886607996e+00
3.564773129803149310e+00
3.244213832681799303e+00
2.972620584197888327e+00
3.228698382160586799e+00
3.034082660031316880e+00
2.753367856771855582e+00
2.645096920321897915e+00
2.748785194440765967e+00
2.367388875747093113e+00
2.190832158881743208e+00
2.633643603660551502e+00
2.591491090137439723e+00
2.592222982262188502e+00
2.610164650070504244e+00
2.711005194900706794e+00
2.692679969581771360e+00
2.344804774876186659e+00
2.636063315855340594e+00
3.030208591212197433e+00
3.315542507576769715e+00
3.285161490287471509e+00
2.752347377689453367e+00
1.995934301698376601e+00
8.086587242133846942e-01
3.243403920386200845e-02
-3.685811921770782429e-01
-7.065429579219089096e-01
-9.193353266837651638e-01
-1.369249755747778963e+00
-1.984415099192253784e+00
-2.671512771712338363e+00
-2.722903280210333232e+00
-2.305689142994255203e+00
-2.075751559866868767e+00
-2.057014120448902084e+00
-2.285542762751495705e+00
-2.293934893865023916e+00
-2.337589529241476782e+00
-2.302297307630071899e+00
-1.743704767272544753e+00
-1.803064411253753940e+00
-3.091260725017833444e+00
-4.212191992425243114e+00
-3.631504091041665827e+00
-1.602995638473280859e+00
-5.174052632722740963e-01
-1.950183978828169851e+00
-2.758398689062254050e+00
-1.747540963965214855e+00
-1.967090656757013223e+00
-2.396382724162748001e+00
-1.968481089450605515e+00
-1.577418214211179670e+00
-1.401101748065732178e+00
-2.310724106939477274e+00
-2.541966575373765025e+00
-2.178413843619243728e+00
-2.622239546260944465e+00
-1.951770850620980990e+00
-1.595439314811343046e+00
-1.299112074371731484e+00
2.180288275203774162e-01
3.219934790649249812e-01
9.096424773907103578e-01
1.961046729420077073e+00
2.038255837889593636e+00
3.133248906491208352e+00
3.335746914921355000e+00
3.304105958125317599e+00
3.716471997036388863e+00
3.029984022522574261e+00
2.884287847211317146e+00
2.812116949100969432e+00
3.024895907690874797e+00
2.876772539055866940e+00
2.141548066854746857e+00
2.495024816975594195e+00
2.109207051266964061e+00
2.462304787307636023e+00
3.361634595826805683e+00
2.571627316069032609e+00
2.188242977255785870e+00
2.313846005980630505e+00
2.714538533628207961e+00
2.881087500121541023e+00
3.026997110986658690e+00
3.720823854840288103e+00
3.418127600309330383e+00
2.919907564341199357e+00
2.444386498833355681e+00
1.459233602303699584e+00
2.694433816567349815e-01
-3.911958671399557996e-01
-3.604593117530811019e-01
-1.104437725307558571e+00
-1.559673612843168522e+00
-1.950096563478906253e+00
-2.899256116000613392e+00
-2.859810549677725078e+00
-2.667893311585698868e+00
-2.344958685412594779e+00
-2.027786306209997225e+00
-2.394131000446174884e+00
-2.397511579636696144e+00
-2.162170965962632696e+00
-2.102174117300467771e+00
-2.168751033481618240e+00
-2.194128901556090305e+00
-2.175389724512073464e+00
-2.393615643555054628e+00
-2.358271696353564373e+00
-2.157937235725603475e+00
-2.222608281431266875e+00
-2.014918350023113369e+00
-2.137936594494151077e+00
-2.781387350599736408e+00
-2.539231718989913400e+00
-2.560032951118601741e+00
-2.739880322263986923e+00
-1.941499658520332794e+00
-2.170812279000061906e+00
-2.507829846382630734e+00
-2.091089302492199931e+00
-2.322055414269402096e+00
-2.685394056758934056e+00
-2.929708946805850367e+00
-2.474906478422101763e+00
-1.551810785809617066e+00
-6.898174130791674408e-01
3.128483761171050315e-01
8.927272938366356270e-01
1.418512939202145606e+00
1.629464849031679430e+00
2.065107914800427658e+00
2.991503183775680696e+00
3.139191927693412598e+00
3.521485373842573541e+00
3.654510123212737938e+00
3.028049026919353182e+00
3.026169023366837241e+00
3.049474417063388731e+00
2.725326934981919358e+00
2.391836388254238166e+00
2.228682154063138743e+00
2.287339742147246113e+00
2.402530607226033954e+00
2.414568263809499182e+00
2.552676131900677436e+00
3.174199609112741793e+00
2.969501726507706163e+00
2.436680934632835971e+00
2.763532828799118324e+00
3.009049983512999127e+00
3.599833578806335144e+00
3.929568735125407830e+00
3.571812888550289777e+00
3.345718574568689263e+00
2.073193195725306026e+00
5.191085581316046138e-01
-2.090768214238565292e-01
-8.139917817476309825e-01
-7.332973850389367110e-01
-7.683579011086667521e-01
-1.783197802649986174e+00
-2.274374532281826511e+00
-2.553647236448999713e+00
-2.846107155693974544e+00
-2.280536617507330721e+00
-2.112631891462717348e+00
-2.151943334015069542e+00
-2.128273227371984877e+00
-2.450161187501728843e+00
-1.840169860594205842e+00
-1.461723179055737454e+00
-1.749939708017434814e+00
-2.032705414654562226e+00
-2.693756172123841885e+00
-2.115030070966673836e+00
-1.328902006525751744e+00
-2.281010638787376976e+00
-2.962761588443654226e+00
-2.232137492926002942e+00
-2.167578643849813247e+00
-3.049946287326829264e+00
-2.653449055084982078e+00
-2.256314518445482697e+00
-2.477336176749146190e+00
-2.120818123619385265e+00
-2.242097312454772506e+00
-2.354003601094795339e+00
-2.308573793144358621e+00
-2.249220363743425821e+00
-2.059769978124414980e+00
-2.482749083635916509e+00
-2.386225800360487259e+00
-1.473544020857909143e+00
-2.504777982661798852e-01
5.290411431143660081e-01
9.172588662520677616e-01
1.832960202233717251e+00
2.164380427726891654e+00
2.642591476795016714e+00
3.288861697691567443e+00
3.305981177251398062e+00
3.472394882987646092e+00
3.181847927699113843e+00
3.318420085825451782e+00
3.161893802321638525e+00
2.367511243899945050e+00
2.661633613451762859e+00
2.464098706878051104e+00
2.268761187456223460e+00
2.542100970640215785e+00
2.631926575916947897e+00
3.212635873521262564e+00
3.068616749123834087e+00
2.687637457542445762e+00
2.436972755508147070e+00
2.224860724654753596e+00
2.966299530223314829e+00
3.378336831498303994e+00
3.381547407950570516e+00
3.614120933443435657e+00
3.328059290574767015e+00
2.382834217225082707e+00
1.504247638943996268e+00
6.370677047613564348e-01
-3.038445982241884114e-01
-2.378563388756758934e-01
-5.034176415021194284e-01
-1.590690800461219911e+00
-2.026301770134608660e+00
-2.704357108208456317e+00
-3.039142041905071867e+00
-2.308798164164286071e+00
-1.952296034556068260e+00
-2.116579749958173995e+00
-2.357962875060557462e+00
-2.531483181881236888e+00
-2.336032569693863525e+00
-1.803070966157902522e+00
-1.553093300215152572e+00
-1.893186268366698899e+00
-2.336855569070062089e+00
-2.571514746784272276e+00
-2.720987855616772144e+00
-2.317822532039316208e+00
-1.660349671913649461e+00
-2.088115786209614910e+00
-2.589129872549688294e+00
-2.467945240965105036e+00
-2.435203935012202781e+00
-2.171813791391460136e+00
-2.133089111899364898e+00
-2.164855730975804526e+00
-2.007105055052745612e+00
-1.921596491868638346e+00
-1.650988942379549629e+00
-2.048983744464377921e+00
-2.648558999456000151e+00
-2.192510031414006466e+00
-1.444276433979797325e+00
-1.314223962464183604e+00
-9.894295586803025788e-01
1.864520325569607668e-03
5.760706265765245249e-01
1.212860824823733585e+00
1.877636105830666757e+00
2.086119241696393178e+00
2.715844428364895702e+00
3.007249182973884771e+00
3.346874877249080171e+00
3.966438823433009020e+00
3.434671308742724527e+00
2.780169511825981932e+00
2.708858049968708936e+00
2.562211756386240324e+00
2.240769186647826317e+00
2.043608348345506531e+00
2.063693049472825169e+00
2.029743730429053983e+00
2.425053996317866556e+00
3.083304203528545173e+00
3.189248695330322736e+00
2.521417168386200558e+00
1.913009113556985330e+00
2.451253547036905456e+00
3.012520458729693651e+00
3.348748687808800639e+00
4.012543556456359184e+00
3.850437067304900207e+00
2.970558796709179106e+00
1.712940595643702935e+00
5.882147064098655065e-01
1.168930379197668096e-01
-5.583763428429140419e-01
-1.030799393351825355e+00
-1.317321565687934459e+00
-1.809200749772769345e+00
-2.342466034133848130e+00
-2.948647598915143053e+00
-2.715834733185632732e+00
-2.351117449307333906e+00
-2.265939454399845232e+00
-2.144325792936685016e+00
-2.513914739819793631e+00
-2.307669611606818272e+00
-2.070346016212568863e+00
-2.072040771294620498e+00
-1.769199827759926125e+00
-2.294946593646588262e+00
-2.834955449279497941e+00
-3.121408773490094379e+00
-3.044974137988887719e+00
-2.132059126046271569e+00
-1.774579007366504202e+00
-2.495207508158192589e+00
-3.107903322006640767e+00
-2.065779766155971142e+00
-1.846357580003463728e+00
-2.757074671915785924e+00
-1.715982574012162365e+00
-1.671320069961929056e+00
-2.308447177487764179e+00
-1.708484805232786563e+00
-1.877908594716649837e+00
-1.672471359824574622e+00
-1.950515021929565496e+00
-2.618661920554203881e+00
-1.671790664243390623e+00
-9.392815279176449650e-01
-4.534074327022235007e-01
3.792729419206205543e-01
1.081955106216055285e+00
1.551452688941859615e+00
1.912972325910945903e+00
2.661582943885816732e+00
3.113551498013975127e+00
3.505057055435224722e+00
3.674923859493167466e+00
3.133327237173320956e+00
3.029514418687281108e+00
2.898714568483553577e+00
2.596729060291423252e+00
2.611959393187459177e+00
2.490569632914123144e+00
2.425185769390170609e+00
2.341679414092461720e+00
2.386449666096310818e+00
2.488725646134273717e+00
2.434513937977608844e+00
2.706451943982142172e+00
2.764408413110693186e+00
2.597776597649990471e+00
2.820947632716471087e+00
3.136100373619860271e+00
3.309885655994281528e+00
3.434254344756800581e+00
3.323235621598837675e+00
2.346640169244921914e+00
1.373947336444359291e+00
8.044674393452453387e-01
-2.056357877584924776e-01
-6.720991929789075225e-01
-1.004707061883236330e+00
-1.682921085483282120e+00
-2.014616617980257374e+00
-2.624977211624528906e+00
-2.770569132287332703e+00
-2.470933286034703524e+00
-2.220737079116587687e+00
-1.937329033450596594e+00
-2.229879085084268908e+00
-2.264026042706808184e+00
-2.423728279447106448e+00
-2.490968557309930720e+00
-1.900456073101977061e+00
-2.038517996257536158e+00
-1.938462247948667505e+00
-1.348741415107505226e+00
-1.060572553708959864e+00
-1.713026846454428487e+00
-3.283506847408881324e+00
-3.175805313846969291e+00
-2.436790165964896726e+00
-2.634322760497106231e+00
-2.389294574021858075e+00
-2.482713849385900673e+00
-2.724506020292893904e+00
-2.165946727408774475e+00
-2.222215391748828317e+00
-2.654137830912057350e+00
-2.157815009734417977e+00
-1.925074155923324870e+00
-2.058500828055159104e+00
-2.119505387475187241e+00
-2.576342767955036361e+00
-2.086853680759007013e+00
-1.101971557950503389e+00
-1.776301514479059485e-01
9.096943868868467842e-01
1.285850466040745044e+00
1.920066861049569029e+00
2.392759301708940356e+00
2.711752156380287992e+00
3.435245446987620355e+00
3.622109090961009414e+00
3.851317946896584132e+00
3.475437780235606677e+00
2.913664742916732830e+00
2.784348774245937186e+00
2.524903743559641534e+00
2.622903551482582696e+00
2.310280767217848030e+00
2.192332436884187441e+00
2.088577178022441583e+00
2.066359802969546244e+00
2.810536672263082902e+00
2.538600421675337060e+00
2.337359791202151982e+00
2.356752883279933375e+00
2.368831338919776819e+00
3.149605108307793611e+00
3.380748194266530948e+00
3.459045623482255749e+00
3.323476002926336825e+00
3.316173759749731609e+00
2.816089583281937703e+00
1.131282728082752875e+00
3.629629102764955206e-01
-3.383787995106117830e-01
-9.314708027534276402e-01
-1.095343437222904726e+00
-1.602759868035602775e+00
-2.023335303581182743e+00
-2.628383359706544020e+00
-2.489970824194386534e+00
-2.404750419098229397e+00
-2.368459950334420139e+00
-1.927731206902779437e+00
-2.219165666048648955e+00
-1.792783075689298622e+00
-1.564039191419527075e+00
-1.855777907861936082e+00
-1.931286107446787970e+00
-2.352541297076623295e+00
-1.904909384839215125e+00
-1.902072797763908918e+00
-2.612025300428606478e+00
-2.710762658513781620e+00
-2.553763657544055210e+00
-2.756818155697714712e+00
-3.372455410065691606e+00
-2.461982181476817466e+00
-1.741435745909075017e+00
-2.403157866459676661e+00
-2.067441692329674563e+00
-1.901939429868064080e+00
-2.039638873485842829e+00
-1.624799872611492724e+00
-1.585923670753641712e+00
-1.884377552714844972e+00
-2.249738866848872476e+00
-2.232966359556544766e+00
-1.484520694236901139e+00
-8.368683771371521196e-01
-5.998853290710819408e-01
2.893685045737873773e-01
9.165938807436202485e-01
1.156322653313273330e+00
2.007041862660410292e+00
2.288826687497067525e+00
2.943107985658020898e+00
3.528659900067171229e+00
3.258556326653198720e+00
3.510622001040285323e+00
3.194860424492431683e+00
3.033019756478528617e+00
2.912143956087553498e+00
2.367310839668394173e+00
2.807452527347957361e+00
2.611906836201469684e+00
2.168694626613915322e+00
2.267307625153636153e+00
2.278789179424016265e+00
2.754913062887809794e+00
2.971526787543169679e+00
2.670957180231730455e+00
2.508431011144838241e+00
2.949098732095472464e+00
3.007466325215380820e+00
2.874557119000389793e+00
3.618598145615065764e+00
3.573437094981577467e+00
2.960586845459908911e+00
1.949168875234669196e+00
4.249623460834342503e-01
-2.180340652638893539e-01
-7.064156454748153902e-01
-1.253113041486201507e+00
-1.735398739790234623e+00
-2.109542418062832159e+00
-2.508120771603801202e+00
-2.957987430536502593e+00
-2.497065252998963203e+00
-2.242339355424000313e+00
-2.220168883941167515e+00
-1.968979408407379950e+00
-2.088582224556138733e+00
-2.358832136165300852e+00
-2.546241889525962421e+00
-1.890993378440427364e+00
-1.898177773965897153e+00
-2.780296625153049206e+00
-3.021831542324357578e+00
-2.784656052309881336e+00
-1.657432274973722031e+00
-2.162431572005261149e+00
-3.213949708617861223e+00
-1.662136288026925035e+00
-1.789569408657113891e+00
-3.150906213178874982e+00
-2.331312492990951668e+00
-2.242498535696999085e+00
-2.679289151784840506e+00
-1.684558442166865344e+00
-1.828234576322530724e+00
-2.356521882850027616e+00
-1.895253312267173529e+00
-2.483322920706671155e+00
-2.501610972276594680e+00
-2.476049000257168231e+00
-2.588058017565984859e+00
-6.357509905721916432e-01
1.507821849011670157e-01
6.502523427484219187e-01
1.724771865993674380e+00
1.526007187168334944e+00
2.255842829224700363e+00
2.812241044992633832e+00
3.151759975390278967e+00
3.811160278220906417e+00
3.431843337093882340e+00
3.054204555782005670e+00
2.694903670996232847e+00
2.715768833521216674e+00
2.753841886711725362e+00
2.687462040394005491e+00
2.588631908284397376e+00
2.094652115624803468e+00
2.575863440049891651e+00
2.675213391321422662e+00
2.771787194172067981e+00
3.060906260929997291e+00
2.378336513479327952e+00
2.750175979632442314e+00
2.798182496316123924e+00
2.726313313452046305e+00
3.547805208880275618e+00
3.470220660402121293e+00
3.503943387211290617e+00
3.222450562584074252e+00
2.046492829182417594e+00
9.804671316767668010e-01
2.543627380965955975e-01
-4.326653707677577954e-01
-1.173659922884716655e+00
-1.292733246355813215e+00
-1.771223478824839326e+00
-2.323617502956253134e+00
-2.465375163713811268e+00
-2.884717683147294487e+00
-2.606956605157256135e+00
-2.307160040172638649e+00
-2.330668837301792973e+00
-2.310297952203659300e+00
-2.586497228493794154e+00
-2.545828193229489500e+00
-2.261900307450775749e+00
-1.650760002413517835e+00
-1.694404485319822795e+00
-2.546823460361901770e+00
-2.087516313245987298e+00
-1.697704143593046666e+00
-2.353229867774076389e+00
-2.092811698935371112e+00
-1.799989103014618674e+00
-2.443944377666649181e+00
-2.463475472502240304e+00
-2.189124590191219522e+00
-2.400241989530416120e+00
-2.066593810767538120e+00
-1.851546079326563010e+00
-2.250806338058037870e+00
-2.051310556503503246e+00
-1.820543650128012336e+00
-2.226130918024434635e+00
-2.485348831148477711e+00
-2.280362432963639385e+00
-1.790658811181501830e+00
-1.096153709358170580e+00
-3.124331537036963979e-01
2.299914077242548593e-01
7.739177156341541242e-01
1.619616014637720536e+00
2.164989027198340743e+00
2.517103897547653624e+00
2.960210480594375859e+00
3.119249817768393385e+00
3.281669207019786594e+00
3.313115874256083337e+00
3.032541999340871097e+00
2.910802938769714299e+00
2.781112587924299717e+00
2.790260485696274717e+00
2.667739031044772613e+00
2.124813376203180226e+00
2.181861213525712273e+00
2.585911649195435036e+00
2.659461657283019864e+00
2.595139124013047915e+00
2.567936646083371688e+00
2.554329987971455385e+00
2.433393187404649716e+00
2.810987638473247507e+00
3.038516966618750370e+00
2.825982976874510388e+00
3.238700260462009872e+00
3.273861320563651756e+00
2.582827967251116075e+00
1.611109254285091552e+00
5.079150975512054522e-01
-2.130114032077166097e-01
-8.412556909248920523e-01
-1.165810807619594769e+00
-1.555663578660824609e+00
-2.069963245639613980e+00
-2.413794368589254447e+00
-2.855499349172565093e+00
-2.544438980530916883e+00
-2.302675988283807929e+00
-2.436422193317941520e+00
-2.299813486808041318e+00
-2.237818392582141325e+00
-1.767192669426890461e+00
-1.925072468332462483e+00
-2.386754197038185143e+00
-1.968580866224787673e+00
-1.961450158899628704e+00
-2.200391134469749765e+00
-2.075960945411858827e+00
-2.162986341611207841e+00
-2.448224574947211352e+00
-2.174777352721158241e+00
-2.213303967515428017e+00
-2.730419884246300555e+00
-2.253497351397053983e+00
-2.305483075110140501e+00
-2.551522675370247129e+00
-1.996658858070612164e+00
-2.020939270309487057e+00
-1.793910704097611220e+00
-1.733236614538547604e+00
-1.886425406253344539e+00
-1.603974438483930287e+00
-1.974955800497478764e+00
-2.183439841050955454e+00
-1.763055402793021864e+00
-8.505729454628401243e-01
2.484475431812627477e-01
1.003043632977158817e+00
1.575809985561855475e+00
1.736192832963956656e+00
2.327564242629625912e+00
2.910913782325577515e+00
3.113842762465060865e+00
3.668771200183444936e+00
3.456276064950718041e+00
3.142553859109665115e+00
3.129402473242585803e+00
2.825350551053196657e+00
2.933706700517531463e+00
2.864074317163546990e+00
2.526755259275942134e+00
2.257779471872557231e+00
2.098277134472365635e+00
2.239518697088374477e+00
2.497735680439722383e+00
2.953671569428555355e+00
2.679678719135408560e+00
2.162622370284244422e+00
2.629930419786460138e+00
2.835725836836597846e+00
3.048515929135078295e+00
3.727915149509958503e+00
3.656047653332934910e+00
3.303683213352607506e+00
2.632365507632130619e+00
1.146133414223705405e+00
-5.069394210670452594e-02
-9.086471963366726801e-01
-1.375976797620092063e+00
-1.237684391943266293e+00
-1.547803259813556043e+00
-2.154640318459447812e+00
-2.672065983330163874e+00
-2.958008946347967072e+00
-2.668397180629035859e+00
-2.369439060593570012e+00
-2.104742987164967438e+00
-1.984009779049245914e+00
-2.158936608075368913e+00
-2.274946315284282594e+00
-2.220905929845355953e+00
-1.983175006608778768e+00
-2.222564689898323120e+00
-2.589361941049744154e+00
-2.502750590722621293e+00
-2.490860693354794986e+00
-2.392281963140039824e+00
-2.302377140922216014e+00
-2.337089711661016533e+00
-2.593135451231633137e+00
-2.906934214747229905e+00
-2.280175342126265825e+00
-1.792947533967014895e+00
-2.307403565515445454e+00
-2.277129339532059760e+00
-1.954250896494832634e+00
-2.105389173490492816e+00
-1.873883377027468544e+00
-2.091841572415859662e+00
-2.710351375650415395e+00
-2.147437204322064197e+00
-1.539714983473722043e+00
-1.011308312869263037e+00
-9.240587201811822915e-02
2.557713516562165612e-01
7.570504061055431944e-01
1.539640605735083323e+00
2.151344626317581277e+00
2.541529922377233852e+00
2.912628182111037134e+00
3.512743213955677568e+00
3.321747869059281655e+00
3.140858889389708253e+00
3.322029839655675776e+00
3.025128098664706666e+00
2.934503512033121098e+00
2.570544580406045831e+00
2.345884855443605588e+00
2.538886554414605090e+00
2.263304812599296056e+00
2.139794645416408514e+00
2.236565194677497370e+00
2.639462257951989077e+00
2.890027118023691610e+00
2.663441505149540145e+00
2.723839582001347459e+00
2.972587487222742464e+00
3.382613480439452314e+00
3.242578645102178303e+00
3.196001827127366468e+00
3.495271164142405684e+00
2.563677962735258831e+00
1.595133199573343763e+00
5.840545480324199623e-01
-5.922326054796873684e-01
-9.287383269943796371e-01
-1.456960802923743969e+00
-1.664586239692491976e+00
-1.770256004506748360e+00
-2.552655209715791962e+00
-2.956842270394366423e+00
-2.719948645120993547e+00
-2.222969264931555777e+00
-2.265821918919701083e+00
-2.481883287921228920e+00
-2.239294721724014448e+00
-2.121312662367337065e+00
-2.331727558787329180e+00
-2.542737295027596378e+00
-2.248759032948272729e+00
-2.200600378796758072e+00
-2.539462265163776600e+00
-2.320157733089481589e+00
-2.020930291440913962e+00
-2.045433775847285585e+00
-2.286257603938325556e+00
-2.517459502144951955e+00
-2.568184829143921988e+00
-2.571165357786208805e+00
-2.509729231971487007e+00
-2.332596162753598712e+00
-2.214861864487222665e+00
-2.170279074470487846e+00
-1.883312896329515373e+00
-2.014690084485687205e+00
-2.060023014367954985e+00
-1.609188068215708700e+00
-2.126365960656327214e+00
-2.364824814898140559e+00
-1.677210533700364659e+00
-9.036401998686658388e-01
1.835646712240395217e-01
8.159451364893492986e-01
1.408213347426125805e+00
2.046844001185612161e+00
2.360894522830204068e+00
2.945131512888903735e+00
3.345869292683250951e+00
3.553621317512279720e+00
3.351298271964214592e+00
3.129163277116919772e+00
3.391632125680590804e+00
3.011283629885984858e+00
2.566500428053594796e+00
2.616841812870604578e+00
2.238598839495938186e+00
1.798882961911781653e+00
1.996869252592038402e+00
2.109583667581829580e+00
2.406749053006360661e+00
3.311562977049897771e+00
2.828445362309099487e+00
1.983561643054614132e+00
2.581341188827718014e+00
3.080140009036001381e+00
3.667991978511339290e+00
3.874981604107512023e+00
3.197816756204460376e+00
3.182948255363005075e+00
2.780796594704504798e+00
1.279747156037863931e+00
-9.348119171471802602e-02
-5.448565293049560943e-01
-4.739895370011860121e-01
-1.121183218083986688e+00
-1.709156023730623364e+00
-2.163566400521079736e+00
-3.006827544572661104e+00
-2.865777806994993959e+00
-2.487114755303378111e+00
-2.326482856874477978e+00
-1.888014638939397916e+00
-2.134854522545184263e+00
-2.159340651865395699e+00
-1.807344582888325002e+00
-2.083628092569984602e+00
-2.342326968710060520e+00
-2.498201709518852009e+00
-2.594392503784796133e+00
-2.524842175996650173e+00
-2.239506447303001302e+00
-2.062014282184220892e+00
-2.057491474560428024e+00
-1.345960150201672478e+00
-1.723454892807569472e+00
-3.300258471591039910e+00
-3.026983537559077675e+00
-2.296492595623696342e+00
-2.519546479344485501e+00
-2.149247429039196522e+00
-1.855724852860739293e+00
-2.296051236099576620e+00
-2.278809528149601249e+00
-1.988564133068790651e+00
-2.226077939736050393e+00
-2.131111551722447928e+00
-1.584321268284496487e+00
-1.138030043800249747e+00
-3.751968447521367711e-01
2.454836410823435511e-01
6.860217579625067508e-01
1.533349387845521994e+00
2.160324564913823853e+00
2.495844879423111173e+00
2.873993827428376946e+00
3.094348193522954205e+00
3.244425626661841200e+00
3.264898392434441021e+00
3.164204694394847195e+00
3.188587379284896439e+00
2.979544164687978558e+00
2.669765796632988408e+00
2.662281559461097569e+00
2.330261479893478427e+00
2.060793383793328104e+00
2.505586012839124965e+00
2.718727803434784374e+00
2.699512516144349838e+00
2.867210221964854533e+00
2.571698140635848340e+00
2.190676554048365254e+00
2.656486142687142227e+00
3.411154498243428090e+00
3.678583714640933255e+00
3.737030410413169523e+00
3.259210599166471045e+00
2.317073818987124056e+00
1.772104454306392851e+00
5.420466347241332805e-01
-8.424660684909914821e-01
-7.085761700563604215e-01
-8.549132253175236729e-01
-1.615665214413833262e+00
-1.945360358209615947e+00
-2.633433596179631575e+00
-3.057345834057115574e+00
-2.595124101634386893e+00
-2.145528416454784093e+00
-2.091237649369049212e+00
-2.085430036854357905e+00
-2.047875459076988314e+00
-2.244015202239363571e+00
-2.292612833885581569e+00
-2.116895750039568647e+00
-2.077459179488907015e+00
-2.171412770164532269e+00
-2.050686741077048847e+00
-1.734671109385984789e+00
-2.279490839728633755e+00
-2.849749143256453010e+00
-2.621930751409511817e+00
-2.826439546638272571e+00
-2.606841209250059244e+00
-2.199954802519034303e+00
-2.550854676777914776e+00
-1.979286757914421546e+00
-1.723672725852233301e+00
-2.300510391161541879e+00
-1.715782865784144073e+00
-1.694847423242243689e+00
-1.895622185505295931e+00
-1.314912717658085040e+00
-2.085969688981899495e+00
-2.327723442269264087e+00
-1.547605637946603885e+00
-1.046570146876543372e+00
2.952426338416591634e-01
9.446652602738035975e-01
1.576028194237525604e+00
2.430106013613398286e+00
2.211650525374875720e+00
2.987877058224626126e+00
3.229350094775550684e+00
3.053835895536928469e+00
3.595047741281904408e+00
3.120470329006613142e+00
3.185805952157083620e+00
3.033057403651672423e+00
2.506369859590347193e+00
2.654820246834621145e+00
2.327960145400708392e+00
2.665103423269801652e+00
2.786795659576399853e+00
2.569575997158452196e+00
3.168465578246921766e+00
3.139719578090663710e+00
2.466023206038235660e+00
2.167734288565210665e+00
2.533774775454936012e+00
2.629266765211661472e+00
3.190108442158321012e+00
4.140403313526553220e+00
3.690614842561922071e+00
2.991723965249299511e+00
2.149905431225348718e+00
1.271316204872149580e+00
3.206131069358582053e-01
-8.528793937686445226e-01
-9.445530678438649463e-01
-1.267862620067157664e+00
-1.828958766473481212e+00
-2.492886998237732854e+00
-3.288621986705057676e+00
-2.919494215389722314e+00
-2.557569483905424157e+00
-2.152981268847399487e+00
-2.012062487494612029e+00
-2.290488027809624683e+00
-2.019018050103739803e+00
-2.268272708315968167e+00
-2.406624147715395790e+00
-2.170624942058794193e+00
-2.310873869021602189e+00
-2.622852590202744416e+00
-2.742893307871799191e+00
-2.391923720994586056e+00
-2.316196356688044578e+00
-2.040420671397480401e+00
-1.836004765775596681e+00
-2.327838827260208188e+00
-2.688412866066232976e+00
-2.818461960902937324e+00
-2.246479621769388313e+00
-2.319652889259821382e+00
-2.805003817692865997e+00
-2.085607154733545077e+00
-2.491210240982701940e+00
-2.909462307676936810e+00
-2.295187984082710297e+00
-2.423876837564301834e+00
-1.672523319908319150e+00
-1.284563317121670156e+00
-1.362433140142455645e+00
1.641698311525709997e-01
5.685724682404980079e-01
8.439307437097888220e-01
1.991960667672705299e+00
2.153098311968801859e+00
2.731558589068423970e+00
2.946539380254759699e+00
2.942294246861136831e+00
3.337191196954605754e+00
3.227445862350978967e+00
3.551988693632642136e+00
3.023512611230976255e+00
2.669823083903470451e+00
2.962196895821247011e+00
2.232217056371182728e+00
2.440570967021105542e+00
2.514359768450526111e+00
2.287526237514595717e+00
2.732307158577666595e+00
2.570539212201823354e+00
2.788733826065377119e+00
2.715130355974692211e+00
2.341709197143367227e+00
2.881769557286916417e+00
3.493859806917289923e+00
3.691353523852869412e+00
3.543922897205732614e+00
3.143711138537288452e+00
2.127870448494509237e+00
1.377766806060930715e+00
6.905504261231016905e-01
-3.404751038150577447e-01
-5.790154180405167050e-01
-1.257360433579512105e+00
-2.038842573228041299e+00
-2.264641924748743484e+00
-2.744171943678311631e+00
-2.869963287682673059e+00
-2.625768001614246394e+00
-2.283006484807151626e+00
-2.379175889978900837e+00
-2.374138578852325931e+00
-2.032183976661639413e+00
-2.150024745985615215e+00
-2.090756208573537833e+00
-2.017629377387626377e+00
-2.015522088537066381e+00
-2.317223646009755278e+00
-2.662947008768252743e+00
-2.495287505130472816e+00
-2.779168564058990043e+00
-2.627648117045009002e+00
-2.477059195254422974e+00
-2.867068245005359284e+00
-2.229500940443413182e+00
-2.060511764372173094e+00
-2.483954574762003098e+00
-1.978908141248336694e+00
-1.964713806367276439e+00
-2.177479968139210964e+00
-1.633339907771719002e+00
-1.994871111757566817e+00
-2.186805021704850915e+00
-1.271112668160588877e+00
-1.657752926672137139e+00
-2.166642770915825356e+00
-1.659913653935145783e+00
-8.154653298550176288e-01
4.081157240876502890e-01
8.486106870496752386e-01
1.522056573027739557e+00
2.136230829856843094e+00
2.041535592991466252e+00
2.738959931083387200e+00
2.922776127241282662e+00
3.512195117527094013e+00
4.196718905196049398e+00
3.210619632320896866e+00
3.000143078047258438e+00
2.860939126662658705e+00
2.564950035369289782e+00
2.880837552288065595e+00
2.498968133180224704e+00
2.522679218548944835e+00
2.466703838509924918e+00
2.301733684512499156e+00
2.797204365726499109e+00
2.549278122681716052e+00
2.064659444227651353e+00
2.045576805665840325e+00
2.488783502406719084e+00
3.097723043254201780e+00
3.560877120419249309e+00
3.778129141612472708e+00
3.481497352047339788e+00
3.503397569638866837e+00
2.740381410975205156e+00
8.929328546611049466e-01
6.115931000667429451e-02
-2.553354316511847744e-01
-8.870849947778159938e-01
-1.552489575420841206e+00
-2.165673684031272028e+00
-2.735701858810259957e+00
-2.929914335392002300e+00
-2.712750619527116047e+00
-2.511700384690903842e+00
-2.138268869174662967e+00
-2.242995605848723262e+00
-2.517838015204857616e+00
-2.309587705531808144e+00
-2.245294909429393027e+00
-1.975759213502287670e+00
-1.949748651669683808e+00
-2.211056813368313279e+00
-2.058733210101053146e+00
-1.681038835761377692e+00
-1.662947602618999321e+00
-2.688647952397082985e+00
-3.081167823073557521e+00
-2.870886579125123017e+00
-3.005910582916508034e+00
-1.765117345355885936e+00
-1.523260253684977750e+00
-3.296950098304475496e+00
-2.961123992498507107e+00
-1.727941944789756823e+00
-2.409083186494132889e+00
-2.368905001165572344e+00
-1.430466705400108118e+00
-2.246179909124312424e+00
-2.784119263685582268e+00
-2.092371500702568721e+00
-1.687474327326510259e+00
-1.060942865461513840e+00
-6.554937808259708731e-01
1.441771456551808051e-01
9.542254219426540285e-01
9.952278351432645165e-01
1.996527680976507790e+00
2.303150175802771038e+00
2.642385737580164040e+00
3.634668141539383335e+00
3.223373880448696216e+00
3.701995512799019394e+00
3.507653477152216759e+00
2.626143362637832990e+00
3.078473164099947201e+00
2.542566237516639127e+00
2.597256213032410610e+00
2.416719834679951440e+00
1.675534671032146150e+00
2.153586661578223538e+00
2.089567294286566401e+00
2.672187639786370195e+00
2.925906295930429390e+00
2.445971125837940630e+00
2.669449403934921694e+00
2.950502571785540873e+00
3.661962264115679044e+00
3.301309437042916350e+00
3.318944210146723695e+00
3.586249037405034201e+00
2.579519677128387922e+00
2.220580562159335525e+00
4.499960339991039837e-01
-6.646661209311952589e-01
-1.138550382751316037e-01
-1.243095237968633748e+00
-1.713235680395967853e+00
-1.892220638541311173e+00
-2.742034492820526914e+00
-2.786463791592889372e+00
-2.509638372933248540e+00
-2.160614687216260599e+00
-2.106017834707918368e+00
-2.189645945511638381e+00
-2.174902706594922908e+00
-2.111363045032673469e+00
-2.045500693178784246e+00
-2.021062123910541075e+00
-1.995523173537785855e+00
-2.134618479005863989e+00
-1.989804324989482121e+00
-1.877416914678813553e+00
-2.081127337269255140e+00
-2.502325843018709861e+00
-2.608980557181103777e+00
-2.052632166472645014e+00
-2.414098169514842684e+00
-2.649502092756932825e+00
-2.028436153647914519e+00
-2.485449875326682267e+00
-2.488769790252522984e+00
-1.903227941019485892e+00
-2.261939388300427733e+00
-1.816727200116527552e+00
-1.486225566876874904e+00
-2.078510045555731711e+00
-2.071311135814037918e+00
-2.598483055707741407e+00
-2.143432415371516075e+00
-4.397683132104703851e-01
5.276146095626309956e-02
9.888744854610326263e-01
1.663684233466724560e+00
1.713097122979767573e+00
2.410302913446549677e+00
2.801480509556861787e+00
3.381936113004548439e+00
3.461901766397783575e+00
3.376346457073195584e+00
3.432754146423055985e+00
2.983459403012125755e+00
3.026495876108175942e+00
2.679315538238248973e+00
2.608982267012778689e+00
2.615735117180987501e+00
2.187725403631618271e+00
2.528049215891011947e+00
2.613692715583384896e+00
2.907193835751506139e+00
2.573025989215668385e+00
1.876186888231639927e+00
2.415635004432969968e+00
2.664660816627964834e+00
2.878814089109018148e+00
3.039259731283985300e+00
3.489238213161373725e+00
3.852251030943734555e+00
3.227849572673501477e+00
2.326000308909284442e+00
7.553216640141671157e-01
4.723789274671882921e-01
3.758120455101199298e-02
-1.500468092821612753e+00
-1.163257443252352363e+00
-1.452046991342359261e+00
-2.454818426156410993e+00
-2.741878729726367148e+00
-2.859555440590388464e+00
-2.379829497616075429e+00
-2.546947507249909926e+00
-2.874135522059189984e+00
-2.706930026572501369e+00
-1.908208877404836468e+00
-1.298295604430039552e+00
-2.100392331966456361e+00
-2.225013059350225753e+00
-2.162546971068672441e+00
-2.764982962943792089e+00
-2.518908103916966290e+00
-2.041466520202662061e+00
-2.169373160483415219e+00
-2.540552223009469479e+00
-2.540443703879208925e+00
-2.541979794034410212e+00
-2.387058531406392792e+00
-2.003636973091011075e+00
-2.475704850559325987e+00
-2.531249962249444874e+00
-1.819598006153978487e+00
-1.836772171138463694e+00
-1.700093625062570668e+00
-1.391947388023131005e+00
-2.047845095116128444e+00
-2.365923493597270610e+00
-1.878601692889394936e+00
-1.569076532402250646e+00
-1.235731724496516915e+00
-5.353506344522047655e-01
4.772573120027765459e-01
7.707392035485941539e-01
1.038883804661297150e+00
2.062567116426190061e+00
2.395111003455997256e+00
3.141542223524225186e+00
3.503624854937174238e+00
2.894873909950058888e+00
3.203619812428048608e+00
2.901344676552717328e+00
2.828069693078400171e+00
3.081119650157044809e+00
2.502938421296998506e+00
2.678433152171090459e+00
2.672812306067598787e+00
2.429422946281543094e+00
2.037009940088890136e+00
1.883846161631596017e+00
2.678303023013161255e+00
2.574641066317300275e+00
2.276688341665775717e+00
2.319656089997911952e+00
2.751610882592326224e+00
3.333406481076805594e+00
3.133259755155644033e+00
3.496950535475271682e+00
3.499420161561651366e+00
2.753415175069434007e+00
1.793015430069382798e+00
3.147990352874741049e-01
-2.895692755139268604e-01
-6.892735513375579659e-01
-1.538727151574400542e+00
-2.032851272225012274e+00
-2.157669231033905177e+00
-2.475434180995221389e+00
-2.890280870966257520e+00
-2.626846986740656753e+00
-2.377942867443919805e+00
-2.241490074032489677e+00
-2.191164863634332161e+00
-2.236075526356844367e+00
-2.274122771943782872e+00
-2.650470986055518008e+00
-2.511773279711607465e+00
-2.522907326105753967e+00
-2.470247456448057211e+00
-2.454272268895277165e+00
-3.185257821422593949e+00
-2.270425801984417902e+00
-1.817979442570933024e+00
-2.750712077572060377e+00
-2.094264916154783940e+00
-2.267818823891248670e+00
-2.938681918302902041e+00
-2.021241438904448628e+00
-2.201985791588624064e+00
-2.460068512248323902e+00
-1.608589684062771585e+00
-1.912768620771308825e+00
-1.784231433041583381e+00
-1.283534339077601949e+00
-2.020561954541417293e+00
-2.255570528019128496e+00
-2.251467158299562676e+00
-1.704116640602363120e+00
-5.338279331796886851e-01
2.051701293624692557e-01
1.076369352908867372e+00
1.385716843260980324e+00
1.700124772055636502e+00
2.169730744033092407e+00
2.792493164261448335e+00
3.711349034583681927e+00
3.553228458983480387e+00
3.609617267902932802e+00
3.371295346480519317e+00
2.906141558708803529e+00
3.385875534441700196e+00
3.304397243799249484e+00
3.030137321341986212e+00
2.215217100517525406e+00
2.154705139026164229e+00
2.865436166757694636e+00
2.218760661469168394e+00
2.627953982010836853e+00
2.971254162449548542e+00
2.160662382671693305e+00
2.413065049547166385e+00
2.624993316187976156e+00
2.632042460037515852e+00
3.505161358443585229e+00
4.058737303642092620e+00
3.431129099990243514e+00
3.265597301776610450e+00
2.928187683519283269e+00
1.183774075812368043e+00
-1.905818392171316766e-01
-8.501588396576409412e-01
-1.105119316677688035e+00
-1.502421862565782806e+00
-1.895476062129875405e+00
-2.227126061065851204e+00
-2.946991958256706567e+00
-2.806081310612519975e+00
-2.863003484598948489e+00
-2.711314485445086131e+00
-1.942051167440630666e+00
-2.352406012501113253e+00
-2.369478253266219081e+00
-1.985296832176228987e+00
-1.830250608087022224e+00
-2.086857660205398979e+00
-2.749732853754367490e+00
-2.436157207238758726e+00
-2.607930199189941067e+00
-2.979170896960171788e+00
-2.836585025421121120e+00
-2.738082616943334546e+00
-1.802666148352593645e+00
-1.854087353075851707e+00
-2.790146723528973194e+00
-2.383782880550069372e+00
-1.892802700731098353e+00
-2.118401862601988928e+00
-1.894276194417932047e+00
-1.731349144405406104e+00
-1.942059634516932976e+00
-1.402617330554221331e+00
-1.857383694308238686e+00
-2.657555336894268372e+00
-1.574729061965169707e+00
-1.065480162799335329e+00
-9.371324420170186187e-01
-9.742168191803446398e-02
5.687181976334212408e-01
1.126425694860694326e+00
1.443118866942706191e+00
2.076419538895314165e+00
2.405799927631329549e+00
2.969410431104325898e+00
3.856627624078240668e+00
3.216171957345613119e+00
2.653895843868157911e+00
2.786897989000711728e+00
3.549945136365540765e+00
3.613289733663954006e+00
2.288709252241384107e+00
3.084144192856026923e+00
3.306459369185077435e+00
2.076169617127531453e+00
2.652226554666562652e+00
2.658781271908466248e+00
2.554957247880299764e+00
2.946421284441898436e+00
2.551576538369005220e+00
2.794217196979196238e+00
3.274863870956532086e+00
3.140055510296942298e+00
3.043256417950086057e+00
3.257716560335695899e+00
3.139119824248169710e+00
2.848106428536131940e+00
2.182079301008064576e+00
5.059080503129491646e-01
-4.546904991982136934e-01
-7.490315392630597646e-01
-1.434833355378440478e+00
-1.526614626114238149e+00
-1.587277012227426010e+00
-2.574101867802324861e+00
-3.027187197473700131e+00
-2.627075576814458024e+00
-2.535028155413667328e+00
-2.253239483595294246e+00
-2.159660405061614608e+00
-2.107649860087846605e+00
-1.775102591500633764e+00
-2.178371576189223724e+00
-2.096377723569545992e+00
-1.910341059457874247e+00
-2.310243933904604141e+00
-2.576377766975071815e+00
-2.712783811690387736e+00
-2.302312542507637172e+00
-2.376436670342139124e+00
-2.418073482687735698e+00
-2.404353846175438569e+00
-2.805982469902354115e+00
-2.264238420385203732e+00
-2.490038353788311287e+00
-2.732413963213657926e+00
-1.899125754817579059e+00
-1.865233596885648604e+00
-1.981948029573479708e+00
-1.939169380466862602e+00
-1.689885006629512354e+00
-1.723178417331672208e+00
-2.613226689157834848e+00
-2.928367019081980160e+00
-1.986017294506553954e+00
-6.463340922766360741e-01
-1.464814495675037520e-03
6.916419041057496608e-01
1.323146651251967842e+00
1.471176719703045421e+00
2.227182067140947019e+00
2.773064734222449701e+00
3.050796502648795983e+00
3.518803630933384330e+00
3.476003705511776065e+00
3.176190212236282839e+00
2.972585059197403901e+00
2.815425420516637800e+00
2.498171366689913686e+00
2.333742548923123827e+00
2.332229127229172860e+00
2.285166226540788603e+00
2.332838848879913662e+00
2.287274140068915163e+00
2.569988658494431810e+00
2.894634731614756706e+00
2.440619621251826743e+00
1.945393175887198955e+00
2.454282146059807879e+00
3.151699429324730239e+00
3.360367297258230135e+00
3.684754325155305210e+00
3.553393601100586885e+00
3.207170249418263452e+00
2.460430723533594488e+00
9.626959253917517501e-01
1.170674224559145049e-01
-7.626111844798554307e-01
-1.262025863330466846e+00
-1.230260050743163580e+00
-1.771288714923008767e+00
-2.047789595531478213e+00
-2.797070370609882062e+00
-3.086634416467535225e+00
-2.440581587630294536e+00
-2.193096293990869139e+00
-1.783610241894454607e+00
-2.183379720649547551e+00
-2.530351249964031268e+00
-2.217570013946698282e+00
-2.471827954929358917e+00
-2.441423700277973285e+00
-2.556303146762386902e+00
-2.751689509947689238e+00
-2.640900348854186674e+00
-2.249015343848895565e+00
-1.715868888149600480e+00
-2.015548425132921206e+00
-2.148103528774153226e+00
-2.390378732530614947e+00
-2.562850974364535794e+00
-1.966843399068590514e+00
-2.253610688649444249e+00
-2.183143033632485963e+00
-1.679180237656360708e+00
-1.876828790723678031e+00
-1.782781643549740780e+00
-1.968081299279957452e+00
-1.979867446424251831e+00
-1.899586741009541280e+00
-2.191751397648258326e+00
-1.474793476833959671e+00
-8.612578310850036445e-01
-4.822623700102430799e-01
5.049329104942903435e-01
7.618999049428720749e-01
1.194496841060814329e+00
2.117882582330127939e+00
2.434710059996390896e+00
3.210443781244021189e+00
3.679778449979240751e+00
3.377915576970777600e+00
3.594057430926792307e+00
3.393289403427305118e+00
3.182119233277183490e+00
3.332865107063637478e+00
2.716998356261945524e+00
2.289400592914986099e+00
2.198175152908451224e+00
2.261892486128179058e+00
2.510649188162302980e+00
2.350065294756126022e+00
2.612893028284568153e+00
3.007681763976306932e+00
2.775169963282094088e+00
2.488663018037669872e+00
2.666129266975370005e+00
3.176828119204674117e+00
3.274045696934238858e+00
3.471579222749052285e+00
3.522957770506176978e+00
2.574234610184037653e+00
1.467850925103447501e+00
2.733787734817583193e-01
-6.399644410096965164e-01
-8.552941737523274135e-01
-1.272454270605482440e+00
-1.832409989247416160e+00
-2.161301072212115315e+00
-2.625503564901440878e+00
-3.096010248876751803e+00
-2.897734168954044343e+00
-2.475328298691033879e+00
-2.241651785478086190e+00
-1.961013560480119766e+00
-1.990338159264531948e+00
-2.022909350846269660e+00
-2.065414724890416664e+00
-2.125185445603236190e+00
-1.945716428340575899e+00
-2.549012669800061914e+00
-2.883787562748517885e+00
-2.244398138250828900e+00
-2.958177235400483163e+00
-3.969260664446362608e+00
-2.938021473763375191e+00
-1.583218191972770139e+00
-1.839404450976625638e+00
-2.827910463396436924e+00
-2.310199139384122802e+00
-1.630816915294912128e+00
-2.512460599696499042e+00
-1.723169739403875189e+00
-1.037158043878082747e+00
-2.359228303011964289e+00
-1.794389486069458250e+00
-1.758742061766443543e+00
-2.384515463506066357e+00
-1.619893412837461355e+00
-1.912800384118057417e+00
-7.439071348606711709e-01
5.988916460836077871e-01
5.396680070613290026e-01
1.908486183840092831e+00
2.213932003196894982e+00
2.378157378654958798e+00
2.986065576702675362e+00
2.868358098136639889e+00
3.689793306071807333e+00
3.421337430666022250e+00
3.109369466153108164e+00
3.372053092205225422e+00
2.624774843229559895e+00
2.653999418907690977e+00
2.555215840307651920e+00
2.391936837142230488e+00
2.621622995086607233e+00
2.268951271872726938e+00
2.181336220139977300e+00
2.362739876225660396e+00
2.771681908561760999e+00
2.774855176700717241e+00
2.414517425385782623e+00
2.573312681265321089e+00
2.843376795507051913e+00
3.226827711643557528e+00
3.576857657853875772e+00
3.839091555657520694e+00
3.547651344172661592e+00
2.367650097408782184e+00
8.635442910340321854e-01
-2.154954792664889596e-01
-4.926684718938890706e-01
-9.247885011883433259e-01
-1.204712440247490912e+00
-1.668172129359164479e+00
-2.702186252953264756e+00
-2.868354708966026401e+00
-2.840875415582482688e+00
-2.678417715342249039e+00
-2.175872083458502804e+00
-2.051147172514769856e+00
-2.091004877217188085e+00
-2.203943601111977735e+00
-1.914112634087736353e+00
-1.896270342929788466e+00
-2.475054606830344284e+00
-2.783575144729140582e+00
-2.675206678745337463e+00
-2.348025341651188924e+00
-2.520369297079121385e+00
-2.680551463859303318e+00
-2.423465184039108600e+00
-2.358529349489114857e+00
-2.728234485432714518e+00
-2.840784896934406056e+00
-2.175958344161820879e+00
-2.425973090743732463e+00
-2.376496432221564703e+00
-1.416544408491604123e+00
-1.912899104881936818e+00
-1.968476912845076976e+00
-1.716663445892933959e+00
-2.315886272962130121e+00
-2.341699691182897780e+00
-2.371069349315516828e+00
-1.514004642554437119e+00
-6.252820501493485672e-01
-6.137361185462126834e-01
4.867760429277896983e-01
1.075491409577946866e+00
1.490199423751338070e+00
2.415813169982277575e+00
2.303550666658967128e+00
2.879125488139258948e+00
3.371457882578771326e+00
3.083430633705194435e+00
3.565206357354384625e+00
3.436914028636250062e+00
2.732296300372447195e+00
2.532358151492458020e+00
2.683004458637556766e+00
2.664618886116908669e+00
2.290929694549058038e+00
2.261705396906233734e+00
2.308026686465218802e+00
2.527305305420282977e+00
2.746524630398394784e+00
2.590342597362289112e+00
2.613922841841051614e+00
2.449962823421781177e+00
2.595122950462256384e+00
3.231615418306942988e+00
3.606183363606802139e+00
3.804443780958827848e+00
3.383791130980857709e+00
2.224202840955629590e+00
1.150609371223295874e+00
4.992512924257321849e-01
-2.996405228873207927e-01
-8.522436300741375037e-01
-9.873890232358635277e-01
-1.528532342441545122e+00
-2.110271987067437571e+00
-2.902265955072575565e+00
-3.157600473892014037e+00
-2.363997635227510941e+00
-2.098935960768320896e+00
-2.256898041884769057e+00
-2.588615036193381957e+00
-2.624828811392769357e+00
-2.094254042703188379e+00
-1.944997807304116755e+00
-1.924566707136460719e+00
-1.978665263707563460e+00
-2.192099511143993151e+00
-2.556733365673995451e+00
-2.564094242967100534e+00
-1.966750821837991214e+00
-1.501624367649753600e+00
-1.028191389724802729e+00
-1.804077105735616193e+00
-3.284296515397793215e+00
-2.898057762254519609e+00
-2.086141541409461286e+00
-2.498240876442977765e+00
-2.596064840923858696e+00
-1.667296488178399594e+00
-1.997752317674326594e+00
-2.678451550571841366e+00
-1.871902697636006030e+00
-1.794865518176886221e+00
-1.717169776378675516e+00
-1.842348897477466441e+00
-2.224957236362724355e+00
-4.586126220713048762e-01
2.662061922998123498e-01
4.591205547298464196e-01
1.953145836952534298e+00
2.144583507645334564e+00
2.632715967555234293e+00
2.908170809984246485e+00
2.564822112398157383e+00
3.411589729269669302e+00
3.407867853864555485e+00
3.245992108488243044e+00
3.459462432537001586e+00
2.911491593183441307e+00
2.620142210408862748e+00
2.484781392678907075e+00
2.533638005873068533e+00
2.460755788248389031e+00
2.266589755967935993e+00
2.578091155714786087e+00
2.812356533764130084e+00
2.906144391533571625e+00
2.390969644849203934e+00
2.065725281208415698e+00
2.659548247806328813e+00
3.035706270364801007e+00
3.774813673684557447e+00
4.350946275764989934e+00
3.770790695346394994e+00
2.925388763950214965e+00
1.959578093726717540e+00
1.067805984939129704e+00
2.396962676203095721e-01
-6.224146792495315328e-01
-9.103838912206012601e-01
-1.268596731617806173e+00
-2.065999876972995253e+00
-2.493741594140983953e+00
-2.836210011431581357e+00
-2.829877915667748489e+00
-2.183497797607459656e+00
-2.041683759348798866e+00
-2.040203777933662366e+00
-2.160253183837966606e+00
-2.600018471828609457e+00
-2.362628552505789070e+00
-2.123619995862773280e+00
-1.934318885951243461e+00
-1.889486798237125731e+00
-2.623064656615474277e+00
-2.980378036193577884e+00
-2.779125803350098067e+00
-2.218220455618561626e+00
-1.979442916246926476e+00
-2.672920331616539524e+00
-2.672703548321069711e+00
-2.204345916128296778e+00
-2.590688026264396981e+00
-2.703351383239982031e+00
-2.024354807200956952e+00
-1.848699536925579423e+00
-1.960820248479790973e+00
-1.517298662186297387e+00
-1.091774619679121816e+00
-1.398683376357569452e+00
-2.327554944893784228e+00
-2.199552799923081725e+00
-1.369411507953520069e+00
-1.176313273658964764e+00
-2.344682334509493316e-01
6.665277611119589940e-01
9.824172841162001069e-01
1.818005337642981001e+00
2.299378375955032805e+00
2.605896863915044825e+00
3.068590188125811746e+00
3.476805091049351759e+00
3.781550522380450197e+00
3.497181756476014591e+00
2.895325485386011088e+00
2.684292481964786425e+00
2.869888701513741314e+00
2.511262033810196748e+00
2.376294861787130674e+00
2.553329420831381480e+00
2.037385385763793355e+00
2.297465188109374168e+00
2.661693484771384899e+00
2.497260531008410833e+00
2.705710800678684524e+00
2.454356557570534836e+00
2.354106679608129138e+00
2.713694976372071466e+00
3.140159322432156230e+00
3.498274015025200967e+00
3.198046877439667757e+00
2.752816138482999886e+00
2.007777687451700377e+00
1.064661239508921664e+00
4.079969711731652460e-01
-3.595002050438831365e-01
-6.636320498188167383e-01
-1.030725159964263948e+00
-2.004464029179669371e+00
-2.308166828164204709e+00
-2.614427213060177557e+00
-3.111785160820392804e+00
-2.594941172558187237e+00
-2.226607962244605332e+00
-2.367849161344934839e+00
-2.501743454180012538e+00
-2.510591329899841906e+00
-1.925850842697215182e+00
-1.699773679577720520e+00
-1.922975337078094427e+00
-2.394681546127872096e+00
-3.022760984804909956e+00
-2.629482911123726119e+00
-1.869808617400193107e+00
-1.711794999063628309e+00
-2.196158664261606219e+00
-2.761267632169237096e+00
-2.681758317349442144e+00
-2.335538167111319119e+00
-2.638696998108679637e+00
-3.109950183541347890e+00
-2.326834465136171204e+00
-2.233943953905900504e+00
-2.666564381294534325e+00
-2.013304590572923658e+00
-2.287311280998151286e+00
-1.954265363316197934e+00
-1.516347979672363788e+00
-2.262150354987934264e+00
-1.770066501590027874e+00
-1.548174162786749353e+00
-9.855810901121287992e-01
2.820859402432873697e-01
6.581646284344323528e-01
1.478054895304341532e+00
1.795129787882089767e+00
2.051635372179148042e+00
2.866139848320025330e+00
3.334262427841197862e+00
3.717415221791195545e+00
3.415457095443452662e+00
3.489818535054749482e+00
3.411159468544799900e+00
2.634443375644520469e+00
2.599030862343175041e+00
2.469656763760068152e+00
2.458660567425273946e+00
2.349703635983519501e+00
2.031252726016668397e+00
2.426480774193415790e+00
2.750532973031654116e+00
2.886170830454202640e+00
2.515909204558764323e+00
2.243761524848687294e+00
2.815139534481669870e+00
3.202295281524426329e+00
3.486986873944073917e+00
3.832622278524075554e+00
3.830412042265022521e+00
2.923239960869281617e+00
1.784684902793404193e+00
1.070844577095161565e+00
-1.135339714406651407e-01
-8.795715628177755985e-01
-1.070115462938381334e+00
-1.739665469367666750e+00
-2.318264203760036946e+00
-2.671790440859384219e+00
-2.914788083349562520e+00
-2.660576337793864266e+00
-2.282966198474800201e+00
-2.376243892759662302e+00
-2.355294104858275173e+00
-2.113057096272133784e+00
-2.186939119241607443e+00
-2.206880952146354158e+00
-2.167033173873305518e+00
-2.198986058751450479e+00
-2.432309187303620668e+00
-2.824908851326926484e+00
-2.796570986109726764e+00
-2.259654419677660897e+00
-1.842404931683836233e+00
-2.408366187671961978e+00
-2.939896164704777881e+00
-2.446295816334274509e+00
-2.129121862939648224e+00
-2.379683101470086548e+00
-2.487741952875168749e+00
-2.149517990951445245e+00
-2.012926768073182160e+00
-2.251550222125613399e+00
-2.062920493186700011e+00
-1.691354413564313930e+00
-1.750361625130696819e+00
-2.059288376584513802e+00
-2.129364838895151379e+00
-1.694106923937753084e+00
-7.164665829291214649e-01
2.432212734871150861e-01
1.011276801148761617e+00
1.926115951751503408e+00
2.166188250943529958e+00
1.988529484913793111e+00
2.327110067372368363e+00
2.992458519821560969e+00
3.708005007235451345e+00
3.932229304533788383e+00
3.628964142990003694e+00
3.026542610343743167e+00
2.769620000717885944e+00
2.971221399395174156e+00
2.716762777701573484e+00
2.427494153953344558e+00
2.302801678317748291e+00
2.477593637268312055e+00
3.042161374373220983e+00
3.166136433155081420e+00
2.942113788284798304e+00
2.464621281524078888e+00
2.068519979995358415e+00
2.180797091385332731e+00
2.571799189793979146e+00
3.219822875265506035e+00
3.571936435305806956e+00
3.322312805786497680e+00
3.120077934828731081e+00
2.684386701106367124e+00
1.279420969957973497e+00
2.878414481775566358e-01
-2.441157233053747877e-02
-9.842755162109472211e-01
-1.428627776906104652e+00
-1.518681410551931066e+00
-2.336566979767318308e+00
-2.800663921827902136e+00
-2.732561668641020347e+00
-2.453710231436879496e+00
-2.190323706716743590e+00
-2.300354870430307397e+00
-2.238729691986523829e+00
-1.666330585972627842e+00
-1.652090712287200613e+00
-2.495582180921263493e+00
-2.670050783299151576e+00
-2.337217305422293112e+00
-2.596662038439128128e+00
-2.943455256130330877e+00
-2.854934298885027921e+00
-2.395204384913302675e+00
-1.774331999829338757e+00
-1.615718186102937937e+00
-2.173256982520620717e+00
-2.621138161892970331e+00
-2.723153739171527032e+00
-2.515512188910185465e+00
-2.302366939978671478e+00
-2.368311675144134210e+00
-1.919795291555707717e+00
-2.195384014629495617e+00
-2.443023420034495352e+00
-1.377872530779709503e+00
-1.866871171522714867e+00
-2.326490217845877062e+00
-1.603258999091102144e+00
-1.598738386321801652e+00
-6.195184248220315659e-01
4.444722955158823541e-01
6.676047214469401636e-01
1.444964619336040368e+00
2.080646592629522562e+00
2.404787674592503421e+00
2.942845265124788501e+00
3.466004352940131206e+00
3.389167763235308772e+00
3.283395509549472457e+00
3.190039784363733588e+00
2.697873771204310600e+00
2.788120001360198330e+00
2.723952480846654201e+00
2.296942430191668549e+00
2.222845334162970143e+00
2.289068299404467322e+00
2.506220999266731031e+00
2.282324244629752918e+00
2.288349685304198022e+00
2.841121196839635488e+00
2.668207235678877520e+00
2.213575568096838087e+00
2.721455226057028387e+00
3.334900359263186065e+00
3.402261352462202737e+00
4.060116625155112402e+00
3.836816507900336681e+00
2.647676253547720293e+00
1.995428368206301872e+00
8.407880339575468653e-01
-4.582555069386917701e-02
-7.624568073042661265e-01
-1.314657187275809935e+00
-1.493448370990841045e+00
-2.444376971913404528e+00
-2.575171985834208144e+00
-2.579972144817371582e+00
-2.732858098442971784e+00
-2.146262587434019764e+00
-2.352344342043148906e+00
-2.296014473863935201e+00
-2.069144288929727349e+00
-2.314410110917709762e+00
-2.141549601018179594e+00
-1.901064178744573452e+00
-1.604639292568596609e+00
-1.737332127802373005e+00
-2.411555691734469598e+00
-3.017772793158763456e+00
-2.834867790590203995e+00
-2.237191641244186346e+00
-2.853196328980758256e+00
-3.182879146038109841e+00
-1.980126279907729714e+00
-2.127809076830267099e+00
-3.207254823111834074e+00
-1.958149316554367747e+00
-1.557044759652064680e+00
-2.647572271497173446e+00
-1.667606024057934899e+00
-1.696009341780386315e+00
-1.908371896742901752e+00
-1.119966676268276951e+00
-2.431613740118277356e+00
-2.338265921784000057e+00
-1.159890442099392072e+00
-8.479184694931803934e-01
3.866202056495973149e-01
8.441755908086751026e-01
1.433443715210302560e+00
2.187744584170003836e+00
2.065595144227013513e+00
2.891288397809973709e+00
3.376963630805131178e+00
3.306084435111954711e+00
3.581015865667164455e+00
3.600075319113400507e+00
3.237433820545403851e+00
2.559298530491534773e+00
2.682495710966931401e+00
2.867919094434417282e+00
2.606670029509878805e+00
2.670583853755356785e+00
2.362357763848192960e+00
2.401116379445979110e+00
2.446647398692390674e+00
2.249754139175483392e+00
2.575926219725261035e+00
2.411025916871004426e+00
2.504668855830227692e+00
2.845595017276438821e+00
3.160018882257639827e+00
3.920053559671512033e+00
3.813583313212030923e+00
3.360701844675296979e+00
2.655303291987525238e+00
1.565277708971837267e+00
4.674319402488049668e-01
-7.870420521572276673e-01
-9.247020733993726038e-01
-1.299517873652536792e+00
-2.012700964504695822e+00
-2.014785803560141808e+00
-2.788308373525423267e+00
-2.906731970197467874e+00
-2.547430904251314576e+00
-2.562897914744215910e+00
-2.055627997938198170e+00
-2.085616994648121114e+00
-1.640044841906272088e+00
-8.203655931007408642e-01
-1.474424507862242661e+00
-2.638641166036117536e+00
-2.842035652886785613e+00
-2.173296540776716856e+00
-2.474229425900384971e+00
-2.809159787561453570e+00
-2.040814301134616926e+00
-2.275484540811322454e+00
-2.561498864828733346e+00
-2.482064656863933738e+00
-2.925094258138430714e+00
-2.502564815834762424e+00
-2.464111326352594222e+00
-2.748569490483096622e+00
-1.993455557262992173e+00
-1.976632002420611212e+00
-1.997402081283427222e+00
-1.951728895907339778e+00
