0  9.140773521347327  23.735720189376337  35.311774109966464  76.38247733822655  100.10538898156526  117.36568441845068 
25373  9.124976109664107  23.712780864153086  35.258242001137894  76.27156041544187  100.00392054607272  117.25411686957489 
57294  9.108556700059896  23.688075570707614  35.20297950580603  76.15688530765672  99.89640791472789  117.1351511901086 
97235  9.091626155319869  23.661750818871436  35.14619032135307  76.03918297686222  99.78337017743964  117.0104092421405 
146817  9.074412538036274  23.63414299315147  35.0885578097539  75.91803907229206  99.66584431439463  116.87993929490949 
208902  9.056765697375104  23.605179645739188  35.02941811779603  75.79434391387706  99.54318540644016  116.74419867983264 
289372  9.038171102861988  23.574111940334987  34.96632657449465  75.66133725419971  99.412460569931  116.59816143538127 
395075  9.018654226362681  23.54081243654522  34.899794602437474  75.52064255383014  99.27184363756093  116.44173757984778 
535599  8.998202897277308  23.505411550413406  34.82895089907277  75.37213937497492  99.12418234780871  116.27649857301246 
725964  8.97681605005293  23.467697939361887  34.755453835918296  75.21768284876497  98.96773644987579  116.1011833751023 
1005064  8.953169769630039  23.42578440353378  34.674027138871786  75.0473050021908  98.79844526601728  115.90639473680517 
1468849  8.924641992272104  23.375522829497946  34.578153789541304  74.8508319937979  98.6012469392741  115.67392507994884 
2340200  8.889012174968489  23.314134644383337  34.46376651611159  74.6177185068321  98.36995208839926  115.38982533664536 
3881400  8.852380632200978  23.252277047319954  34.357389688462895  74.40723005445047  98.1656345919008  115.12011052534666 
6810270  8.812963782859068  23.18696912669177  34.253219088062195  74.2075650348665  97.9834432879899  114.85566006099282 
11810270.0  8.77164663367064  23.122047037870157  34.14961641113527  74.01069576226789  97.82212785065063  114.61100120197425 
16810270.0  8.737614628501873  23.077665013100912  34.07039455717994  73.87132515682774  97.72083460660069  114.45051847876451 
21810270.0  8.704220867019643  23.040463284182994  33.993542874026424  73.73924540193853  97.63589950961706  114.31321821709977 
26810270.0  8.667354240024714  23.003580212533915  33.90973849279397  73.60258406843643  97.55735599448721  114.179901994491 
31810270.0  8.62075842610507  22.962256736715  33.803338389326505  73.43960170573224  97.47129722424727  114.03692550468725 
36810270.0  8.55491261519501  22.910773786625885  33.66008790918328  73.23346775996693  97.36836080908996  113.86872865236536 
40859754.0  8.465858812134359  22.84434201618527  33.4921692218803  73.00096167225821  97.26141406145844  113.6780429594638 
41015609.0  8.460678228955933  22.840929788489927  33.483462849281395  72.98964200960614  97.25732109534597  113.67002802096339 
