0  9.140773521347327  23.735720189376337  35.311774109966464  76.38247733822655  100.10538898156526  117.36568441845068 
25373  9.124976109664107  23.712780864153086  35.258242001137894  76.27156041544187  100.00392054607272  117.25411686957489 
60091  9.108272649800849  23.687390228174024  35.20210884422401  76.15505107343219  99.8937903060241  117.13212224166645 
107216  9.090849392556693  23.659804605710118  35.14375628332856  76.03404951483321  99.77597892643473  117.00192298050693 
170509  9.073036079351718  23.630522366695185  35.08418210161085  75.90864487548605  99.65230297797318  116.86422202212547 
256489  9.054644051466402  23.59949520659319  35.02245353058164  75.77951727886528  99.52180884097488  116.71950886882419 
378325  9.035039438530466  23.565787936309032  34.95556300052975  75.63805495648342  99.3809679760871  116.56143237859185 
553501  9.014377619007611  23.529490236443966  34.88479939485292  75.4889107758003  99.22883850785666  116.3919365127049 
807473  8.992769077861551  23.491115010617893  34.80946645700519  75.3304698943762  99.06977181457057  116.21322916468708 
1191855  8.969765765642913  23.449773680832077  34.73088484644274  75.16699035629911  98.90175428746929  116.02340517352204 
1847257  8.942862928745894  23.4018942440713  34.63992362571869  74.97739505355484  98.71229282621215  115.80208621239765 
3179852  8.907337294749162  23.34094544465231  34.52578038446612  74.74715575637494  98.48619030141104  115.52556084296268 
5755042  8.867056543312811  23.276777703771494  34.414228497170186  74.53117784612489  98.27891477739934  115.25049861672898 
10755042.0  8.817584771417787  23.206333794370845  34.303883549857844  74.32586598363538  98.1053741211417  114.98352077665626 
15755042.0  8.780364236472282  23.15888730268954  34.23338195831621  74.2024918174029  98.02109671914646  114.8321810337292 
20755042.0  8.743271461524458  23.11766888405642  34.168665839272094  74.09617593659416  97.95836557768068  114.70969383509988 
25755042.0  8.70512552892567  23.080566077626703  34.10184821582499  73.98881334994049  97.90265240624973  114.59568934866692 
30755042.0  8.660675641204877  23.041405472143037  34.02273474523982  73.86803879081269  97.84821656588771  114.47852531158824 
35755042.0  8.605198730659415  22.99920637516997  33.91955394900098  73.72136800454206  97.78696007095641  114.35941461660218 
40755042.0  8.521243190992026  22.93837167279716  33.77178558401976  73.52221916474073  97.7036512518436  114.19104662990642 
41015609.0  8.512781905255103  22.932647927332916  33.758050432343104  73.50447401093915  97.69721588602066  114.17715194320913 
