0  9.140773521347327  23.735720189376337  35.311774109966464  76.38247733822655  100.10538898156526  117.36568441845068 
25373  9.124976109664107  23.712780864153086  35.258242001137894  76.27156041544187  100.00392054607272  117.25411686957489 
60091  9.108262298692285  23.68737672541763  35.202090753593524  76.15502239842375  99.89377723251161  117.13209588762223 
107215  9.090814611205449  23.6597677194584  35.14369787872093  76.03395521610298  99.77593221666739  117.00183846650742 
170502  9.072958018539515  23.630443054983083  35.08405595251053  75.90844402704701  99.65220569487668  116.86403074310346 
256489  9.054488612468216  23.599331985817173  35.0221957909765  75.77909642249828  99.52158672132404  116.71910350663933 
378384  9.034748598651476  23.56546950883651  34.95506598692459  75.63721430430674  99.38049228041761  116.5606096949007 
553738  9.01386265533723  23.52892189764227  34.88391150091703  75.48742474887032  99.2279617882142  116.39047025862209 
808048  8.991894228804709  23.490136818301355  34.80796388396225  75.32783768750619  99.06819956517434  116.21066494718539 
1194490  8.9682014493016  23.447988548918058  34.72809022519281  75.16212541037729  98.89896920974128  116.01862229212405 
1858828  8.939823710989133  23.398375415192415  34.63456195655317  74.96836048010952  98.70654015995142  115.79229430963892 
3210265  8.901094624043601  23.334251312128732  34.5158858890114  74.73122138218314  98.47778833085191  115.50821373831273 
5693566  8.855364650675805  23.26639342725759  34.400976494851136  74.51506983237327  98.28150279154161  115.23520853190496 
9320611  8.805805570805253  23.202354419806788  34.30376159400342  74.3435217707814  98.15257843809164  115.01636893329685 
13806351  8.750778583015544  23.138452116166842  34.21115143132775  74.18864774962414  98.05752329716283  114.82790186743841 
18806351.0  8.688677370104918  23.07805562406978  34.109118788416104  74.02703919058816  97.97522805051413  114.64991512948627 
23608328.0  8.613797315810862  23.016111534376527  33.9810320324076  73.84093525974775  97.89668145773673  114.4758466133794 
27719393.0  8.517261945086485  22.9457484575835  33.81803672643148  73.62155699664173  97.80633656088901  114.28673487072616 
30144172.0  8.408263117024513  22.868681299597206  33.64535493206403  73.38922960271677  97.72100890702649  114.10285229408794 
32468727.0  8.306056037206606  22.790458434542558  33.488840641528405  73.1659410604423  97.63594129998526  113.9075279933385 
35734992.0  8.222490277832176  22.71888016332367  33.36221601262581  72.97662920478989  97.55404531601246  113.71072991288582 
39433484.0  8.14724116253678  22.658328651107897  33.24599716224367  72.81288607900078  97.48548064649226  113.55998037827631 
41015609.0  8.111525807201227  22.632800557265057  33.19411820059251  72.74458046031421  97.45944990416676  113.50503526255929 
