0  9.214856772281152  24.067593091051194  35.66785721777342  77.22395702884978  101.53676304707331  119.57267631261921 
61254  9.200264201274736  24.047253544263054  35.62190976805878  77.12916773379706  101.45342235591836  119.46884083741672 
147831  9.184789008091514  24.024572257230055  35.57222239603541  77.02660358803358  101.36036719070523  119.35344163216092 
268844  9.168592071708442  23.99971770824481  35.51979762261303  76.91794299225604  101.25790312876457  119.22787624550972 
435238  9.15197123913158  23.97321885930614  35.46582230582324  76.8059593957652  101.14994486775717  119.09511919845919 
668659  9.134586722377323  23.94462327311528  35.40974178477096  76.69057725514959  101.03572056607001  118.95493928053013 
994739  9.116658421547712  23.914343549133743  35.352219397158024  76.57115705845708  100.91451959214967  118.8077780648707 
1455845  9.097974877167339  23.88230541539828  35.293351487042116  76.44925187701472  100.78982574688924  118.6542437179705 
2077648  9.079440288764777  23.850394739946815  35.23551388067735  76.32943246124269  100.66646931454963  118.503821122246 
2905853  9.060985731542662  23.818842171527955  35.178779062682025  76.21110956996405  100.54742707940017  118.35561320397747 
4069197  9.04101264066079  23.7852992142569  35.11820471014639  76.0856276449588  100.42141810155506  118.1999668426643 
5741565  9.018579945771965  23.748961834019497  35.05090429497413  75.94472807269923  100.28920486351721  118.03103937906616 
8031365  8.99389994479985  23.711225710769277  34.98101187342072  75.80473001828871  100.1565001801773  117.86357874091232 
11406547  8.962431004946264  23.666924274053876  34.89991745343644  75.64449678848999  100.01458254206574  117.67605316306712 
16406547.0  8.919182416160949  23.612738527378163  34.80310255984752  75.46684177352408  99.87114288127205  117.46825107402826 
21406547.0  8.87438240302604  23.56573291725531  34.72017674422065  75.32938014598362  99.77794423872676  117.30678495563683 
26406547.0  8.827522416348039  23.52269572778993  34.647251517023676  75.21771079610728  99.7167238758514  117.17328728904775 
31406547.0  8.785014591704314  23.48545812473165  34.58724107620185  75.13001392989818  99.67438568601195  117.06241343421243 
36406547.0  8.746366044669031  23.454335214838963  34.53514457990729  75.05822307177642  99.64279516322463  116.97079215627714 
41015609.0  8.71198576680826  23.428731091460275  34.48881178281441  74.99621029396691  99.61740034953162  116.89588203678593 
