#		7.5	4.4	hr	#	#	
1		0	2.1	2.1	4.4	33264	
2		0.2	2.1	0.2	7.5	38664	
3		0.2	49.8	47.7	4.4	794232	
4		0.3	49.8	0.1	7.5	796932	
5		0.3	72	22.2	4.4	1148580	
6		0.6	72	0.3	7.5	1156680	
7		0.6	109.9931034	37.99310345	4.4	1758491	
8		1.4725	109.9931034	0.8725	7.5	1782049	
9		1.4725	147.9862069	37.99310345	4.4	2383860	
10		2.345	147.9862069	0.8725	7.5	2407418	
11		2.345	185.9793103	37.99310345	4.4	3009229	
12		3.2175	185.9793103	0.8725	7.5	3032787	
13		3.2175	223.9724138	37.99310345	4.4	3634598	
14		4.09	223.9724138	0.8725	7.5	3658156	
15		4.09	261.9655172	37.99310345	4.4	4259967	
16		4.9625	261.9655172	0.8725	7.5	4283525	
17		4.9625	299.9586207	37.99310345	4.4	4885336	
18		5.835	299.9586207	0.8725	7.5	4908894	
19		5.835	337.9517241	37.99310345	4.4	5510705	
20		6.7075	337.9517241	0.8725	7.5	5534263	
21		6.7075	375.9448276	37.99310345	4.4	6136074	
22		7.58	375.9448276	0.8725	7.5	6159632	
23		7.58	413.937931	37.99310345	4.4	6761443	
24		8.4525	413.937931	0.8725	7.5	6785001	
25		8.4525	451.9310345	37.99310345	4.4	7386812	
26		9.325	451.9310345	0.8725	7.5	7410370	
27		9.325	489.9241379	37.99310345	4.4	8012181	
28		10.1975	489.9241379	0.8725	7.5	8035739	
29		10.1975	527.9172414	37.99310345	4.4	8637550	
30		11.07	527.9172414	0.8725	7.5	8661108	
31		11.07	565.9103448	37.99310345	4.4	9262919	
32		11.9425	565.9103448	0.8725	7.5	9286477	
33		11.9425	603.9034483	37.99310345	4.4	9888288	
34		12.815	603.9034483	0.8725	7.5	9911846	
35		12.815	641.8965517	37.99310345	4.4	10513657	
36		13.6875	641.8965517	0.8725	7.5	10537215	
37		13.6875	679.8896552	37.99310345	4.4	11139026	
38		14.56	679.8896552	0.8725	7.5	11162584	
39		14.56	717.8827586	37.99310345	4.4	11764395	
40		15.4325	717.8827586	0.8725	7.5	11787953	
41		15.4325	755.8758621	37.99310345	4.4	12389764	
42		16.305	755.8758621	0.8725	7.5	12413322	
43		16.305	793.8689655	37.99310345	4.4	13015133	
44		17.1775	793.8689655	0.8725	7.5	13038691	
45		17.1775	831.862069	37.99310345	4.4	13640502	
46		18.05	831.862069	0.8725	7.5	13664060	
47		18.05	869.8551724	37.99310345	4.4	14265871	
48		18.9225	869.8551724	0.8725	7.5	14289429	
49		18.9225	907.8482759	37.99310345	4.4	14891240	
50		19.795	907.8482759	0.8725	7.5	14914798	
51		19.795	945.8413793	37.99310345	4.4	15516609	
52		20.6675	945.8413793	0.8725	7.5	15540167	
53		20.6675	983.8344828	37.99310345	4.4	16141978	
54		21.54	983.8344828	0.8725	7.5	16165536	
55		21.54	1021.827586	37.99310345	4.4	16767347	
56		22.4125	1021.827586	0.8725	7.5	16790905	
57		22.4125	1059.82069	37.99310345	4.4	17392716	
58		23.285	1059.82069	0.8725	7.5	17416274	
59		23.285	1097.813793	37.99310345	4.4	18018085	
60		24.1575	1097.813793	0.8725	7.5	18041643	
61		24.1575	1135.806897	37.99310345	4.4	18643454	
62		25.03	1135.806897	0.8725	7.5	18667012	
63		25.03	1173.8	37.99310345	4.4	19268823	
64		25.3	1173.8	0.27	7.5	19276113	
65		25.3	1210.804545	37.00454545	4.4	19862265	
66		25.7452381	1210.804545	0.445238095	7.5	19874286	
67		25.7452381	1247.809091	37.00454545	4.4	20460438	
68		26.19047619	1247.809091	0.445238095	7.5	20472459	
69		26.19047619	1284.813636	37.00454545	4.4	21058611	
70		26.63571429	1284.813636	0.445238095	7.5	21070632	
71		26.63571429	1321.818182	37.00454545	4.4	21656784	
72		27.08095238	1321.818182	0.445238095	7.5	21668805	
73		27.08095238	1358.822727	37.00454545	4.4	22254957	
74		27.52619048	1358.822727	0.445238095	7.5	22266978	
75		27.52619048	1395.827273	37.00454545	4.4	22853130	
76		27.97142857	1395.827273	0.445238095	7.5	22865151	
77		27.97142857	1432.831818	37.00454545	4.4	23451303	
78		28.41666667	1432.831818	0.445238095	7.5	23463324	
79		28.41666667	1469.836364	37.00454545	4.4	24049476	
80		28.86190476	1469.836364	0.445238095	7.5	24061497	
81		28.86190476	1506.840909	37.00454545	4.4	24647649	
82		29.30714286	1506.840909	0.445238095	7.5	24659670	
83		29.30714286	1543.845455	37.00454545	4.4	25245822	
84		29.75238095	1543.845455	0.445238095	7.5	25257843	
85		29.75238095	1580.85	37.00454545	4.4	25843995	
86		30.19761905	1580.85	0.445238095	7.5	25856016	
87		30.19761905	1617.854545	37.00454545	4.4	26442168	
88		30.64285714	1617.854545	0.445238095	7.5	26454189	
89		30.64285714	1654.859091	37.00454545	4.4	27040341	
90		31.08809524	1654.859091	0.445238095	7.5	27052362	
91		31.08809524	1691.863636	37.00454545	4.4	27638514	
92		31.53333333	1691.863636	0.445238095	7.5	27650535	
93		31.53333333	1728.868182	37.00454545	4.4	28236687	
94		31.97857143	1728.868182	0.445238095	7.5	28248708	
95		31.97857143	1765.872727	37.00454545	4.4	28834860	
96		32.42380952	1765.872727	0.445238095	7.5	28846881	
97		32.42380952	1802.877273	37.00454545	4.4	29433033	
98		32.86904762	1802.877273	0.445238095	7.5	29445054	
99		32.86904762	1839.881818	37.00454545	4.4	30031206	
100		33.31428571	1839.881818	0.445238095	7.5	30043227	
101		33.31428571	1876.886364	37.00454545	4.4	30629379	
102		33.75952381	1876.886364	0.445238095	7.5	30641400	
103		33.75952381	1913.890909	37.00454545	4.4	31227552	
104		34.2047619	1913.890909	0.445238095	7.5	31239573	
105		34.2047619	1950.895455	37.00454545	4.4	31825725	
106		34.65	1950.895455	0.445238095	7.5	31837746	
107		34.65	1987.9	37.00454545	4.4	32423898	
108		34.9	1987.9	0.25	7.5	32430648	
109		34.9	2028.957273	41.05727273	4.4	33080995	
110		35.3	2028.957273	0.4	7.5	33091795	
111		35.3	2070.014545	41.05727273	4.4	33742142	
112		35.7	2070.014545	0.4	7.5	33752942	
113		35.7	2111.071818	41.05727273	4.4	34403289	
114		36.1	2111.071818	0.4	7.5	34414089	
115		36.1	2152.129091	41.05727273	4.4	35064436	
116		36.5	2152.129091	0.4	7.5	35075236	
117		36.5	2193.186364	41.05727273	4.4	35725583	
118		36.9	2193.186364	0.4	7.5	35736383	
119		36.9	2234.243636	41.05727273	4.4	36386730	
120		37.3	2234.243636	0.4	7.5	36397530	
121		37.3	2275.300909	41.05727273	4.4	37047877	
122		37.7	2275.300909	0.4	7.5	37058677	
123		37.7	2316.358182	41.05727273	4.4	37709024	
124		38.1	2316.358182	0.4	7.5	37719824	
125		38.1	2357.415455	41.05727273	4.4	38370171	
126		38.5	2357.415455	0.4	7.5	38380971	
127		38.5	2398.472727	41.05727273	4.4	39031318	
128		38.9	2398.472727	0.4	7.5	39042118	
129		38.9	2439.53	41.05727273	4.4	39692465	
130		39.3	2439.53	0.4	7.5	39703265	
131		39.3	2522.08	82.55	4.4	41010857	
132		39.6	2522.08	0.3	4.4	41015609	
