Columns 1 through 6:

   0.0340333   0.0674606   0.0996908   0.1302146   0.1586256   0.1846277
  -0.0340333  -0.0678954  -0.1015979  -0.1351347  -0.1684770  -0.2015741

 Columns 7 through 12:

   0.2080305   0.2287376   0.2467296   0.2620466   0.2747721   0.2850191
  -0.2343580  -0.2667504  -0.2986702  -0.3300398  -0.3607899  -0.3908624

 Columns 13 through 18:

   0.2929180   0.2986088   0.3022342   0.3039353   0.3038483   0.3021029
  -0.4202116  -0.4488043  -0.4766193  -0.5036458  -0.5298823  -0.5553349

 Columns 19 through 24:

   0.2988213   0.2941171   0.2880960   0.2808556   0.2724851   0.2630671
  -0.5800160  -0.6039431  -0.6271374  -0.6496229  -0.6714259  -0.6925739

 Columns 25 through 30:

   0.2526770   0.2413836   0.2292502   0.2163343   0.2026888   0.1883617
  -0.7130952  -0.7330188  -0.7523734  -0.7711880  -0.7894905  -0.8073092

 Columns 31 through 36:

   0.1733971   0.1578355   0.1417134   0.1250647   0.1079200   0.0903078
  -0.8246709  -0.8416019  -0.8581280  -0.8742739  -0.8900637  -0.9055204

 Columns 37 through 42:

   0.0722536   0.0537811   0.0349119   0.0156657  -0.0039396  -0.0238873
  -0.9206664  -0.9355232  -0.9501116  -0.9644515  -0.9785623  -0.9924625

 Columns 43 through 48:

  -0.0441624  -0.0647513  -0.0856414  -0.1068216  -0.1282814  -0.1500114
  -1.0061700  -1.0197021  -1.0330755  -1.0463064  -1.0594104  -1.0724024

 Columns 49 through 54:

  -0.1720036  -0.1942501  -0.2167444  -0.2394805  -0.2624531  -0.2856577
  -1.0852974  -1.0981093  -1.1108519  -1.1235388  -1.1361829  -1.1487971

 Columns 55 through 60:

  -0.3090903  -0.3327475  -0.3566266  -0.3807255  -0.4050423  -0.4295760
  -1.1613937  -1.1739848  -1.1865825  -1.1991985  -1.2118442  -1.2245310

 Columns 61 through 66:

  -0.4543258  -0.4792915  -0.5044733  -0.5298720  -0.5554888  -0.5813250
  -1.2372700  -1.2500722  -1.2629486  -1.2759101  -1.2889674  -1.3021311

 Columns 67 through 72:

  -0.6073827  -0.6336645  -0.6601731  -0.6869117  -0.7138843  -0.7410946
  -1.3154120  -1.3288208  -1.3423683  -1.3560649  -1.3699219  -1.3839497

 Columns 73 through 78:

  -0.7685475  -0.7962478  -0.8242012  -0.8524133  -0.8808906  -0.9096401
  -1.3981596  -1.4125625  -1.4271699  -1.4419931  -1.4570436  -1.4723336

 Columns 79 through 84:

  -0.9386690  -0.9679852  -0.9975971  -1.0275138  -1.0577449  -1.0883004
  -1.4878749  -1.5036801  -1.5197619  -1.5361333  -1.5528079  -1.5697993

 Columns 85 through 90:

  -1.1191912  -1.1504289  -1.1820256  -1.2139943  -1.2463489  -1.2791040
  -1.5871220  -1.6047908  -1.6228211  -1.6412288  -1.6600305  -1.6792435

rforce =

 Columns 1 through 7:

    1.39626    2.78928    4.17266    5.54027    6.88635    8.20560    9.49325
   -1.39626   -2.78928   -4.17266   -5.54027   -6.88635   -8.20560   -9.49325

 Columns 8 through 14:

   10.74507   11.95739   13.12710   14.25158   15.32869   16.35675   17.33442
  -10.74507  -11.95739  -13.12710  -14.25158  -15.32869  -16.35675  -17.33442

 Columns 15 through 21:

   18.26075   19.13505   19.95691   20.72615   21.44276   22.10690   22.71888
  -18.26075  -19.13505  -19.95691  -20.72615  -21.44276  -22.10690  -22.71888

 Columns 22 through 28:

   23.27912   23.78814   24.24652   24.65493   25.01409   25.32476   25.58773
  -23.27912  -23.78814  -24.24652  -24.65493  -25.01409  -25.32476  -25.58773

 Columns 29 through 35:

   25.80383   25.97391   26.09882   26.17944   26.21664   26.21130   26.16431
  -25.80383  -25.97391  -26.09882  -26.17944  -26.21664  -26.21130  -26.16431

 Columns 36 through 42:

   26.07654   25.94888   25.78219   25.57734   25.33517   25.05654   24.74228
  -26.07654  -25.94888  -25.78219  -25.57734  -25.33517  -25.05654  -24.74228

 Columns 43 through 49:

   24.39321   24.01015   23.59390   23.14524   22.66496   22.15381   21.61254
  -24.39321  -24.01015  -23.59390  -23.14524  -22.66496  -22.15381  -21.61254

 Columns 50 through 56:

   21.04191   20.44262   19.81540   19.16094   18.47993   17.77305   17.04095
  -21.04191  -20.44262  -19.81540  -19.16094  -18.47993  -17.77305  -17.04095

 Columns 57 through 63:

   16.28430   15.50373   14.69986   13.87331   13.02469   12.15459   11.26358
  -16.28430  -15.50373  -14.69986  -13.87331  -13.02469  -12.15459  -11.26358

 Columns 64 through 70:

   10.35225    9.42114    8.47081    7.50180    6.51464    5.50984    4.48792
  -10.35225   -9.42114   -8.47081   -7.50180   -6.51464   -5.50984   -4.48792

 Columns 71 through 77:

    3.44938    2.39470    1.32437    0.23886   -0.86136   -1.97584   -3.10412
   -3.44938   -2.39470   -1.32437   -0.23886    0.86136    1.97584    3.10412

 Columns 78 through 84:

   -4.24578   -5.40038   -6.56748   -7.74669   -8.93758  -10.13976  -11.35283
    4.24578    5.40038    6.56748    7.74669    8.93758   10.13976   11.35283

 Columns 85 through 90:

  -12.57640  -13.81009  -15.05353  -16.30634  -17.56816  -18.83864
   12.57640   13.81009   15.05353   16.30634   17.56816   18.83864
