0  9.139029789091833  22.517852281857405  32.475363181596755  73.99953638856346  94.81347840248102  110.05490598870746 
32278  9.099236707905554  22.46632441440247  32.37154336981057  73.785476844402  94.62822384154249  109.86149700819932 
84783  9.061462834293406  22.412945117586258  32.26870627797237  73.57346679663853  94.43334886136597  109.65529424987805 
170659  9.024393633354064  22.357944703055935  32.165637291107785  73.36036647979475  94.2293094672176  109.44160766602805 
318327  8.986918736272  22.300467127609902  32.058804831672916  73.13853974299565  94.01277500306432  109.21886380705386 
578634  8.948389659929521  22.24113284442664  31.947273963740138  72.90487276538876  93.78707424955083  108.98812938600997 
1074302  8.908279970425886  22.175513932508334  31.82561367753547  72.64781472986525  93.5325621480149  108.74001177691053 
2004903  8.868043466339802  22.118455791745806  31.719368707796985  72.4154276254619  93.31883694376997  108.51833624756938 
3957299  8.82274985456798  22.060048923556444  31.610611958714717  72.1620093482357  93.11233883968991  108.30078784225019 
6878087  8.779596774898142  22.013876205985763  31.5168604942554  71.92154048520862  92.9580250331605  108.14631017430733 
10125905  8.73636990806253  21.975088428515996  31.436293231043706  71.68681132923841  92.84090669624675  108.03073165183748 
13911113  8.689209076634443  21.93699997286222  31.35864171335396  71.4297910295762  92.7304456827086  107.93494099458368 
17602471  8.634088447151697  21.89464573554709  31.27636662520208  71.12553859268164  92.6099177767743  107.85170334120315 
20932655  8.564915370117967  21.845432421385386  31.189116986034218  70.7448214876294  92.47934680934137  107.77298103736217 
23146561  8.490409907869013  21.79673985795873  31.101772885281303  70.32361581309878  92.34892604551099  107.69518578416807 
24783929  8.41539180703763  21.747091364438514  31.00858447096357  69.89022308803024  92.2087229517524  107.617638625288 
26587951  8.345400366380442  21.698061331954182  30.912328871356657  69.49340447109681  92.07120810659097  107.54226154991535 
28956899  8.28117664657296  21.65364353589315  30.815264029644286  69.13238044836815  91.94315161464787  107.46494162362589 
32397372  8.223752731509027  21.61229686436147  30.720252290098845  68.82514563088574  91.83134042169262  107.38540943636534 
35647764  8.169404149895927  21.566416814672365  30.623846153825646  68.55878433535456  91.71388698405929  107.31823604436644 
38500120  8.11628470500336  21.52039392589893  30.520094485836147  68.31684437799507  91.59904002236107  107.2573773778225 
40439434  8.067850872083978  21.47855407739041  30.424658280918603  68.10342389185044  91.49934543118685  107.1965160452611 
41015609  8.048816004048831  21.46178316290615  30.387267323302755  68.01940039502627  91.45762676945904  107.17110829485317 
