0  9.139027840283681  22.517849731731758  32.47536034957098  73.9995294270127  94.81347771621664  110.05485025928957 
31762  9.09925656809486  22.46653700375236  32.37212373715041  73.78650992298913  94.63024001176045  109.86222503253475 
33264  9.098628425852057  22.465558687521906  32.370310530776926  73.78277919882434  94.6265672885548  109.85835434208414 
38664  9.09713864014067  22.462976115979647  32.36575142207697  73.77357750648504  94.61738057081087  109.84848172926938 
125441  9.062704829248341  22.40956059958744  32.26673842042612  73.56945620233738  94.41625296491776  109.63671243153631 
354447  9.026299077671098  22.350966681903977  32.161008597216906  73.34911315973511  94.19270722898179  109.4043601878681 
794232  9.000203310909496  22.309587901469786  32.085008073737455  73.18991057686304  94.03353636212121  109.24117269415036 
796932  9.000133336578658  22.30945887737862  32.0848008506693  73.18947001998995  94.033106556003  109.24071049403447 
1148580  8.98938105875463  22.292949711739347  32.05396256596003  73.12391280264464  93.96994271871064  109.17692155617753 
1156680  8.98921443147995  22.292656347620124  32.053478376368176  73.12288900585646  93.96895542270335  109.17585569285502 
1758491  8.974466748275129  22.270779711233946  32.01215590932265  73.03394003816588  93.88575995191229  109.09195403597161 
1782049  8.974097832083942  22.27016586508457  32.011134433369456  73.03173808300615  93.88373078091587  109.08977053821044 
2383860  8.962834893639942  22.254466413577354  31.98078206077391  72.96489510583399  93.82428135226067  109.03066313452288 
2407418  8.962525838450397  22.25398837634553  31.97997962360191  72.96313062619265  93.8227428894739  109.02900679573858 
3009229  8.952899935979676  22.241390720663425  31.955169303949955  72.90701873091  93.7755168780302  108.98263545386315 
3032787  8.952619365066305  22.240977512792277  31.95446606187076  72.90542005701968  93.77420268358837  108.98123955980219 
3634598  8.943945845870134  22.230285296047153  31.93308436343341  72.85557802824034  93.73463557709333  108.9429340008155 
3658156  8.943683309222333  22.229921965947643  31.932456852758154  72.854108107915  93.73350217220806  108.94174095433821 
4259967  8.935575176922036  22.220506872312228  31.91335643740953  72.80800259038037  93.69906341841131  108.90895713528121 
4283525  8.935324746929613  22.22018169672279  31.91279239209575  72.80664408642939  93.69808543066765  108.90793966345942 
4885336  8.927526274063673  22.211623129671228  31.895239872463655  72.7627834287984  93.66729850799337  108.87903975284634 
4908894  8.927277041709923  22.211314547398917  31.89469722217556  72.7614295324986  93.6663735134217  108.87809558607267 
5510705  8.919628554533196  22.20338091330325  31.878255396906248  72.71886833766402  93.63835384799405  108.85209959367472 
5534263  8.91938017742306  22.203089602206965  31.877734550206192  72.71752452858225  93.63748688027265  108.85122752863363 
6136074  8.911807662348933  22.195648647059098  31.86216242042062  72.67558329802876  93.61164468116313  108.82756093968116 
6159632  8.91155597767136  22.195368678077486  31.861651135899134  72.67422871157738  93.61082154861546  108.8267408600299 
6761443  8.904027717578833  22.188351190323157  31.846792204938335  72.63259210808171  93.58674031334847  108.8050248158243 
6785001  8.903768499513317  22.188075476915017  31.846282356619053  72.63119893521774  93.58594073951679  108.80424168712496 
7386812  8.89623394338493  22.181400234506498  31.831997970680117  72.58947086843806  93.56329923639977  108.78413529034907 
7410370  8.895960468189303  22.181123000573113  31.831467090846274  72.58799630536994  93.56249595738335  108.78335680419656 
8012181  8.888395362144417  22.17473910497239  31.81770427004789  72.54609862867521  93.54122742490895  108.76465859637902 
8035739  8.888093218502425  22.174445626859857  31.81712700620752  72.54445525233987  93.54036969962424  108.76385617997478 
8637550  8.880454417829508  22.168278962855307  31.803756949232778  72.50200229077322  93.52006937498255  108.74621736780026 
8661108  8.880114283426035  22.167963230596815  31.80312641490062  72.50013106949812  93.51913690312598  108.74537296041817 
9262919  8.872446618859762  22.162051521617393  31.790204267587367  72.45723435198205  93.49988682758236  108.7288335484364 
9286477  8.872063436718086  22.16170922108943  31.789514791772124  72.45510804099071  93.49887306505002  108.72793602355571 
9888288  8.86440437983265  22.156067760080337  31.77704086519046  72.41185681830574  93.48064223322682  108.71243189818478 
9911846  8.863972657354694  22.15569618133939  31.77628906330854  72.40945293171195  93.47954036682785  108.71147780663617 
10513657  8.856321316742653  22.15028891301861  31.76422829021547  72.36586905766045  93.4622569943124  108.69687710050839 
10537215  8.855839921900554  22.149889667380908  31.763416212622833  72.3631688195049  93.46106809105179  108.69586717387189 
11139026  8.848196028133527  22.14470354423488  31.751754577646103  72.31923398814024  93.4446329246365  108.68209335891717 
11162584  8.847662638907508  22.144272657475938  31.750882704140693  72.31622586435415  93.44335547145486  108.68103354808576 
11764395  8.840033230357784  22.139319765333763  31.73960623004145  72.27183810450788  93.42770143820762  108.66804181595855 
11787953  8.839446286553336  22.138866634969116  31.73867810957537  72.26849997200009  93.42633707607249  108.66692958017707 
12389764  8.831821299470134  22.134117432431236  31.72767743994752  72.22360482776153  93.4113093630736  108.65462805231545 
12413322  8.83117600083191  22.133630668900103  31.7266872768607  72.21990997463924  93.40985892324247  108.65345815267248 
13015133  8.823396100904302  22.128969831464204  31.71586821062654  72.17373733910806  93.3951902374734  108.64169925898021 
13038691  8.822673574510032  22.12844719720746  31.71479356892412  72.16957641232369  93.39362409207308  108.64044511434346 
13640502  8.814660417801369  22.12381157029261  31.70411216965272  72.12174436887923  93.37913477593175  108.62913362568749 
13664060  8.813836486514344  22.12324109952502  31.70294256557318  72.11695052342237  93.37741744755377  108.62778363058615 
14265871  8.805543239140567  22.11864929301505  31.692381163803784  72.0670927771413  93.3630445218779  108.6168943286555 
14289429  8.804591644990989  22.118022954640814  31.69110421595574  72.06149595687694  93.36114456701394  108.61542635475934 
14891240  8.796087492930328  22.113482502201563  31.680766185656857  72.01011053804129  93.34697800355657  108.60503396868235 
14914798  8.794989118831857  22.11278446374301  31.67936266548795  72.00360788224023  93.34486186156437  108.60342891081882 
15516609  8.786372014246625  22.108273554249912  31.66925289728855  71.95143831725201  93.3309459704601  108.59346428635564 
15540167  8.785133060307762  22.107498732357  31.667715642799568  71.94409203211856  93.32860735980526  108.59171594420512 
16141978  8.776597089442117  22.103027553262592  31.65789255809822  71.89258762316035  93.31506982339893  108.5822066050398 
16165536  8.775234088474663  22.102183682069573  31.65624120432463  71.88452378638193  93.31253915343967  108.58034657065191 
16767347  8.766782669597308  22.09775056377192  31.646770550548073  71.83372010036048  93.29939656613068  108.57133094082359 
16790905  8.765269312552956  22.09681334060352  31.64497398761376  71.82477626715149  93.29661448438407  108.56931426219417 
17392716  8.756947307112128  22.092424402468385  31.635908376410313  71.77508800899794  93.28391268654947  108.56080060901209 
17416274  8.755290254117321  22.09140495087059  31.633999088372352  71.76529266876662  93.28092049042043  108.55866805837815 
18018085  8.747005493667487  22.087033194340275  31.62531151685518  71.71613524317614  93.26857908773754  108.5506282809137 
18041643  8.74523499898133  22.08595606397447  31.623333930527743  71.70567706601777  93.26545320817382  108.54843585884977 
18643454  8.737003399323005  22.081548718069143  31.614975865144824  71.65714022244316  93.2533154924346  108.54085070427007 
18667012  8.735147849628458  22.080424054062593  31.612944078597288  71.64618034470455  93.25006845311815  108.53860941499967 
19268823  8.727014878565365  22.075928332686747  31.604759907046695  71.59854887554538  93.23789161122953  108.53139951957553 
19276113  8.726428523530746  22.07556819818337  31.604119071132317  71.5950784348248  93.23686639078768  108.53070089505829 
19862265  8.718649838499783  22.071132733875274  31.596245817431903  71.54973531859825  93.22496123732753  108.52393253818177 
19874286  8.717686783663128  22.070537798422333  31.595183824921275  71.54402722110775  93.22325973441949  108.52278343255136 
20460438  8.710006433663564  22.066014119907205  31.58738789797929  71.4995330915889  93.21127086758001  108.51623530381987 
20472459  8.709058473883658  22.06543185063291  31.58634284088521  71.49391713858347  93.2096007148483  108.51512348333156 
21058611  8.70148636067615  22.060819676588146  31.578635055300268  71.45040642033413  93.19753763509281  108.50877768118534 
21070632  8.700556720924865  22.06024163749644  31.577614365998514  71.44489508676732  93.19590257686608  108.5077103639714 
21656784  8.692982135144957  22.055528871027523  31.569900546154926  71.40157281617029  93.18362288119974  108.50147673053083 
21668805  8.69206790320476  22.054957303462754  31.568904209389427  71.39615118267095  93.18202213580452  108.50045187342101 
22254957  8.684393046869426  22.05010410748896  31.561101249356774  71.35227073784733  93.16941818207789  108.49424296364127 
22266978  8.683524918907391  22.049560575602264  31.560155323321172  71.34712795863507  93.16791588127055  108.49328751224897 
22853130  8.67579449912093  22.04462337353198  31.55227802170095  71.30284856298199  93.15502186650144  108.48711679901115 
