0  9.140773521347327  23.735720189376337  35.311774109966464  76.38247733822655  100.10538898156526  117.36568441845068 
16966  9.124928581255299  23.712713924475327  35.25808013034868  76.27122622418663  100.00361568597336  117.25378188494304 
40191  9.108187702175112  23.68725572361072  35.20181195188242  76.15443119501333  99.89319310184543  117.13146854636403 
71724  9.090741790194329  23.659618886021995  35.14335593931169  76.03319219855904  99.77511672943872  117.0009936348034 
114036  9.072945893403212  23.630339437766196  35.08379208687202  75.90778692065922  99.65138077305207  116.86324937858039 
171504  9.054596749280465  23.599349496581944  35.022117562611164  75.77873818902484  99.52089094490695  116.71859053648201 
252949  9.035066912781176  23.565710280236704  34.95533233350494  75.63744597926745  99.38009609482152  116.56064410172564 
370016  9.014540800008833  23.529558353287907  34.88478928626111  75.48865358506048  99.22814851632172  116.39148991195835 
539701  8.99315512784764  23.491429740579974  34.80982574418946  75.3308798377067  99.06945243996037  116.21340951228503 
796066  8.970556593358943  23.45055818874339  34.73197052812154  75.1686384487763  98.90211059268727  116.0248166889096 
1230392  8.944543669652047  23.403764179577028  34.642653507757736  74.98188855057516  98.71473742559105  115.80681426126189 
2106458  8.911071897537449  23.345124726254504  34.53206170681273  74.75764583653716  98.49205436960568  115.5370078625616 
3865768  8.873529002233735  23.282594217264588  34.421343054421264  74.53889536003985  98.27623794864894  115.25818879271544 
7536044  8.830003362773772  23.215230322139035  34.31311566024378  74.32981826743213  98.08728417729726  114.98508804674229 
12536044.0  8.79219652557743  23.162003068370584  34.231240375011545  74.18108273927416  97.97508368286378  114.79996079648251 
17536044.0  8.757638748997977  23.120282972330397  34.16611811980238  74.06965833736753  97.90233207438061  114.6683221027008 
22536044.0  8.723200222075958  23.08412169522066  34.101778841022245  73.96401397491105  97.84134047123544  114.55361575077087 
27536044.0  8.686643996502582  23.048996818390183  34.033213025122514  73.8523168656504  97.7847095317262  114.44178450027924 
32536044.0  8.641039445930728  23.010182663895332  33.94490889300122  73.72058285357578  97.72451620949482  114.32272036265553 
37536044.0  8.582673216210612  22.96796538672748  33.83070070586705  73.56035414782764  97.65552249027134  114.19966681550524 
41015609.0  8.515548708450805  22.918148606723193  33.70926471458256  73.39572617378136  97.58537706283542  114.06228791476204 
