0  9.214748306109065  24.067549463342225  35.66758017141654  77.22310102253388  101.53671602160387  119.57082189609014 
30627  9.200155245955482  24.047173434768855  35.62161760911115  77.12827071049091  101.45328820215465  119.46689805988711 
33264  9.199461243617675  24.046100928572734  35.619355651983874  77.12359087793698  101.44886081699718  119.46146214508279 
38664  9.197995411214771  24.04374186791758  35.614521667018586  77.11356554561534  101.439472342697  119.4497766169121 
102511  9.181601136483343  24.017275406382556  35.560376768209  77.00116091315617  101.33383996861835  119.31840096235244 
232545  9.163887026878498  23.98719717779644  35.501007939822735  76.87688382970828  101.21110941083967  119.16786631908671 
497581  9.145249256929826  23.954702252087326  35.43839966967427  76.74640672345967  101.07899403177682  119.00602686378672 
794232  9.134485491831622  23.93578246713201  35.40249487832592  76.67205571493608  101.00255272921494  118.91311203411651 
796932  9.134413219845989  23.935657520313885  35.40225150579673  76.67155781303893  101.00205370139057  118.91249800204471 
1148580  9.125046982374808  23.91911021378032  35.370726925225625  76.60649919240456  100.93595033900064  118.8321338452215 
1156680  9.124883571544858  23.91882772908435  35.37019266316445  76.60539164837787  100.93483768843551  118.83077061651468 
1758491  9.112754597657013  23.897758487640154  35.33008976283306  76.52287277394814  100.85189065445351  118.72923820511036 
1782049  9.112405090863843  23.897180260308414  35.32898304883465  76.52060370806912  100.84967068635717  118.72646720233001 
2383860  9.103502210629136  23.88228149279745  35.30074530737661  76.46289327068331  100.79279028424342  118.6561271280193 
2407418  9.103207682308497  23.88181004545416  35.2998517238168  76.4610926031271  100.79106158338897  118.65394218396088 
3009229  9.09570024697895  23.86976953342828  35.27707565154245  76.41496124180986  100.74660655732262  118.59827562292679 
3032787  9.0954335033813  23.86935841559651  35.27630094746097  76.41341473474505  100.74515527857865  118.59642975000853 
3634598  9.088620155474002  23.85892193550363  35.25652349022195  76.37386295707059  100.70808063086086  118.54932000710521 
3658156  9.08836661449499  23.85855252306797  35.25582023973464  76.37248281723879  100.70682891177027  118.54769783104038 
4259967  9.081885414083134  23.849087421321457  35.237848565898865  76.33716577392495  100.67462820599974  118.50623530718723 
4283525  9.081636223249571  23.848739331333633  35.237188326383794  76.33589077295267  100.67350292882604  118.50475816778855 
4885336  9.075260601963715  23.839865544192495  35.22032491653845  76.30340235201656  100.64471832028036  118.46718457552026 
4908894  9.075009503173492  23.839534323790698  35.21968586543815  76.30220282637553  100.64368855981589  118.46581538211294 
5510705  9.068576072188302  23.831002496977877  35.20342797475216  76.27154161534169  100.61738050695163  118.43096783051172 
5534263  9.068317700596634  23.83067451280216  35.202800876148295  76.27038618414517  100.61641523528893  118.42967824528472 
6136074  9.061693938442643  23.822308877894194  35.18678006796029  76.24084538091216  100.5919440445705  118.39674970085876 
6159632  9.061424375440374  23.821976433512518  35.18615237020895  76.23971304199932  100.59104828056516  118.39552068877852 
6761443  9.054493294590307  23.813631598625644  35.17006654973624  76.21074705624551  100.5679870267439  118.36393796193194 
6785001  9.054206699562487  23.813300906608692  35.169424465953924  76.20962243515609  100.56712851435363  118.36273571678926 
7386812  9.04685516560079  23.804844522712525  35.15300514930444  76.18077013623535  100.54512499697546  118.33202644359724 
7410370  9.04654818625192  23.804510310837816  35.152342299918  76.17963125453834  100.54429601572726  118.33084456495278 
8012181  9.038658154928196  23.795832213482306  35.13533282980721  76.15048527558483  100.52306333917572  118.30062030881689 
8035739  9.038324971554745  23.79548228563825  35.134638489408154  76.14931760841202  100.52225565227839  118.29944436489932 
8637550  9.02977316532036  23.786475634314467  35.11678193583378  76.1194717303099  100.50154482442532  118.26935131047459 
8661108  9.029409357340946  23.786106392360793  35.11604240254103  76.11826341361419  100.50073827900185  118.26816588693313 
9262919  9.020057283465874  23.77665499798425  35.097060150758786  76.08726031333278  100.48028506118614  118.23785508269324 
9286477  9.019656979582201  23.776260881541507  35.09626108021828  76.08597987527243  100.47947699700678  118.23664475242256 
9888288  9.009345051999945  23.76623749753932  35.07580012434454  76.05317027627954  100.4590037176907  118.2056797167862 
9911846  9.0089005219361  23.765819072369368  35.074927738483304  76.05177590159504  100.45817568151385  118.20441604243108 
10513657  8.997441762713965  23.755081576890447  35.052476396640024  76.0157768564049  100.43709050614376  118.17189586869438 
10537215  8.996943431098169  23.75462545024779  35.051486209679474  76.01410418989174  100.43618266233561  118.17046587860379 
11139026  8.984098720277373  23.742994067018607  35.02589535737728  75.97042558330759  100.41243661447116  118.13336427454259 
11162584  8.983534363282427  23.742492319346916  35.02464642444875  75.9678084526024  100.41111773602186  118.13131422370286 
11764395  8.96895299311456  23.729650282633365  34.991852533244504  75.89720940828472  100.37581989713462  118.07642218805589 
11787953  8.968297563545818  23.72908043682864  34.989739566192206  75.89059516035194  100.37268042477463  118.0716352022887 
12389764  8.951273701619899  23.714194717886347  34.93168127693834  75.70080629119452  100.28297395303824  117.93433326035488 
12413322  8.95045048885532  23.713438013070853  34.92572856687978  75.67456367057409  100.2707854257109  117.91570462319443 
13015133  8.928344043189508  23.692632471618417  34.73034902075207  74.75759301902688  99.85382521231432  117.24360244326472 
13038691  8.926888736616274  23.690964028122195  34.69750585885595  74.58313754684863  99.77655967967381  117.11112259806215 
13640502  8.892982925296572  23.651466969868295  34.082042465914974  71.74396035229984  98.45898757560451  115.02361196240756 
0  9.214748306109065  24.067549463342225  35.66758017141654  77.22310102253388  101.53671602160387  119.57082189609014 
30627  9.200155245955482  24.047173434768855  35.62161760911115  77.12827071049091  101.45328820215465  119.46689805988711 
33264  9.199462333378628  24.046105127305292  35.61935719799097  77.12359243001214  101.44885926401672  119.46146432262066 
38664  9.19799781543432  24.043741797174352  35.61452629492702  77.11357202229283  101.43947691764762  119.44978086085113 
102511  9.181623297133518  24.017294742161972  35.56041615141377  77.00122270449003  101.33386790677446  119.3184564442149 
232545  9.163971346403763  23.987282816444583  35.50116023273845  76.87713599936535  101.211229698113  119.16809297197786 
497581  9.14550875024054  23.954957391934865  35.43887411203784  76.74717597847857  101.07938332490895  119.00674531250816 
794232  9.135002168993816  23.936293028814  35.40344613062165  76.67363124692018  101.0033557075599  118.91456150244368 
796932  9.13493375882282  23.93616613949193  35.403210961149504  76.67314296877616  101.00285883455764  118.91395592981128 
1148580  9.125939988522843  23.91998863064654  35.37238715987264  76.60924271745391  100.93734590621487  118.83467162859557 
1156680  9.125786573058974  23.919718932628047  35.371864161307805  76.60816510714791  100.93624721185101  118.83333536574898 
1758491  9.114404285657839  23.899378187017412  35.33315145393575  76.52794136108413  100.85444667826607  118.73392491563467 
1782049  9.114091368981466  23.898831710963183  35.33211169707343  76.52578713975848  100.85227639404137  118.73126267556584 
2383860  9.106141593633426  23.88484643810351  35.30560399361475  76.47088098633532  100.79678264191547  118.66347276938652 
2407418  9.105892451655864  23.884418635293283  35.30478965667411  76.46919867692651  100.7951056477783  118.66140271960835 
3009229  9.09955016524389  23.873457851997415  35.28410252528963  76.42642489673366  100.75222013836895  118.60874202559563 
3032787  9.099337765088  23.873100475504483  35.28342571025063  76.42502796458511  100.75083618884184  118.60702898192517 
3634598  9.093929039905758  23.863939629043347  35.26614287158123  76.38937796751063  100.71551446034562  118.56335667083489 
3658156  9.093740853089312  23.863627344755535  35.26555308365915  76.38817014688317  100.7143490752097  118.5618860785173 
4259967  9.088931429653119  23.85566071663591  35.25050599063474  76.3572734859068  100.68413440394806  118.52426473371074 
4283525  9.088758713688934  23.855384115339824  35.24997846419076  76.35619781147297  100.68309954501255  118.52295320754332 
4885336  9.084357679709445  23.848246868931486  35.236516154899  76.3287412262699  100.65654404148869  118.4896917189612 
4908894  9.084196244385488  23.847993916668166  35.23603498146098  76.32776486506376  100.65561669065724  118.48851837919861 
5510705  9.080079429941902  23.841479164760322  35.22374564604051  76.3029141979034  100.63181554312781  118.45856548793478 
5534263  9.079925885280673  23.841240495615356  35.22329831834399  76.3020172074893  100.63097940585018  118.45749154788284 
6136074  9.07600781374305  23.835184595223787  35.21188978335427  76.2791524833427  100.60933759074585  118.4300866045389 
6159632  9.075860119997243  23.834961487400808  35.21147006775702  76.27831573531135  100.60856034255542  118.42909535993553 
6761443  9.072079468335112  23.829259407659585  35.20073173992795  76.25699657185393  100.5886361266329  118.403712301614 
6785001  9.071935122959406  23.829045884808693  35.200335422853435  76.25620829881562  100.58791146585905  118.4027828280916 
7386812  9.06824345909192  23.823620023683805  35.19010877418297  76.23611339226608  100.56938644773312  118.37903090082756 
7410370  9.068101214894908  23.823417058761404  35.18972338461368  76.23536399986737  100.56870891010666  118.3781521349861 
8012181  9.064461940734313  23.818209030335634  35.17989413955139  76.21624330636902  100.5513483032671  118.35572987033834 
8035739  9.064320433479272  23.818009123454683  35.17952088142076  76.21552861391491  100.55070813003904  118.35489452962642 
8637550  9.060702789671915  23.8129660575278  35.1699876159093  76.1971849594213  100.53432208080393  118.33356956476086 
8661108  9.060561022222252  23.812773510849063  35.169623980623655  76.19649049298978  100.53371690297301  118.33277016055749 
9262919  9.05693844033664  23.807851370309148  35.160307574250716  76.17877293361914  100.51816213294762  118.31235670680854 
9286477  9.05679570304978  23.807665947397755  35.15994809611387  76.1780987696198  100.51758555387697  118.31158768425624 
9888288  9.053145158079912  23.802839477594457  35.15078082947812  76.16086844280666  100.50273675278082  118.29192833521302 
9911846  9.053000134551615  23.802651000103143  35.15042652203654  76.16020955419924  100.5021938917451  118.29118553043071 
10513657  9.04930080824045  23.797884499597647  35.14134941001435  76.14335725467211  100.48793769399114  118.27215238424645 
10537215  9.049153111543307  23.79769977591234  35.14099490176614  76.14270839028303  100.48738435835621  118.27142775973785 
11139026  9.045384245457004  23.792966382549885  35.13195686179179  76.12613649914707  100.47367594355929  118.25291410868822 
11162584  9.045233937777708  23.792780777252904  35.13160262117971  76.1254971668438  100.4731577673188  118.25220794262842 
11764395  9.041378849568  23.788064153126765  35.12255487640298  76.10911537147852  100.45987327026913  118.23412132035371 
11787953  9.0412238951701  23.78788008684165  35.12219889506286  76.10848037451352  100.45936890695673  118.23342807795059 
12389764  9.037263612315785  23.783153010234994  35.1130947345912  76.09220718860445  100.44646046596223  118.2156843759742 
12413322  9.037104084199418  23.782965067922966  35.11273704463817  76.0915720532846  100.4459666535407  118.21500000278517 
13015133  9.033020441715431  23.778207910802305  35.103535745999785  76.07533518969885  100.43336878508036  118.19751972640225 
13038691  9.032855558312447  23.778018765109678  35.10317056836742  76.07469860552267  100.43288403724318  118.19684051466898 
13640502  9.028630478106477  23.773210617948497  35.09382782110539  76.05841438262516  100.42054368954632  118.17955135376964 
13664060  9.028459516043881  23.77302132733381  35.09345396347763  76.0577682455797  100.42006789378425  118.17887678480396 
14265871  9.024074060954842  23.768150463327455  35.083920778702776  76.04132756188602  100.40792035195565  118.16168870640414 
14289429  9.0238956212914  23.767957040217354  35.08353936688934  76.04067091409556  100.4074494567651  118.16101688421512 
14891240  9.019329808400883  23.762999306732446  35.07375442991216  76.02392397301871  100.39541461294331  118.14381311338255 
14914798  9.019143976316396  23.762798548648085  35.073360147373265  76.0232409828075  100.39494321010612  118.14313135117379 
15516609  9.014376150847562  23.75773443689479  35.06324401501457  76.00591008719867  100.38288958656062  118.12571441083126 
15540167  9.014181567888105  23.757532021640095  35.06282908813644  76.00518743059759  100.3823966485909  118.12500821390982 
16141978  9.009188447690798  23.75234269184305  35.052222260543424  75.98661959731987  100.37001504219769  118.10693080932236 
16165536  9.008983984809564  23.752128959816368  35.05177782674927  75.98579363391644  100.369492515229  118.10616108506156 
16767347  9.003735870057552  23.74678861391757  35.04035272206348  75.9644446135369  100.35605937335573  118.0863455156201 
16790905  9.003520081102902  23.746571836936806  35.03984717309548  75.96336627285517  100.35543139628143  118.08540841881833 
17392716  8.997977313909312  23.741023758851902  35.02680033146371  75.93521617177625  100.33908124789696  118.06106050810199 
17416274  8.997747455071718  23.74079991030635  35.026158319589015  75.93349799076462  100.33816699082098  118.05967477964437 
18018085  8.991841323613063  23.734967369988308  35.00942504864908  75.88789630428174  100.31395547262225  118.02331002642867 
18041643  8.99159199223413  23.734721725732197  35.008446802505  75.88449591108213  100.3122829415367  118.02075944275389 
18643454  8.985179152826591  23.728401422412386  34.98245012507181  75.79205821462038  100.2667058983018  117.95157585923278 
18667012  8.984898398534467  23.728117735937673  34.98057870440107  75.78399437447362  100.26289383674727  117.94572462305887 
19268823  8.977612341378208  23.72076180663974  34.928653882086145  75.55489143487402  100.15504611801016  117.77863840937414 
19276113  8.977503780050776  23.720647518845457  34.92724637759752  75.54794244921648  100.15184388307867  117.77359009410999 
19862265  8.968444984633303  23.710809061427323  34.79520539555966  74.87656810034055  99.84931098232278  117.27437290350626 
19874286  8.968167265388795  23.710475971495516  34.78815241550413  74.83854460196197  99.83254947186053  117.2454823677778 
20460438  8.955367001940724  23.69477723461103  34.49349184392404  73.34325647120708  99.15180890848724  116.12397572438041 
20472459  8.95497840883804  23.694237012434243  34.48200049524277  73.2869033975287  99.12649505157783  116.08188701929699 
21058611  8.93927256654928  23.672738767076577  34.10315805518872  71.63988874479642  98.35333377210755  114.90047502477974 
21070632  8.938830141588692  23.6720643991913  34.09128238683631  71.59407644697058  98.331251031696  114.86909919814998 
21656784  8.921466363362986  23.646706200124108  33.71102007219299  70.28448107560388  97.65311082759939  113.98257899058662 
21668805  8.920970470428447  23.645913516475407  33.69876309044769  70.24591057146962  97.63194383565595  113.95660583358745 
22254957  8.901912283954081  23.61650114405434  33.31279159667604  69.12888540410765  96.96941535914344  113.17327244152123 
22266978  8.901374484107919  23.615582537177048  33.300677658704814  69.09678492284407  96.94800118706958  113.150574392037 
22853130  8.880261164249806  23.581025256243944  32.90063584615775  68.09386419521157  96.24885659639556  112.40324513802702 
22865151  8.879653610469129  23.579915728428073  32.88786508755399  68.06390745313391  96.22579497781567  112.38023512467302 
23451303  8.855542834978943  23.53820609453069  32.456645978378525  67.13450681891707  95.46256399602457  111.66184847744107 
23463324  8.854826034038839  23.536807399794352  32.44234057169104  67.10502045753529  95.43652432476078  111.63845874290969 
24049476  8.827000425593537  23.487167091659735  31.981525983355873  66.28403562839556  94.61098382317881  110.9787341434953 
24061497  8.826182219159568  23.485563683152222  31.966976415082613  66.26044422312054  94.58328403177987  110.95935572002605 
24647649  8.795414481026537  23.42888133674126  31.51305547888196  65.59794963695258  93.70404359497488  110.37030022774434 
0  9.214748306109065  24.067549463342225  35.66758017141654  77.22310102253388  101.53671602160387  119.57082189609014 
19  9.201169667781889  24.048588509497144  35.62481292904483  77.13486362184385  101.45908606772049  119.4741251954245 
46  9.186429158567998  24.026987802581843  35.577404992996804  77.03697580936176  101.37004942274481  119.36412279778155 
84  9.170738394432542  24.002923675402897  35.52632129091776  76.93098017297642  101.27075719213306  119.24226030959944 
137  9.15435114674141  23.976753723629248  35.472477423255576  76.81920431983032  101.1632583671985  119.11063262340475 
211  9.137339375132965  23.948626937136194  35.41627040426932  76.70265618064258  101.04863033756662  118.97066636272523 
314  9.119966487969098  23.91900389305331  35.35849814647436  76.58203025845653  100.92812057854333  118.82417792219117 
457  9.102401643667966  23.88828536887366  35.299699478144895  76.45925183599952  100.80317718595231  118.67319036378873 
659  9.0844310851194  23.85630597921728  35.23959091558616  76.33328967110596  100.6734420993267  118.51663008314482 
943  9.066229798223507  23.823602345023925  35.17843332482889  76.20489074933754  100.54051497038353  118.3562531438455 
1345  9.047692561833047  23.78997809267267  35.11599857329007  76.07428952622274  100.40370204897945  118.19183385481092 
1913  9.028878461638685  23.755745643765323  35.05169761923464  75.93960739226944  100.26415381106125  118.02327735221895 
2716  9.009856709507952  23.72105891125867  34.98581090512112  75.80137157342764  100.12165247851752  117.85081005199969 
3852  8.99066452759051  23.685983796187124  34.91859879335455  75.66004875871432  99.97727728650675  117.67616044831904 
5460  8.971375754322606  23.650693733385758  34.85169596804467  75.5195584824225  99.83284097844663  117.50056854849157 
7726  8.952058793440855  23.61535981644052  34.78514799446539  75.37984331394097  99.68888644173315  117.32492802539137 
10928  8.932633849624487  23.57992917868223  34.71846958144853  75.23985903508934  99.54455473496382  117.14835429718097 
15453  8.913078339198755  23.54447131616361  34.65156573573813  75.09931930054866  99.40004650821535  116.9707544870333 
21846  8.893387866138756  23.50892409652201  34.58432983813181  74.95803081156204  99.25508102265368  116.79197658873792 
30873  8.873547845345652  23.473239956258922  34.51653931512536  74.81529974381475  99.10921767829156  116.61151711815793 
33264  8.869800550867268  23.46652021201847  34.50373644641043  74.78836330509569  99.0817485453934  116.57742043774682 
36915  8.861416516196572  23.451013586438762  34.472115585371185  74.72194527100272  99.00839568209732  116.49284289492566 
38664  8.857941723942078  23.444570517074904  34.459438650168394  74.69521772393124  98.97910683538895  116.45849809334261 
44263  8.847472588584703  23.425190387613565  34.4215012180197  74.61522858590929  98.89180434131315  116.35558913106959 
51929  8.835514169016701  23.40313196388187  34.37888710428216  74.52526782417841  98.79479128135877  116.2397180595426 
62377  8.82215649722506  23.37862220187242  34.33177514867556  74.42572623971105  98.68868365996377  116.11168685859089 
76579  8.807517718697865  23.351925319351512  34.280423741986084  74.31713002684165  98.57418582722165  115.97244930796035 
95888  8.791702997846096  23.32327381415469  34.22503071133973  74.19986059809125  98.45181011302255  115.82274404437219 
122138  8.774834710524162  23.292921432786155  34.165844555292445  74.07435534508593  98.32212290598534  115.66338368851218 
157788  8.757040082554559  23.261120375528606  34.103093907402105  73.94097238379696  98.18560674067466  115.49513211235909 
206180  8.738404737573093  23.228057583275657  34.03680722704843  73.79959339288246  98.04227561799613  115.31824600544299 
271830  8.718968023912005  23.193852130771198  33.9667438112604  73.64943415549286  97.89156940827542  115.13236425190698 
360822  8.698710111978878  23.158526731427727  33.89225524070138  73.48869497748142  97.73202323232564  114.93626064673673 
481355  8.677529264548875  23.122006385241935  33.81200373290875  73.31367475842374  97.56064212859856  114.72727880710804 
644480  8.655203237498256  23.08402771693546  33.72327355870663  73.1164491780319  97.37114425438176  114.49962482486481 
794232  8.638983482762153  23.056894289681903  33.653103444862886  72.95475651421658  97.2207929325199  114.32336311651355 
796932  8.638622259021776  23.056185520864886  33.65114041438194  72.94991478107202  97.2158435474985  114.3182986162235 
912571  8.623172276752355  23.025983817667232  33.566776540493265  72.74133384045967  97.00340011686929  114.10056396593112 
1117392  8.598790790788792  22.980890960852506  33.411755697984376  72.33025262834619  96.62803573869104  113.71155887932346 
1148580  8.595311044690416  22.974834606273657  33.37996322233771  72.23489653133417  96.55290499131408  113.63248476099764 
1156680  8.594306729962158  22.973050266775633  33.3701674043213  72.20496394426854  96.52928789235028  113.60783728834824 
1406415  8.562797849074341  22.917008540631002  33.046278537917026  71.19608620586055  95.74877563482553  112.76789060642425 
1758205  8.50352903103148  22.812569016252148  31.89734215648967  67.01766142546175  93.01116018653029  109.09948822262253 
0  9.214748306109065  24.067549463342225  35.66758017141654  77.22310102253388  101.53671602160387  119.57082189609014 
30627  9.200155245955482  24.047173434768855  35.62161760911115  77.12827071049091  101.45328820215465  119.46689805988711 
33264  9.199214703217395  24.04578555228644  35.61858808058156  77.12201723118537  101.44758151343466  119.4598592550262 
38664  9.197222042062478  24.042755354294425  35.61211137925967  77.10862159872582  101.43546415485707  119.44472669812372 
81908  9.18186596651253  24.019267794606137  35.56208763446448  77.00506886996943  101.34144788241119  119.32744693540575 
143606  9.165680717674183  23.993628271200865  35.50879089110515  76.89409545975127  101.23734069289873  119.19871109475979 
231660  9.148723353578548  23.965968801476436  35.45262425841995  76.77718233218334  101.12477317723747  119.05996873256423 
356295  9.131209057048341  23.93662463098043  35.39422576818905  76.65597831704967  101.00505304068179  118.9135392554379 
527911  9.113656198379214  23.9064804992699  35.33517738912395  76.53302826739396  100.88247617000539  118.7639400492163 
767591  9.095741567883497  23.87510444740058  35.27488197746204  76.40732042859429  100.75535033635094  118.60934614062589 
794232  9.094290222348196  23.872533749809698  35.27001812441076  76.39715065370628  100.74500613793313  118.59674373041446 
796932  9.094138248490472  23.872265363534527  35.26949811609883  76.39606106657763  100.74390584650949  118.59540869209061 
1116755  9.076136961179152  23.840251599486194  35.20771987518474  76.26685222233645  100.61363314516026  118.4370731904548 
1148580  9.074817284054259  23.83790258688565  35.203251178158624  76.2575227393988  100.60414775122769  118.42554388384295 
1156680  9.074484523808133  23.837309404636528  35.20212377458282  76.25514441034467  100.60174659426886  118.42262057945874 
1591531  9.056677006846094  23.80556291440267  35.141719082264224  76.12843480130074  100.47319516639334  118.2663007644226 
1758491  9.051533776972013  23.796455352806483  35.12452555550283  76.09253481744098  100.43666530528992  118.22181526319828 
1782049  9.05085126758835  23.79525037027832  35.12225056961884  76.08779157175469  100.43185967686814  118.21593450376021 
2383860  9.03355351126596  23.764711254064068  35.06460278552462  75.96762658578034  100.30936034459714  118.06679070953479 
2407418  9.033019182511763  23.76378470629703  35.062856449867205  75.96400155872496  100.30569585934795  118.06229211180238 
3009229  9.019406589132071  23.740142933498127  35.018238845309014  75.87183736856902  100.21180214824807  117.9477615309546 
3032787  9.018954565712038  23.73936940224634  35.01678595034787  75.86884788251118  100.20878131791659  117.94405147022503 
3634598  9.007419858999587  23.719696628252496  34.97959087656276  75.79268024039419  100.1315336129043  117.8496793228793 
3658156  9.007018980363915  23.719030100123565  34.97832556779268  75.79010013747892  100.12894012321628  117.84649588313734 
4259967  8.996803763481585  23.701961067656498  34.946016733989865  75.72431628762297  100.0628779635295  117.76541282222738 
4283525  8.99643768972036  23.701365199505332  34.94488531956753  75.72202445237022  100.06059935887122  117.7625983376676 
4885336  8.987107847668515  23.686118107754485  34.91604306921924  75.66364690982063  100.00258793552963  117.69095602540965 
4908894  8.986765658859898  23.685570432682514  34.915010870440156  75.661568984753  100.00055235176478  117.68842133220882 
5510705  8.978039729806076  23.671642221958813  34.88868085718647  75.60863396320656  99.94857873484766  117.62378093377282 
5534263  8.97771333212054  23.671136134372855  34.887724004210284  75.60671738250853  99.94672005708358  117.62145529777283 
6136074  8.969398429329328  23.658186753686156  34.86326383083916  75.55788203796195  99.89941435757962  117.56217616645479 
6159632  8.969083260211693  23.657711074908153  34.862360210866015  75.55609092451324  99.89770514921358  117.56001530971103 
6761443  8.961036869433512  23.64549941434347  34.839298131789036  75.51040250580618  99.85408682456558  117.50492690424923 
6785001  8.960728419541043  23.645043178523956  34.83843362030723  75.50870341965499  99.85249019054318  117.50289638564593 
7386812  8.952844314344743  23.633389415073616  34.81641550814489  75.46543939972105  99.81185021718389  117.45113116412338 
7410370  8.952538386432861  23.632949604727575  34.8155821292367  75.46382156844136  99.81035220743551  117.44920712387423 
8012181  8.94473045265804  23.621709163317796  34.7943273121256  75.42243396257278  99.7721451695076  117.40010321753499 
8035739  8.944425301012012  23.62128127266252  34.793516809004544  75.42087082676565  99.77073103064787  117.39826407322279 
8637550  8.936618836454087  23.610343836943407  34.772802784968476  75.3809246937623  99.73454979571892  117.35131367967213 
8661108  8.936311538358156  23.60992505468411  34.772007054294974  75.37940073137793  99.73320305399203  117.34954166216615 
9262919  8.928444181805755  23.599197929037018  34.751649739338774  75.34053160728486  99.69870905493181  117.3043271187416 
9286477  8.92813217301188  23.59878329394708  34.75086164359768  75.3390434853143  99.69742558918226  117.30261038263974 
9888288  8.920146568004117  23.588184001193085  34.73070628584491  75.30095637168255  99.66436492945166  117.25879464416522 
9911846  8.919828031135818  23.587774043090818  34.729919165280265  75.29948436181557  99.663117719302  117.25712265721612 
10513657  8.91167194242156  23.577224180034833  34.70981532518136  75.26191871584884  99.63124226490345  117.21441129052903 
10537215  8.911344712693426  23.576812683706393  34.70902589787505  75.26045798742457  99.63003156833227  117.21277006137953 
11139026  8.902964932066658  23.56625608913585  34.688835505973564  75.22315168201354  99.59913229047764  117.17089595295815 
11162584  8.902626464084188  23.565837321068695  34.68803768527681  75.22170332764574  99.59795541728155  117.16928441453847 
11764395  8.89397115308064  23.555201270940362  34.6676318109167  75.18446121222826  99.56784373524599  117.1280158170087 
11787953  8.893620413100955  23.554780376765038  34.666820690510825  75.1829964111164  99.56669060584095  117.12641389883821 
12389764  8.884638020387722  23.544009601921495  34.646079475226415  75.14556096725009  99.53718142955643  117.08549235918638 
12413322  8.884273160747643  23.54357983339107  34.64524881398498  75.1440765788259  99.536039456522  117.08389324813477 
13015133  8.874908058487108  23.532615045866745  34.624004934344924  75.1059829800912  99.50683699289189  117.04291857280707 
13038691  8.874525919175918  23.532176702757553  34.62314504602601  75.1044267329853  99.50568549035799  117.0412826274351 
13640502  8.864716735829704  23.52095299141618  34.6011001902722  75.06449315464538  99.47618583367759  116.99937451978487 
13664060  8.864314643108905  23.520502649781214  34.60018406543807  75.06276013137274  99.47496050305273  116.99761689824324 
14265871  8.853985859853967  23.508942235325065  34.57659698115647  75.01754225701714  99.44342767248484  116.95228311401345 
14289429  8.853559035201325  23.50847389103094  34.57553986706687  75.01519065385327  99.44192352826649  116.95010443238074 
14891240  8.842598885703936  23.49643763048842  34.548145338536656  74.95322933845365  99.40271773873397  116.89311382165398 
14914798  8.842139548270872  23.495940382237293  34.54668356493319  74.94888698813324  99.40026254514298  116.88951747625009 
15516609  8.830318595062465  23.483106913468905  34.50787703793713  74.83040475129988  99.33387813447558  116.79198232433389 
15540167  8.829804373924986  23.482539966709727  34.50506851250043  74.81907316220531  99.32802362852475  116.78330340034846 
16141978  8.816459915643126  23.46784080283818  34.425627559918766  74.48657286685719  99.15775551929077  116.5276880961421 
16165536  8.815808528759394  23.467073826488896  34.417450497399074  74.4461743972543  99.13790062436489  116.49710673521301 
16767347  8.798025763002538  23.445683567929436  34.149951474190814  73.07713569668314  98.48132431285158  115.42298773973789 
16790905  8.796941977229979  23.4441712934762  34.12185745496345  72.9322808252553  98.41213280933555  115.30959280279845 
17392716  8.772571402340548  23.410125834880912  33.60896305804565  70.58673435751983  97.29626260722293  113.51585402281418 
17416274  8.771169664089644  23.40785759536857  33.572858240385195  70.44340573006787  97.22694936449308  113.411778191724 
18018085  8.742950277478265  23.364732327393853  33.0266205721688  68.61174070119758  96.2414674294548  112.12468002870209 
18041643  8.741345828437982  23.361901904930765  32.9897751416228  68.50036562369894  96.17669464248158  112.04358496012608 
18643454  8.709501485414835  23.309512379622145  32.43256195923333  67.04999942699503  95.17260525754749  110.97428208550384 
18667012  8.70766816270777  23.305990627139035  32.39522089636341  66.96275919973309  95.10084438059164  110.9075380126364 
19268823  8.671005936664026  23.241907369336865  31.814971368901137  65.78342487792625  93.99488127405732  109.96063578422316 
19276113  8.67032402131847  23.240547305299327  31.80253634336619  65.76157138620228  93.96847440006835  109.94249658345622 
19862265  8.629023399049641  23.164575106266675  31.210348846897993  64.79421763982663  92.7731995411802  109.06788464818803 
19874286  8.62774382890992  23.161917153054638  31.18990203416805  64.76481881504446  92.72679164568494  109.03842673379137 
0  9.214748306109065  24.067549463342225  35.66758017141654  77.22310102253388  101.53671602160387  119.57082189609014 
30627  9.200155245955482  24.047173434768855  35.62161760911115  77.12827071049091  101.45328820215465  119.46689805988711 
33264  9.19921484391028  24.045790753923562  35.618588870979174  77.12201833378084  101.44758227103294  119.45986040708753 
38664  9.197223211731684  24.04275320024484  35.61211372316748  77.10862514181352  101.4354652774093  119.44473111476566 
81908  9.181874280332465  24.019277327614542  35.562104149279314  77.00509247618211  101.34145861632246  119.3274675402726 
143606  9.165704700782683  23.993651014572553  35.50883518490756  76.89416706094394  101.23737420406658  119.1987754397878 
231660  9.148779259571569  23.966019449001866  35.452725237286415  76.77733746281851  101.12485275867772  119.06011840343115 
356303  9.13131841206405  23.93672831024448  35.39442431528578  76.65630227836823  101.00521109420849  118.91383382513835 
527969  9.113851105988243  23.90667019678146  35.335525863205866  76.5336040835024  100.88274617769783  118.76445928086758 
767677  9.096085403471541  23.87543906695393  35.27549505224719  76.40833598975529  100.7558507625707  118.61029072391786 
794232  9.094657888817718  23.872899727260247  35.270685277293644  76.39825985383982  100.74557107680694  118.5977874163808 
796932  9.094508042907643  23.87263020514736  35.27016901097751  76.39717601826598  100.74447467079689  118.59645763470694 
1117710  9.076711451810311  23.84078680399213  35.208694627095454  76.26842718915836  100.61425088076797  118.43845295554873 
1148580  9.075460649817423  23.83853793655033  35.204417081277136  76.25947663729269  100.60510682701512  118.42736535690156 
1156680  9.075135120400176  23.837953103439627  35.203301725774786  76.25712754769904  100.60270984510862  118.42446730723434 
1594596  9.057626200420936  23.80641733341985  35.143283841094515  76.13089496144153  100.47400794491068  118.26838172739741 
1758491  9.052764604124652  23.7976740063869  35.12677279281157  76.09627731473265  100.43850956728788  118.22532522505196 
1782049  9.052110993206163  23.79649755367009  35.12455098146901  76.09161816823026  100.43372124770359  118.21952201009046 
2383860  9.035536109531343  23.766693550527926  35.06828464434989  75.97367687258547  100.31245981950198  118.0725656283753 
2407418  9.035035507015754  23.765798597668372  35.06660036147392  75.97015316562224  100.30884715380097  118.06816157855503 
3009229  9.022280005439228  23.74301275383748  35.02361142383549  75.8805730153052  100.2163630316937  117.9561457016816 
3032787  9.02186622773541  23.742279497211765  35.02222825010051  75.87769753188525  100.21340590343878  117.9525508609885 
3634598  9.011325225366534  23.723585908238526  34.98689959120255  75.80450287123155  100.13773603834646  117.860997125581 
3658156  9.010969249790822  23.722958688093644  34.985715364575526  75.80205383858177  100.13520010803762  117.85793722730546 
4259967  9.00189079732253  23.706988204792236  34.95549515740118  75.73962370515957  100.07085272187605  117.78000831162862 
4283525  9.001575075988203  23.70643467587215  34.95445416502923  75.73747658847032  100.06864973389061  117.77733116649668 
4885336  8.993532546827973  23.692414714332536  34.92792157370106  75.68277331036451  100.01246968907206  117.7091567276447 
4908894  8.993246551128342  23.691922106726892  34.926987628458015  75.68085468186038  100.01050380905302  117.7067653159117 
5510705  8.985970129791815  23.679355755768707  34.90324009858948  75.63199360909512  99.96054347209848  117.64595556444775 
5534263  8.985707632670426  23.678909428781104  34.90238928063161  75.63025449563688  99.95877294091716  117.64379486367629 
6136074  8.979019799217896  23.667477439012185  34.88079502514795  75.58593938807651  99.9136655379593  117.58874118509256 
6159632  8.978775620232923  23.667061274579805  34.8800153881889  75.58434322193585  99.91204960117595  117.58676131826235 
6761443  8.972547924191614  23.656529080531662  34.8601343132763  75.54365076512812  99.87083754499803  117.53632323413429 
6785001  8.97231794632333  23.656146578651313  34.859408309905206  75.54216798323046  99.86935380747697  117.53449262416048 
7386812  8.966455744857814  23.646344094140407  34.84091042408222  75.50442297309579  99.83133142464179  117.48781626064674 
7410370  8.96623787128851  23.645983644110885  34.84022918206634  75.50303885610022  99.82994493590613  117.48610797329073 
8012181  8.96067003993683  23.636779559482694  34.82287355490275  75.46773486580607  99.79459787507702  117.44256834749086 
8035739  8.96046154456097  23.636436974800503  34.82222976148894  75.46642976959677  99.79329779918203  117.44096436169905 
8637550  8.955131816062245  23.62773545380448  34.80582692216121  75.43317222014907  99.76023062839377  117.40006850782144 
8661108  8.954930462427809  23.627412316388348  34.805213693332526  75.43193491873107  99.75898871860595  117.39855088657346 
9262919  8.949793092913389  23.619135639949945  34.789603370254376  75.40040870487498  99.72783579584694  117.35990625098131 
9286477  8.949597783859867  23.618824148668573  34.78901850879047  75.39923588660575  99.726678450069  117.35847076746066 
9888288  8.94461621336797  23.610907837360926  34.77408390602167  75.36918130756747  99.69720672982935  117.32176076935109 
9911846  8.944425960769719  23.610611118000453  34.77352182852921  75.36805316982505  99.6961054113077  117.32038669364144 
10513657  8.939570043950287  23.602995393420308  34.75916413295857  75.33927304886383  99.66809630982492  117.28535804930027 
10537215  8.93938353119331  23.60270858920487  34.758621327251504  75.33819021203398  99.66704802858952  117.28404287841133 
11139026  8.9346273828175  23.595359563830627  34.74475354110102  75.3104990334906  99.64032775701043  117.25046855927509 
11162584  8.934443942022714  23.59508022374895  34.744226104104655  75.30944164007634  99.63930667594562  117.24919930369246 
11764395  8.929765922471868  23.587952469873635  34.730776162636424  75.2827125059816  99.61374279585188  117.21690805656749 
11787953  8.929584904740352  23.58768005052212  34.73026344347678  75.28169892580284  99.61278294119312  117.21568966604944 
12389764  8.92496599827044  23.58074825288444  34.717171871248404  75.25577579535388  99.58821558098947  117.18451846777776 
12413322  8.924786571875394  23.580482245895535  34.716670803836834  75.25478905202388  99.58728701215887  117.18333637201434 
13015133  8.920208903834853  23.573712841452835  34.7038799286786  75.22957633736075  99.56362374918086  117.15314985918108 
13038691  8.920031116025974  23.573454046619766  34.703391301207745  75.22860930925268  99.56272967799488  117.15200170216669 
13640502  8.915481551874821  23.566820187702177  34.69085508630676  75.20401757721396  99.53987560630003  117.12268734077954 
13664060  8.915304245753104  23.566568460178015  34.69037319761347  75.20307339516712  99.53900789716873  117.12156889516417 
14265871  8.910769024226925  23.560052352773365  34.67805446544177  75.17901419388836  99.51688357043004  117.09303018792708 
14289429  8.910591007691703  23.55980692647349  34.67757973803995  75.17809063454361  99.51604283725506  117.09194080306253 
14891240  8.90605952324693  23.553380874817606  34.66543852905687  75.15449933252796  99.49457033121851  117.06409059295609 
14914798  8.905881301189936  23.553138779056564  34.664969567231914  75.15359118862844  99.49375211129852  117.06302258561863 
15516609  8.901341060716083  23.546802977686696  34.65297737204011  75.13040011359212  99.47287340126356  117.03578613254516 
15540167  8.901162693135037  23.546559124469425  34.652510294072485  75.12950523721507  99.47207437679397  117.03473471097003 
16141978  8.896605218665272  23.54028710733433  34.64063470645766  75.1066596984368  99.45173108062788  117.00804956098891 
16165536  8.8964257191869  23.540043957180213  34.6401732265892  75.10577584330173  99.45095092713929  117.0070229430683 
16767347  8.89184021882506  23.533823582380947  34.62838434639268  75.08321882891453  99.43108444351488  116.980812717887 
16790905  8.891659824132804  23.53358119897935  34.62792481646727  75.0823460422226  99.43032335710959  116.97980293855827 
17392716  8.887037323850025  23.5274014755961  34.61619527776969  75.06001413218793  99.41088689504582  116.95401130460607 
17416274  8.886854565601231  23.527159203647273  34.61573417560527  75.05914832993096  99.41014758679897  116.95301518857359 
18018085  8.882186353973593  23.52100356325839  34.60403725074036  75.03698691991023  99.39110253480155  116.92758166348308 
18041643  8.88200184129911  23.520762467144493  34.6035791861677  75.03612395684665  99.3903688866244  116.92659711602204 
18643454  8.877279809044698  23.51461590624498  34.59188109261089  75.01405958898019  99.37166011509224  116.90145400277912 
18667012  8.877093006900935  23.514378634467516  34.59141801825241  75.01319609784447  99.37093659439294  116.9004782259766 
19268823  8.872307149482994  23.508231815430822  34.57968846623595  74.99112790772767  99.35249493137695  116.87553811293586 
19276113  8.872248814028191  23.508158428467922  34.579542230735996  74.99085731890139  99.35227387067482  116.87523641407284 
19862265  8.86751949329124  23.50216174392593  34.568035966904525  74.96921692300512  99.33447578910365  116.85101830029835 
19874286  8.86742122676133  23.50203582901018  34.56779680285919  74.96876564482612  99.33411404623624  116.85052094323491 
20460438  8.86261650618224  23.49602219459332  34.55615363398673  74.94672193578663  99.31634299688463  116.82617563523114 
20472459  8.862515971416045  23.495899239967745  34.55590904219703  74.94625488863478  99.31597341478592  116.82566785883452 
21058611  8.85762659591293  23.489849417364137  34.544025398529946  74.9233235295185  99.29797488279722  116.80083860673507 
21070632  8.857524205921658  23.489722062208767  34.54377378068241  74.92281821272427  99.297589857451  116.8003091953951 
21656784  8.852538557300562  23.483627055797218  34.53144658865633  74.89801333377518  99.27885529943578  116.7742686004039 
21668805  8.852434938334568  23.483499798044623  34.5311794203255  74.8974275896449  99.27843295286358  116.77368087752902 
22254957  8.847336898247878  23.47733172085852  34.51801040093444  74.86867493829767  99.25791445993133  116.7449201729974 
22266978  8.847229677165345  23.477199781827  34.51771294393974  74.8679273972277  99.25741818595216  116.74422266665779 
22853130  8.841995786470743  23.470927917371107  34.50287797724649  74.83091416417668  99.23296049003922  116.70957269762995 
22865151  8.841885249053664  23.470796640346045  34.50250554909094  74.82980982626741  99.23229294967895  116.70861691988776 
23451303  8.836471699787  23.464347879500732  34.4842699361917  74.77529480562617  99.1993103902844  116.66131999377865 
23463324  8.836355851155545  23.464209925741173  34.483760036002785  74.7734650996775  99.19827723127251  116.65983155145467 
24049476  8.830678959258886  23.457449408666903  34.458323416544744  74.68099720028135  99.1466234356376  116.58470818874821 
24061497  8.830554186249273  23.457304161085442  34.45750836729151  74.67752848617131  99.14478610905282  116.58200759261447 
24647649  8.82442903916117  23.449931447321532  34.41592656537868  74.4981444741758  99.0502246976856  116.44201987120366 
24659670  8.824286751580912  23.44975576235172  34.41439683420027  74.49078963953096  99.04647453491737  116.43638410657441 
25245822  8.81722704754723  23.441000010177852  34.33180030099994  74.08433067065236  98.84261723001256  116.12131085906698 
25257843  8.817043714313938  23.440767737169384  34.32828495035565  74.06577337787822  98.83361639579569  116.1068472048917 
25843995  8.807857394979361  23.428677911342135  34.142405447385926  73.081516888357  98.35881249997135  115.32388270305783 
25856016  8.807606748727162  23.428319968291667  34.13570905995671  73.0464244730717  98.34191958896517  115.29604366617156 
26442168  8.796265018215308  23.411995373608  33.86074417297085  71.67384233915845  97.69629319067006  114.20910121647759 
26454189  8.795950184523955  23.411511512614393  33.85146816017556  71.62903401687885  97.67529780802741  114.1738810732006 
27040341  8.783162056964164  23.391714591228077  33.54285912860289  70.30792851347901  97.04162985585255  113.18419007613053 
27052362  8.782827783070106  23.39115427766739  33.53393954773069  70.27302094777448  97.02449923094822  113.15904479288925 
27638514  8.769117143448913  23.368948549571876  33.22456742856734  69.17666948927771  96.45202453048381  112.38684279475164 
0  9.214748306109065  24.067549463342225  35.66758017141654  77.22310102253388  101.53671602160387  119.57082189609014 
30627  9.200155245955482  24.047173434768855  35.62161760911115  77.12827071049091  101.45328820215465  119.46689805988711 
33264  9.199215011664613  24.045790357894067  35.61858920283815  77.1220189510087  101.44758345889355  119.45986074179687 
38664  9.197224063523318  24.04275557044614  35.61211488558461  77.10862746017007  101.43546583366285  119.44473206721993 
81908  9.18188107159561  24.0192832532508  35.56211215643889  77.00510994348727  101.34146748415144  119.32748362071821 
143606  9.165723357625206  23.99366794295909  35.508867740032976  76.89422247194172  101.23739970889683  119.19882398665537 
231659  9.148821061861677  23.96606004144276  35.452801121772765  76.77747249046378  101.12491497698817  119.06023248788016 
356307  9.131400039162195  23.93681026327061  35.39457227444112  76.65654370786163  101.00533111673624  118.91405465171644 
527987  9.113998668562639  23.9068159614121  35.3357979641106  76.53405223908888  100.88296615235872  118.7648744648546 
767705  9.096341560981026  23.87569433385919  35.27595783203472  76.40910670171867  100.75624256764392  118.61101466113001 
794232  9.094929637438105  23.873172070512968  35.27118017037351  76.39908371719669  100.74599564400172  118.59856345108062 
796932  9.094781387477054  23.87290457503607  35.270666328034885  76.39800680698816  100.74490166889808  118.59724119751414 
1118498  9.07712931761845  23.841176944095285  35.209397621482346  76.26956497048135  100.61468316371057  118.43943882830487 
1148580  9.075930645998401  23.839004332113937  35.20526989811408  76.26090337967862  100.60580867800694  118.42870487177869 
1156680  9.075610465712304  23.838426561720915  35.204164780108506  76.25857977515385  100.6034254935104  118.42582550500526 
1597138  9.05830005912152  23.8070229283122  35.14437442289487  76.13262581088375  100.47453034692448  118.26981803584728 
1758491  9.053641886469403  23.798551579682506  35.128378085247604  76.09898994837226  100.43984605098409  118.22787193480467 
1782049  9.053006681430128  23.79739575532477  35.126193875896  76.09438848761376  100.43506576499973  118.22212272111832 
2383860  9.036919505618181  23.76809791467619  35.07087278049798  75.97798569660414  100.31469671390062  118.07670394255393 
2407418  9.03643997656749  23.76722811549896  35.06922911165632  75.97453063190427  100.31112159871763  118.07237207606875 
3009229  9.02423677904792  23.7450165879499  35.02730933405376  75.88669020039957  100.21963049437299  117.96207752849237 
3032787  9.023846558549593  23.74430936490296  35.02597241108666  75.88388993521305  100.21671506572352  117.95855477934212 
3634598  9.013917036327198  23.72624252346059  34.991838993470985  75.81261911067823  100.14212864320774  117.86889382647213 
3658156  9.013586430877831  23.725643613584886  34.99070571378956  75.81025343477431  100.13962021894224  117.86591204050912 
4259967  9.00517176217207  23.710354157660415  34.96176480606138  75.74991858794228  100.07643315934051  117.79002178923767 
4283525  9.004884260886563  23.70983118648517  34.96078078310701  75.74786018874042  100.07428887871733  117.78743308522341 
4885336  8.997558667925173  23.6965397542833  34.93561392044021  75.69537344311196  100.01931144450364  117.7214344644488 
4908894  8.997303794777944  23.696077724302977  34.93473985193485  75.69354799736755  100.01740237181635  117.71913860835755 
5510705  8.990800669211051  23.684294227628776  34.91245566912807  75.6470646507351  99.96869612207769  117.66064217489992 
5534263  8.990570625511488  23.683875607151755  34.911666917883586  75.64542112171053  99.96697764327632  117.65857785636014 
6136074  8.984710793558762  23.673277941181045  34.89163723177114  75.60364279702328  99.92321386230778  117.60597721142041 
6159632  8.98450196479198  23.67289848750206  34.890922602274934  75.60215026640346  99.92165253807762  117.60409911354805 
6761443  8.97915985248358  23.663250373663523  34.872711373268636  75.56416195830153  99.88186785114911  117.55625334429288 
6785001  8.9789670528521  23.662903962499353  34.87205519372916  75.56278767876367  99.88043641569966  117.55453047477913 
7386812  8.974051056946056  23.6540409993389  34.85533984783748  75.52791412564449  99.84392786786196  117.51060242450258 
7410370  8.973871656517202  23.653717342839546  34.85473748622636  75.52665264010642  99.84260499893105  117.50900929862023 
8012181  8.969311787968481  23.645507599418355  34.8392744330296  75.4943985913764  99.80884663574427  117.46837122974948 
8035739  8.969144570227142  23.64520734737781  34.83870987602731  75.49322059904948  99.80761585773794  117.4668863828672 
8637550  8.964886840871706  23.637558689054188  34.82431525142127  75.4631962045474  99.77618707489077  117.4290480348128 
8661108  8.964729672005602  23.637275585167654  34.82378865402595  75.46209506064449  99.77504664919087  117.42766024938749 
9262919  8.96073115236905  23.63010929046477  34.810308066931896  75.43398385142893  99.74563326176988  117.39223234928353 
9286477  8.960582920751893  23.62984145028933  34.80981122473506  75.4329491845022  99.74456337378366  117.39092504200981 
9888288  8.956809064158058  23.623090193260957  34.79712194901025  75.4064903617286  99.71691576961886  117.35759141170399 
9911846  8.956668602843159  23.622841330317442  34.79665063687883  75.40550758902086  99.71589537516977  117.35635650339412 
10513657  8.953091325522271  23.616457581952154  34.784648351302536  75.38048064224235  99.68978655617381  117.32485738817383 
10537215  8.95295747534819  23.61621898387862  34.78420158855019  75.37955536936916  99.68881547596955  117.32368814178285 
11139026  8.94955388987355  23.610159955333312  34.772810649491795  75.35581954907435  99.6640738104424  117.29382352154822 
11162584  8.949426870274136  23.609931959793656  34.77238609228826  75.35494608610901  99.66316329710102  117.29271738379008 
11764395  8.946177807775221  23.604164599616414  34.761544849894086  75.33235636596743  99.63963910948385  117.26431337512646 
11787953  8.946056066522473  23.603947449263046  34.7611382829126  75.33151054003349  99.63875923789395  117.26325078173484 
12389764  8.942945596632011  23.59844453796659  34.75078868360588  75.30996653230481  99.61634929216983  117.2361597999592 
12413322  8.942828132170268  23.59823803490107  34.750402585980986  75.30916224975823  99.61550708550544  117.23514621628999 
13015133  8.939842157983128  23.59296286119211  34.74049537525809  75.28855404649464  99.59408931635234  117.20923945184776 
13038691  8.939729554907334  23.592764940444756  34.740123199232855  75.28777313043611  99.59328541509818  117.20826635607041 
13640502  8.936855561431296  23.587703914426232  34.73061557177566  75.26800433727404  99.57276764923115  117.1834342995658 
13664060  8.936746445079237  23.587514088725758  34.73025867907335  75.26726117828734  99.57200572782239  117.18250068764581 
14265871  8.933974455905688  23.58265326021777  34.72111475422404  75.24826136975534  99.55230626497148  117.15864802666965 
14289429  8.933869575502294  23.582468849747602  34.720770081276406  75.24754404060168  99.55156196269013  117.15774814208699 
14891240  8.931190915073941  23.57778282192158  34.71195954674729  75.229242740394  99.53262399240216  117.13479212929217 
14914798  8.931089492943084  23.577601678391666  34.711625604724844  75.22855159458068  99.53190849235074  117.13392557569323 
15516609  8.928495884920519  23.573073763986052  34.703122588248924  75.21090045422984  99.51366625721572  117.11179500518986 
15540167  8.928397631023657  23.572902604567584  34.70280051861005  75.21023411051269  99.51297626479722  117.1109640281493 
16141978  8.925881732400462  23.568525736449605  34.69457939485191  75.19317729288032  99.49537399027578  117.08958724935825 
16165536  8.925785375410895  23.568363453600444  34.694267168062034  75.19252239928944  99.49465697026199  117.08877616974792 
16767347  8.923341516415299  23.564119499688513  34.68630271837707  75.17601907732553  99.47769340378841  117.06810749504963 
16790905  8.923248790042154  23.563962210059767  34.68599800900506  75.17538776292443  99.47704438236855  117.06732293337252 
17392716  8.92087077343624  23.55984870579608  34.678278657782016  75.15939497824738  99.46058421968208  117.04730652999044 
17416274  8.920780002153855  23.559693435681147  34.6779852290041  75.15878657951029  99.45996023620633  117.04654592353386 
18018085  8.918463424447435  23.555699309497314  34.67048712178204  75.14326632447182  99.44400929179346  117.027135417265 
18041643  8.918374815167924  23.555548464566318  34.670201497832345  75.14267718406536  99.44340107467015  117.02639709764195 
18643454  8.91611511477031  23.55166514071238  34.66290980622698  75.1275947297953  99.42792862266691  117.00754914445595 
18667012  8.916028751072588  23.55151516020406  34.662632903929456  75.1270196965612  99.42733824281517  117.00683191823225 
19268823  8.913821496030964  23.547735042538488  34.655533148850836  75.11234933837947  99.41230788554815  116.98851100769436 
19276113  8.913795342711307  23.54769363047637  34.65544663733481  75.1121767794872  99.4121318144096  116.98829462535254 
19862265  8.911691744098615  23.544098345561373  34.648703896395816  75.09825433836768  99.39788679768102  116.97091969764318 
19874286  8.911649518216361  23.54402596732151  34.648569072722125  75.09797309977255  99.39760215687048  116.97057176370049 
20460438  8.909589296946086  23.54051785284484  34.64198322567767  75.08438852920757  99.38372199407253  116.95362417999263 
20472459  8.90954772907377  23.540448258975598  34.64185162558133  75.08411532653244  99.38344719494367  116.95328565982835 
21058611  8.907527532581623  23.53702119369203  34.635410853835936  75.07084228237801  99.36991102289612  116.93674099157136 
21070632  8.907486486964228  23.536949830786757  34.635280381952434  75.07058091599947  99.36963829392786  116.93641501954089 
21656784  8.90550365434898  23.533595651806927  34.62898239959463  75.0576099151823  99.35640858922567  116.92025577489503 
21668805  8.905463645111476  23.53352859772569  34.62885546588105  75.05735300187742  99.35616513640477  116.91993310680434 
22254957  8.90351542825009  23.530241476637958  34.62268404044074  75.04466184560538  99.34326246853928  116.90414060647721 
22266978  8.90347600014387  23.53017922616529  34.62256282268939  75.04440757712943  99.34300588658242  116.903823389297 
22853130  8.90156096197127  23.526958000882694  34.616516719874916  75.03198562838708  99.33039716299697  116.8883715846211 
22865151  8.901522301905986  23.526893411138108  34.6163944934367  75.03173349667293  99.33014140667088  116.88806049288499 
23451303  8.899638074645058  23.523734586703192  34.610465916127495  75.01956185734305  99.3178098630619  116.87293502582999 
23463324  8.89959985226182  23.523673478794034  34.61034704095192  75.01932349849686  99.31756257731901  116.87263073229798 
24049476  8.897744306682009  23.520575501611393  34.60452760533476  75.00738207614816  99.3054852371449  116.85781347180881 
24061497  8.89770692341373  23.5205120147066  34.60441084147588  75.00714169272563  99.30524726623256  116.85751550238993 
24647649  8.895878859589766  23.517471225928222  34.59869726912878  74.99543291248119  99.29342670722332  116.84299052287571 
24659670  8.895842245255974  23.517412775818933  34.598581479927574  74.99519743054276  99.29318767141393  116.84269898351639 
25245822  8.894039507647252  23.51442323270461  34.59296637552519  74.98370211436524  99.28160424878742  116.82845170383615 
25257843  8.894002770862398  23.5143661700394  34.59285316213087  74.9834717352274  99.28137371402605  116.82816487540491 
25843995  8.892225550863467  23.511425945281815  34.58732807886444  74.97217820152441  99.27001654509421  116.81417932112717 
25856016  8.892189120675658  23.511366580726207  34.58721877783297  74.97195015889292  99.26978833233808  116.81389428039702 
26442168  8.89043452143039  23.508476117809714  34.58178779329049  74.96085323521977  99.25864945189146  116.80016987122393 
26454189  8.890398905955958  23.508418065132023  34.581678731989165  74.9606292283884  99.25842651276601  116.7998931090357 
27040341  8.888665407067572  23.505575389281738  34.57633235709158  74.94971627570997  99.24749270884726  116.78640311556906 
27052362  8.888630321317226  23.50551686207888  34.57622385573572  74.94949529489467  99.24727265631677  116.78613132578478 
27638514  8.886917009107203  23.50271757085396  34.57095910629028  74.93875821565084  99.23653907635966  116.77287058424699 
27650535  8.886882463682097  23.502659623828364  34.570852622200874  74.93854085245648  99.23632442604539  116.77260348038288 
28236687  8.88518811938469  23.499902563813478  34.56566273591782  74.92797008894888  99.22578209621534  116.75956358896771 
28248708  8.885153941469193  23.499845359683555  34.56555739259198  74.92775956445983  99.2255675431717  116.75931642807252 
28834860  8.883477627589006  23.497126304816362  34.560442293173274  74.91734827242233  99.2152061256361  116.74646976043576 
28846881  8.883443363168627  23.49707200546209  34.56033823127283  74.91713645520248  99.21499885957695  116.74620938271535 
29433033  8.881784552482769  23.494388457876628  34.55529244580492  74.90687340621946  99.20481205374423  116.73357818835497 
29445054  8.881750593450501  23.494334711665296  34.555189851093644  74.90666304586304  99.20459682500798  116.73331674314403 
30031206  8.880107486155918  23.491686871555117  34.55020762036347  74.89654997143704  99.19458122234444  116.72088173400381 
30043227  8.880074219670597  23.491633746961362  34.550106281664114  74.89634278866647  99.19438020181612  116.72063024359059 
30629379  8.878446069942203  23.48902269594484  34.54519073465898  74.88636865362098  99.184521421708  116.70837565878695 
30641400  8.878412646315258  23.48897047962307  34.5450907431371  74.8861674472453  99.1843193803637  116.70812652801405 
31227552  8.87679878738235  23.486388828326216  34.54023312147002  74.87632474503316  99.17461280013453  116.69604392499126 
