0  9.140773521347327  23.735720189376337  35.311774109966464  76.38247733822655  100.10538898156526  117.36568441845068 
27772  9.124354992934125  23.71209672874682  35.25701310807168  76.26934434115367  100.0023348778192  117.25092725112118 
33264  9.122061793691532  23.70858893370985  35.24941292961481  76.2535913128835  99.98735903957493  117.23413554669358 
38664  9.12043824455784  23.706076548462246  35.243962053335885  76.24235702518672  99.97737956750905  117.22196274341475 
84700  9.102648790730933  23.67861751326662  35.18507281295356  76.12039465787966  99.8604232695597  117.09088303819085 
153662  9.08402860896442  23.648453987786905  35.12335774634527  75.99197767910765  99.73342376868435  116.94898817820001 
255726  9.06504060672933  23.61643425874214  35.06045727399993  75.85986662515928  99.60069192391236  116.79927446885871 
411241  9.045145575955825  23.582112314130672  34.99384089387327  75.72050085572877  99.45849819694033  116.63946059374487 
658364  9.023852244292355  23.544762983421943  34.921274269926556  75.56615812175114  99.30365500413902  116.46359243438066 
794232  9.016217497090336  23.53121792830403  34.895081621070034  75.51165680894549  99.24774029724027  116.40069865694237 
796932  9.016105467630371  23.531038991800102  34.89471021388964  75.5108892452584  99.24704165641295  116.39977873245577 
1148580  8.9991142355297  23.500915599844802  34.83604421673402  75.38814059536055  99.12322601648282  116.25948014547602 
1156680  8.998867190493488  23.50052968690749  34.8352571231707  75.38651357824195  99.1217494432663  116.25750313735668 
1758491  8.978164382086502  23.463675945319604  34.765043223434525  75.2386930225358  98.97089937457278  116.08665586480569 
1782049  8.977668652446075  23.462925314087855  34.76354519889542  75.235610114777  98.96812716994337  116.08284701895396 
2383860  8.964017384282299  23.438912052163168  34.718238798845995  75.14177587782274  98.87474217759929  115.97354782291576 
2407418  8.96362651596221  23.43833551638047  34.71711282145613  75.13947872357738  98.87268160957828  115.97066289502246 
3009229  8.953072271888045  23.42011913228247  34.68314492509275  75.06969640848148  98.80336453502059  115.8883082841853 
3032787  8.95274190165492  23.419641668809998  34.68223143858574  75.0678498019418  98.80172871184271  115.88597143796581 
3634598  8.94394993326572  23.40484498087314  34.654823297432614  75.01250206041392  98.74715541942966  115.81996171945228 
3658156  8.943657542737759  23.40443132146485  34.65404758434201  75.01094367093529  98.7457907817259  115.81798322938288 
4259967  8.935993944562428  23.39190336598608  34.63090345978038  74.96485292081577  98.70140484722657  115.76292476316706 
4283525  8.93572799012362  23.391535766879183  34.630222000154205  74.963491759288  98.70023627579135  115.76119733612998 
4885336  8.92883159193369  23.38059285962642  34.61012035049162  74.92375281972795  98.6627979072331  115.71370810164969 
4908894  8.92858316424364  23.380256603540754  34.60950619668681  74.92253606358949  98.66176811215082  115.71216071665583 
5510705  8.922235138010484  23.370479405272835  34.5917139593115  74.8875569407936  98.62922510026038  115.67022581984818 
5534263  8.921998900038554  23.37016438333987  34.59115054162955  74.88644593412899  98.62830177999298  115.66881407254373 
6136074  8.916055216192602  23.361283846520216  34.575166858726554  74.8552170509317  98.59963765348452  115.63113035796412 
6159632  8.915827651098404  23.360988179101657  34.57464130679846  74.85418583765099  98.5988069405723  115.62983097562511 
6761443  8.910184253760825  23.352799761214673  34.560118402767806  74.82616585779118  98.57349398510598  115.59570570591491 
6785001  8.90996148959706  23.35251537063848  34.5596161898573  74.82519545612666  98.57272510934986  115.59448857231763 
7386812  8.904537801863837  23.344860477117816  34.546264995781094  74.7998751114266  98.55025914949105  115.56336850013932 
7410370  8.904318286598718  23.344586670125803  34.545782744291984  74.79895107725096  98.54954530370246  115.56221491569761 
8012181  8.899055490924319  23.33736170197125  34.533362865958615  74.7758346506575  98.52947474395549  115.5336130957728 
8035739  8.89883635157025  23.33709168158568  34.532895164743785  74.77494330485104  98.52879851184673  115.53250667966964 
8637550  8.893690830107449  23.330204103998174  34.52121808447475  74.75356813490731  98.51070999835923  115.50599077163221 
8661108  8.893470982450388  23.329941714812165  34.52075702975327  74.75270184495906  98.51007175135364  115.50492490934319 
9262919  8.888410901438549  23.323334166857887  34.50968116583888  74.73264113860895  98.49358843746867  115.48008814411243 
9286477  8.888188568745582  23.323072334000187  34.5092248243626  74.73179043054773  98.49296705368559  115.47904684322035 
9888288  8.883190805694804  23.316697654924013  34.4986605924164  74.71277002096488  98.4777992683122  115.45555678886883 
9911846  8.882964754188546  23.316432045103987  34.498206240943226  74.71192923122548  98.47722139113745  115.4545363223628 
10513657  8.878013133166073  23.31025608883287  34.4880979110113  74.6938233871688  98.46315728132467  115.43216581843423 
10537215  8.877781879595926  23.309990636347603  34.48764083693609  74.69298572263645  98.46258228753408  115.43115811035287 
11139026  8.87286557847633  23.30399028327459  34.47794816941494  74.6757596459247  98.44957253782164  115.40979133761272 
11162584  8.87262761034967  23.30372067198456  34.47748641551664  74.67492283143129  98.44900607826683  115.40878757763566 
11764395  8.867738938651632  23.297876387616547  34.46816820614292  74.65854513487517  98.43696972414038  115.38834798166461 
11787953  8.867492971775178  23.29760450193509  34.46769822889082  74.65769096088006  98.43640751447413  115.38733638235377 
12389764  8.862626517892394  23.291899178359515  34.458712947202294  74.64212055134612  98.42526405232456  115.36775387498236 
12413322  8.86237170053878  23.291617696270144  34.45823053555405  74.64126623754538  98.42470878975386  115.36673939157583 
13015133  8.857526070836332  23.286038180136067  34.449535109918266  74.62640682109338  98.41437649084098  115.34792864293141 
13038691  8.85725995296412  23.285749962428604  34.44903961414414  74.6255358064208  98.41381810804978  115.34690029247952 
13640502  8.852429482027524  23.28025891143078  34.44057765694046  74.61126457172686  98.40417015086825  115.32876478586451 
13664060  8.85215092547524  23.27996223085274  34.44006657499381  74.6103676286751  98.4036050099676  115.32771281007523 
14265871  8.847326899769888  23.27453148231551  34.43178383780637  74.59655655205066  98.39454166559631  115.31014831061465 
14289429  8.847035051654071  23.2742192470101  34.431254015972  74.59563147795639  98.39396502337334  115.30906858926534 
14891240  8.842213719288226  23.268839986550006  34.423118672602016  74.58219091949927  98.38539054383641  115.29196683427485 
14914798  8.841906189522717  23.268519470148245  34.422566113722375  74.58123433442586  98.38480347640876  115.29085298936153 
15516609  8.837089594836408  23.263181536284293  34.414570346081405  74.5681080866389  98.37665773565986  115.27414621314887 
15540167  8.836765454042661  23.26284059425099  34.413991693485386  74.56711256226043  98.3760481368637  115.27299047930802 
16141978  8.83195852496524  23.257548738773806  34.406132366667585  74.55428406773015  98.36828096404861  115.25663525509437 
16165536  8.831615027719117  23.257193234923214  34.40552309339409  74.55324504049312  98.36764629180227  115.25542983277857 
16767347  8.826824768775522  23.251939891915516  34.397809686092  74.54071061323425  98.36022075379687  115.23940097662228 
16790905  8.826460393233013  23.251568611110223  34.39717013185966  74.53962088305862  98.35955775774357  115.23813728198633 
17392716  8.821693574195058  23.2463547116805  34.38960700624953  74.5273858480194  98.3524483827938  115.22241213731645 
