0  9.214856772281152  24.067593091051194  35.66785721777342  77.22395702884978  101.53676304707331  119.57267631261921 
30627  9.200264602431893  24.047252952681966  35.621909023133206  77.12916757639215  101.45342053224233  119.46884154032504 
73915  9.184803540942273  24.024587477389275  35.5722483551718  77.0266453658095  101.36038868027988  119.35347803989461 
134443  9.168637392092679  23.999756667724306  35.51986913853909  76.91804982318901  101.25793614243952  119.2279653328989 
217703  9.152076446047241  23.973303586771163  35.46598319412371  76.8061931514898  101.1500037012419  119.09530789823752 
334465  9.134813909690454  23.94482561462918  35.410112841145335  76.69115071397404  101.03595053260926  118.95544167102854 
497599  9.117096147130926  23.914747674262536  35.352943948038494  76.57231031383652  100.91503180494074  118.80883630157744 
728338  9.098768032447555  23.883051919102854  35.294645492528325  76.45123863799253  100.79070461642318  118.6561237781038 
1040195  9.080772690393786  23.851625082464672  35.237648381726785  76.33285482178364  100.667884042654  118.50692396745517 
1455512  9.06320358935423  23.820906940161937  35.18230479431801  76.21661124298214  100.54961847212395  118.36062430773443 
2035829  9.04484412657708  23.78891280465222  35.12447981455105  76.09550900487547  100.4258161050136  118.20913754938562 
2882054  9.024866866769793  23.75460082165787  35.06080668203865  75.96037279945608  100.29532505182563  118.04481624835965 
4142080  9.002812811568903  23.717503249247592  34.99218373768494  75.81759789305687  100.15342136577813  117.86996543110723 
5960731  8.978759553973251  23.678872422985222  34.91945768795982  75.66752261566364  100.01303720082959  117.69183227337551 
8832726  8.94888521885482  23.633545920881268  34.8376584198984  75.50559387581191  99.86229254370159  117.49526303303959 
13832726.0  8.90532185795743  23.57476749592639  34.7325560325286  75.30748019309057  99.69306443546424  117.254652571728 
18832726.0  8.864983113070263  23.530284429923977  34.655506356027175  75.17559055616839  99.60005710621476  117.09401637618603 
23832726.0  8.825071363108787  23.49138889768075  34.5920438856708  75.07348369279846  99.54113928830176  116.96862417251178 
28832726.0  8.788794100857238  23.457628719307603  34.53928207477487  74.99220964864834  99.49981870922466  116.86532323012797 
33832726.0  8.755322463923793  23.42860669162686  34.4929387721821  74.92431418610765  99.46836447633775  116.77844432015796 
38832726.0  8.723565660509049  23.403498734152492  34.44904636822955  74.86180947813185  99.44144542225374  116.7018320733783 
41015609.0  8.709556949956298  23.392387566407738  34.430067737745816  74.83484535841274  99.43016613422785  116.66959953455418 
