0  9.590892596172564  23.33566931067407  36.6627300140668  73.62911183634634  95.36204331514477  102.81899049167791 
27054  9.487218404894602  23.350036116757437  36.040996127248526  74.37191428815862  95.48281507577352  102.53265502062479 
89064  9.433865107431892  23.268704928414575  35.874905279755524  73.94848126350352  95.22725398334563  102.19567801191123 
203700  9.379559133008891  23.177714620040064  35.740327177327686  73.43013496801913  94.90231531340139  101.84326411517799 
412477  9.319372966723593  23.075432681447413  35.621639665191935  72.85094432064368  94.51507353777575  101.4726908859073 
793099  9.250446089679446  22.96171617206216  35.507593404354886  72.21110096982456  94.0828448507813  101.08438697272616 
1496358  9.173544452823906  22.839209536466555  35.392498602764334  71.53257687343543  93.61923099890834  100.6908920489977 
2804192  9.091317930927335  22.711961982149504  35.276272514086884  70.84042875796287  93.14494964961774  100.30243034252472 
5198978  9.005993711328493  22.58296527762302  35.15797717135875  70.1568954402876  92.66040773870613  99.92712486670735 
9410632  8.922139893347595  22.459145583523213  35.03767691326384  69.52398501109677  92.19816204701796  99.57291375912712 
15993115  8.842548342530206  22.346407051516614  34.92210429942758  68.97297233169415  91.78203195898777  99.25310242984851 
23931982  8.775863309231884  22.257678360506112  34.82363365323351  68.57058274980177  91.45783058500115  99.00368536014366 
32065994  8.72969037912817  22.200027691720177  34.75893624271737  68.36133309909769  91.26090836267166  98.83529058033155 
40189876  8.704231497440068  22.171733727248057  34.72445601552881  68.34403445732111  91.18183065410491  98.73586491414578 
48428823  8.69364432763803  22.16468883336197  34.71035712429241  68.47131331824953  91.17856009134886  98.68876077651593 
56814058  8.689356621773232  22.172255736677883  34.703483557137595  68.7012406157212  91.20381184442176  98.68931056149755 
65648467  8.683559630454338  22.186293430014075  34.692677474089614  68.9784962918041  91.2139825713027  98.7320832150216 
75558986  8.66976001878511  22.195307776647407  34.6602519668848  69.21941990839115  91.16524078174146  98.79567258061157 
86883619  8.639425633509044  22.187157877933043  34.595925261124435  69.33217383829658  91.03147086576043  98.83642394437453 
99388162  8.59615251696446  22.16072704401077  34.50748705739416  69.3089437957918  90.85740272209623  98.82169896466638 
112153024  8.544739547125925  22.119535972225393  34.40829111003845  69.17701264418135  90.66310800552519  98.74884195372849 
124636647  8.486943731639217  22.066626138793918  34.30117663099663  68.97343568981525  90.45946265724645  98.6315214766682 
136329682  8.423740113324651  22.00472968425575  34.19258647421705  68.72215376036387  90.24680420821386  98.48719195136174 
147083200  8.355624579110504  21.93789478674967  34.07843270638043  68.43406957472484  90.02176170550332  98.32453256142168 
156860566  8.288058821595099  21.87210649079559  33.96772559450699  68.13828319838575  89.79906705381038  98.16009692177441 
165934393  8.225275715848186  21.811647248280472  33.863254645915916  67.8648918081284  89.58891030642913  98.00615241660971 
174450880  8.169026317889307  21.757709642916037  33.76758685477081  67.62940098725194  89.39587474483258  97.86773325545204 
182467163  8.119970696736454  21.711037325160884  33.68089709315559  67.44000701150958  89.22666900679802  97.74711227358675 
190078505  8.078142223980098  21.671650451297342  33.60293329173311  67.29517940853117  89.08244642404142  97.64418435276711 
197333017  8.043121178778668  21.639505171992496  33.5324032703219  67.19149647267814  88.96316649400802  97.55973732242363 
204126632  8.013764804303442  21.613354305801696  33.46939345919188  67.12120672916367  88.86412473841723  97.49104928692836 
210331524  7.988496065786831  21.592367914464983  33.41200389156381  67.07862130815842  88.78095736095428  97.4367569229607 
215940046  7.965945158893999  21.574983046121393  33.359066421205355  67.05966403971685  88.70640950220736  97.3942147993581 
221030743  7.945781602792513  21.56094778163898  33.31037969287696  67.06202268832159  88.64013731811548  97.36347841112774 
225705340  7.927995022224384  21.549110865777205  33.26625351962335  67.07827320940629  88.58286240404809  97.3413209300045 
230057367  7.9116581805676685  21.538658146536804  33.22363985426011  67.10417389596296  88.52868486804576  97.32621189493199 
234125937  7.895926401424487  21.52840603508362  33.18187014755464  67.130519442694  88.47345112025513  97.31426311279064 
237935656  7.880401908565151  21.51818297418765  33.14068586128562  67.1584297782473  88.41632759899075  97.30532487680527 
241526887  7.864359927241109  21.506668268549372  33.100335046864984  67.17758685879225  88.35398094243504  97.29632833285004 
244929766  7.847922113721738  21.493879957913776  33.06004247807213  67.18828673810647  88.28737811667828  97.28474369649935 
248164612  7.830545774920515  21.478991301500933  33.02027578360251  67.18520500919435  88.21322284138013  97.2683426827246 
251261076  7.812174611702876  21.46193495291856  32.979794753074415  67.16832133404306  88.13212395088499  97.24558434582433 
254219983  7.792838261435375  21.44246545961249  32.93914816622062  67.13492723396982  88.0450845245772  97.21432917008168 
257050469  7.772485311278731  21.420812774809033  32.89826076688804  67.08537174433722  87.9524591888848  97.17453666521837 
259778810  7.751123358933016  21.397283555631343  32.85658344593177  67.02227075643556  87.85529608933916  97.12806623645301 
262416660  7.728518529642358  21.371109896323176  32.81455705527051  66.9412186480543  87.75167419385409  97.07113598117964 
264972347  7.705152558705782  21.343254520566873  32.77238524648228  66.84980406078354  87.64563871917325  97.0073122265177 
267466035  7.6805693310555645  21.31348288023795  32.728762061860124  66.74529542046729  87.53506965500577  96.93601841824614 
269917169  7.655026423062987  21.282266185350192  32.68406765039109  66.63047712367258  87.42053182638465  96.85885307252883 
272330086  7.6283540589899275  21.249381563756952  32.63797889492976  66.50452646505506  87.3008027047001  96.77609733468135 
274721457  7.601389133819497  21.21583469437647  32.591577581443815  66.37383695096396  87.18170399063867  96.69086919099762 
277110837  7.573870926696583  21.18149416703318  32.54351754280831  66.23878592678997  87.0606421103911  96.60313603440473 
279506223  7.545815514898844  21.14632943414013  32.49386688487091  66.09957374100976  86.93733391949286  96.51292657352894 
281905370  7.517565980940344  21.110779325961268  32.44289463148788  65.95825585651913  86.81290924448413  96.42224097602764 
284288636  7.489220196005964  21.07484251545959  32.39114344285015  65.81536822220555  86.68698835498304  96.33065984716129 
286615881  7.4614222666328125  21.039676727548116  32.34030357954833  65.67438824730043  86.56393398433367  96.24151443020375 
288869321  7.434665030852061  21.00538429873183  32.290801735112446  65.53843015521292  86.44487659174187  96.15550586127912 
291056585  7.40912776442239  20.97247482031603  32.24261104686728  65.40959866060369  86.33062374153265  96.07363211360722 
293178292  7.3846201262676745  20.940488823670282  32.195656558742286  65.28653579423133  86.21951046516232  95.99492156240959 
295246722  7.361438220099051  20.909841119172416  32.15033479382713  65.17107057222431  86.1140606636381  95.91988683844417 
297257663  7.339976187868825  20.880996212424883  32.10665853721476  65.06507547766543  86.01559175148448  95.84978288151862 
299216128  7.320074194436114  20.853382785063193  32.06541736863848  64.96609405672142  85.92250916531154  95.78288415843149 
301135928  7.301743706123832  20.827592552437057  32.02579410923408  64.87914105976762  85.83831897371884  95.72047765867799 
303023997  7.284601208335775  20.803139676273684  31.98780102692742  64.79823736646803  85.75710887232236  95.66205905750907 
304893282  7.268660926829827  20.779955691104554  31.951304051937754  64.72526086132521  85.68107203083997  95.60691302692794 
306741678  7.253926643029003  20.758084544881797  31.916399321760938  64.66009820414018  85.61006302496003  95.55519111029923 
308573900  7.240542317515207  20.737587977390586  31.883642511768528  64.60322678753379  85.54475638568177  95.50711891930347 
310394471  7.228392283378147  20.71852155568148  31.8528324736341  64.55441218003298  85.48487737367138  95.46270226027634 
